"X_rot","Y_rot","gene","theta","mean_x","mean_y","R11","R12","R21","R22"
-43.1340002946946,0.0438561133689217,"accB-accC",1.44928475777518,-635.48472565534,952.647037912621,0.121212768732263,0.992626548454281,-0.992626548454281,0.121212768732263
5.58453781597983,-2.99554587695161,"accB-accC",1.44928475777518,-635.48472565534,952.647037912621,0.121212768732263,0.992626548454281,-0.992626548454281,0.121212768732263
0.911611522850904,-1.25215943557255,"accB-accC",1.44928475777518,-635.48472565534,952.647037912621,0.121212768732263,0.992626548454281,-0.992626548454281,0.121212768732263
3.45535459934422,0.328227612998857,"accB-accC",1.44928475777518,-635.48472565534,952.647037912621,0.121212768732263,0.992626548454281,-0.992626548454281,0.121212768732263
-9.20085929160342,-2.32335845578813,"accB-accC",1.44928475777518,-635.48472565534,952.647037912621,0.121212768732263,0.992626548454281,-0.992626548454281,0.121212768732263
27.0633364130819,0.0955004503658033,"accB-accC",1.44928475777518,-635.48472565534,952.647037912621,0.121212768732263,0.992626548454281,-0.992626548454281,0.121212768732263
8.72207208416268,3.16634776287035,"aceB-aceA-aceK",1.44928475777518,-635.48472565534,952.647037912621,0.121212768732263,0.992626548454281,-0.992626548454281,0.121212768732263
15.8652018835762,-2.90487959749357,"pdhR-aceE-aceF-lpd",1.44928475777518,-635.48472565534,952.647037912621,0.121212768732263,0.992626548454281,-0.992626548454281,0.121212768732263
22.0860888330523,1.77228820377672,"pdhR-aceE-aceF-lpd",1.44928475777518,-635.48472565534,952.647037912621,0.121212768732263,0.992626548454281,-0.992626548454281,0.121212768732263
18.6528954774527,-3.5930799505597,"pdhR-aceE-aceF-lpd",1.44928475777518,-635.48472565534,952.647037912621,0.121212768732263,0.992626548454281,-0.992626548454281,0.121212768732263
43.0429474259763,8.49275005759958,"pdhR-aceE-aceF-lpd",1.44928475777518,-635.48472565534,952.647037912621,0.121212768732263,0.992626548454281,-0.992626548454281,0.121212768732263
38.343115208533,7.97777322522548,"pdhR-aceE-aceF-lpd",1.44928475777518,-635.48472565534,952.647037912621,0.121212768732263,0.992626548454281,-0.992626548454281,0.121212768732263
5.44045132845965,2.35474914203696,"pdhR-aceE-aceF-lpd",1.44928475777518,-635.48472565534,952.647037912621,0.121212768732263,0.992626548454281,-0.992626548454281,0.121212768732263
-1.93445310427732,-5.55385716881809,"pdhR-aceE-aceF-lpd",1.44928475777518,-635.48472565534,952.647037912621,0.121212768732263,0.992626548454281,-0.992626548454281,0.121212768732263
-49.1602283483212,1.7251472446676,"ackA-pta",1.44928475777518,-635.48472565534,952.647037912621,0.121212768732263,0.992626548454281,-0.992626548454281,0.121212768732263
-42.3361658602579,0.103654756554911,"ackA-pta",1.44928475777518,-635.48472565534,952.647037912621,0.121212768732263,0.992626548454281,-0.992626548454281,0.121212768732263
-32.2375653044641,-2.53582800802659,"ackA-pta",1.44928475777518,-635.48472565534,952.647037912621,0.121212768732263,0.992626548454281,-0.992626548454281,0.121212768732263
-2.97680156126293,-1.49477365566892,"ackA-pta",1.44928475777518,-635.48472565534,952.647037912621,0.121212768732263,0.992626548454281,-0.992626548454281,0.121212768732263
-43.0002970489931,-0.101156590174243,"ackA-pta",1.44928475777518,-635.48472565534,952.647037912621,0.121212768732263,0.992626548454281,-0.992626548454281,0.121212768732263
-3.35559876930338,-3.86990160489201,"ackA-pta",1.44928475777518,-635.48472565534,952.647037912621,0.121212768732263,0.992626548454281,-0.992626548454281,0.121212768732263
-43.2209163229266,-0.130917906829703,"ackA-pta",1.44928475777518,-635.48472565534,952.647037912621,0.121212768732263,0.992626548454281,-0.992626548454281,0.121212768732263
-3.035848234787,-3.06679206804383,"ackA-pta",1.44928475777518,-635.48472565534,952.647037912621,0.121212768732263,0.992626548454281,-0.992626548454281,0.121212768732263
-11.4951644641199,-0.6903768271518,"ackA-pta",1.44928475777518,-635.48472565534,952.647037912621,0.121212768732263,0.992626548454281,-0.992626548454281,0.121212768732263
25.9371913768196,5.25660242788006,"ackA-pta",1.44928475777518,-635.48472565534,952.647037912621,0.121212768732263,0.992626548454281,-0.992626548454281,0.121212768732263
-43.6089432673572,-1.86534040737448,"acnB",1.44928475777518,-635.48472565534,952.647037912621,0.121212768732263,0.992626548454281,-0.992626548454281,0.121212768732263
-25.8510916340942,-1.81918169514179,"acnB",1.44928475777518,-635.48472565534,952.647037912621,0.121212768732263,0.992626548454281,-0.992626548454281,0.121212768732263
-4.87364994589843,1.36162562142896,"adhE",1.44928475777518,-635.48472565534,952.647037912621,0.121212768732263,0.992626548454281,-0.992626548454281,0.121212768732263
1.96494840615281,-0.793298164188935,"aer",1.44928475777518,-635.48472565534,952.647037912621,0.121212768732263,0.992626548454281,-0.992626548454281,0.121212768732263
40.5958972475201,7.97149286559407,"alaS",1.44928475777518,-635.48472565534,952.647037912621,0.121212768732263,0.992626548454281,-0.992626548454281,0.121212768732263
2.29923466381412,1.16143472690858,"ampD-ampE",1.44928475777518,-635.48472565534,952.647037912621,0.121212768732263,0.992626548454281,-0.992626548454281,0.121212768732263
-10.6269729664119,-1.13290388373427,"lptD-surA-pdxA-rsmA-apaG-apaH",1.44928475777518,-635.48472565534,952.647037912621,0.121212768732263,0.992626548454281,-0.992626548454281,0.121212768732263
12.5916159696109,-2.84846403237238,"asnS",1.44928475777518,-635.48472565534,952.647037912621,0.121212768732263,0.992626548454281,-0.992626548454281,0.121212768732263
30.5417133259057,-2.19080380699685,"aspC",1.44928475777518,-635.48472565534,952.647037912621,0.121212768732263,0.992626548454281,-0.992626548454281,0.121212768732263
19.1989711517917,-1.8170229357949,"atpI-atpB-atpE-atpF-atpH-atpA-atpG-atpD-atpC",1.44928475777518,-635.48472565534,952.647037912621,0.121212768732263,0.992626548454281,-0.992626548454281,0.121212768732263
15.4402407199242,-0.986948545060292,"atpI-atpB-atpE-atpF-atpH-atpA-atpG-atpD-atpC",1.44928475777518,-635.48472565534,952.647037912621,0.121212768732263,0.992626548454281,-0.992626548454281,0.121212768732263
39.7783037130801,9.06102369234554,"avtA",1.44928475777518,-635.48472565534,952.647037912621,0.121212768732263,0.992626548454281,-0.992626548454281,0.121212768732263
-8.0718230770955,-2.33582678484881,"bamA-skp-lpxD-fabZ-lpxA-lpxB-rnhB-dnaE",1.44928475777518,-635.48472565534,952.647037912621,0.121212768732263,0.992626548454281,-0.992626548454281,0.121212768732263
-12.2693510466871,-1.18184192039155,"bipA",1.44928475777518,-635.48472565534,952.647037912621,0.121212768732263,0.992626548454281,-0.992626548454281,0.121212768732263
-12.3165815244988,-1.40094238402795,"bipA",1.44928475777518,-635.48472565534,952.647037912621,0.121212768732263,0.992626548454281,-0.992626548454281,0.121212768732263
-43.4142123998351,2.47170243548912,"bipA",1.44928475777518,-635.48472565534,952.647037912621,0.121212768732263,0.992626548454281,-0.992626548454281,0.121212768732263
-12.8512121710431,-5.94337988777801,"bipA",1.44928475777518,-635.48472565534,952.647037912621,0.121212768732263,0.992626548454281,-0.992626548454281,0.121212768732263
-52.4159641378346,2.71208765263669,"cas3",1.44928475777518,-635.48472565534,952.647037912621,0.121212768732263,0.992626548454281,-0.992626548454281,0.121212768732263
-2.76548850422155,-4.85130906616644,"motR-motA-motB-cheA-cheW",1.44928475777518,-635.48472565534,952.647037912621,0.121212768732263,0.992626548454281,-0.992626548454281,0.121212768732263
17.6279369074932,-4.22807008565338,"tar-tap-cheR-cheB-cheY-cheZ",1.44928475777518,-635.48472565534,952.647037912621,0.121212768732263,0.992626548454281,-0.992626548454281,0.121212768732263
-11.013363422919,-6.49255849435235,"chiZ-chiP-chiQ",1.44928475777518,-635.48472565534,952.647037912621,0.121212768732263,0.992626548454281,-0.992626548454281,0.121212768732263
40.8141797519074,5.73556498644,"clpB",1.44928475777518,-635.48472565534,952.647037912621,0.121212768732263,0.992626548454281,-0.992626548454281,0.121212768732263
40.9544199736347,5.28836649559963,"clpB",1.44928475777518,-635.48472565534,952.647037912621,0.121212768732263,0.992626548454281,-0.992626548454281,0.121212768732263
-27.9477969435597,0.0238201337663002,"cmoM-mukF-mukE-mukB",1.44928475777518,-635.48472565534,952.647037912621,0.121212768732263,0.992626548454281,-0.992626548454281,0.121212768732263
13.7713360371333,-4.61388413625277,"cobU-cobS-cobT",1.44928475777518,-635.48472565534,952.647037912621,0.121212768732263,0.992626548454281,-0.992626548454281,0.121212768732263
-34.4518355104079,-4.42965990816172,"cpdB",1.44928475777518,-635.48472565534,952.647037912621,0.121212768732263,0.992626548454281,-0.992626548454281,0.121212768732263
-4.45684026613355,-1.68563051874927,"cusR-cusS",1.44928475777518,-635.48472565534,952.647037912621,0.121212768732263,0.992626548454281,-0.992626548454281,0.121212768732263
28.5202274357247,3.30969394495246,"cvrA",1.44928475777518,-635.48472565534,952.647037912621,0.121212768732263,0.992626548454281,-0.992626548454281,0.121212768732263
19.2625609207841,-3.32611224070019,"cydA-cydB",1.44928475777518,-635.48472565534,952.647037912621,0.121212768732263,0.992626548454281,-0.992626548454281,0.121212768732263
20.1676488420757,0.000152020544290011,"cydD-cydC",1.44928475777518,-635.48472565534,952.647037912621,0.121212768732263,0.992626548454281,-0.992626548454281,0.121212768732263
31.268054187513,1.79157183370549,"cyoA-cyoB-cyoC-cyoD-cyoE",1.44928475777518,-635.48472565534,952.647037912621,0.121212768732263,0.992626548454281,-0.992626548454281,0.121212768732263
-37.5838234125267,3.28606468803665,"cyoA-cyoB-cyoC-cyoD-cyoE",1.44928475777518,-635.48472565534,952.647037912621,0.121212768732263,0.992626548454281,-0.992626548454281,0.121212768732263
-22.6975598224651,-5.88500250570925,"cyoA-cyoB-cyoC-cyoD-cyoE",1.44928475777518,-635.48472565534,952.647037912621,0.121212768732263,0.992626548454281,-0.992626548454281,0.121212768732263
-30.5795169924879,-1.43835924872037,"cyoA-cyoB-cyoC-cyoD-cyoE",1.44928475777518,-635.48472565534,952.647037912621,0.121212768732263,0.992626548454281,-0.992626548454281,0.121212768732263
24.6759210196257,-0.0449806098798486,"cyoA-cyoB-cyoC-cyoD-cyoE",1.44928475777518,-635.48472565534,952.647037912621,0.121212768732263,0.992626548454281,-0.992626548454281,0.121212768732263
-14.7771528108261,2.81510175486595,"cyoA-cyoB-cyoC-cyoD-cyoE",1.44928475777518,-635.48472565534,952.647037912621,0.121212768732263,0.992626548454281,-0.992626548454281,0.121212768732263
18.9019522190272,4.53980634971995,"cyoA-cyoB-cyoC-cyoD-cyoE",1.44928475777518,-635.48472565534,952.647037912621,0.121212768732263,0.992626548454281,-0.992626548454281,0.121212768732263
-2.71690678493887,-4.34413068625315,"cysD-cysN-cysC",1.44928475777518,-635.48472565534,952.647037912621,0.121212768732263,0.992626548454281,-0.992626548454281,0.121212768732263
-15.8133214855633,-4.26535250548296,"dadA-dadX",1.44928475777518,-635.48472565534,952.647037912621,0.121212768732263,0.992626548454281,-0.992626548454281,0.121212768732263
30.6610335376018,3.14658429880746,"dadA-dadX",1.44928475777518,-635.48472565534,952.647037912621,0.121212768732263,0.992626548454281,-0.992626548454281,0.121212768732263
-17.9618121746374,1.46497528379418,"dadA-dadX",1.44928475777518,-635.48472565534,952.647037912621,0.121212768732263,0.992626548454281,-0.992626548454281,0.121212768732263
26.3049132782517,1.85877127430477,"dauA",1.44928475777518,-635.48472565534,952.647037912621,0.121212768732263,0.992626548454281,-0.992626548454281,0.121212768732263
41.6877687133642,6.93389092140953,"aspA-dcuA",1.44928475777518,-635.48472565534,952.647037912621,0.121212768732263,0.992626548454281,-0.992626548454281,0.121212768732263
29.2615787759124,-1.56714393429903,"folC-dedD",1.44928475777518,-635.48472565534,952.647037912621,0.121212768732263,0.992626548454281,-0.992626548454281,0.121212768732263
28.1911977121313,-0.671292267783277,"folC-dedD",1.44928475777518,-635.48472565534,952.647037912621,0.121212768732263,0.992626548454281,-0.992626548454281,0.121212768732263
28.7917167522839,-0.348068416846614,"folC-dedD",1.44928475777518,-635.48472565534,952.647037912621,0.121212768732263,0.992626548454281,-0.992626548454281,0.121212768732263
-51.6442629617632,4.3273376564597,"deoC-deoA-deoB-deoD",1.44928475777518,-635.48472565534,952.647037912621,0.121212768732263,0.992626548454281,-0.992626548454281,0.121212768732263
27.3137354281088,4.00719469624881,"dgcQ",1.44928475777518,-635.48472565534,952.647037912621,0.121212768732263,0.992626548454281,-0.992626548454281,0.121212768732263
17.3185750978825,-4.07428475847803,"dinG-ybiB",1.44928475777518,-635.48472565534,952.647037912621,0.121212768732263,0.992626548454281,-0.992626548454281,0.121212768732263
41.6361177095109,4.89623560750075,"dnaK-dnaJ",1.44928475777518,-635.48472565534,952.647037912621,0.121212768732263,0.992626548454281,-0.992626548454281,0.121212768732263
-23.2709666979451,3.39396124894307,"dnaK-dnaJ",1.44928475777518,-635.48472565534,952.647037912621,0.121212768732263,0.992626548454281,-0.992626548454281,0.121212768732263
-34.6741131821251,-1.36448185834861,"dnaK-dnaJ",1.44928475777518,-635.48472565534,952.647037912621,0.121212768732263,0.992626548454281,-0.992626548454281,0.121212768732263
41.3170044434074,9.05891834443814,"dnaK-dnaJ",1.44928475777518,-635.48472565534,952.647037912621,0.121212768732263,0.992626548454281,-0.992626548454281,0.121212768732263
40.4402282687034,5.65961729516766,"dnaK-dnaJ",1.44928475777518,-635.48472565534,952.647037912621,0.121212768732263,0.992626548454281,-0.992626548454281,0.121212768732263
26.6738817771996,-2.04418327864408,"dnaK-dnaJ",1.44928475777518,-635.48472565534,952.647037912621,0.121212768732263,0.992626548454281,-0.992626548454281,0.121212768732263
17.7987258154514,-2.99494590787637,"dnaK-dnaJ",1.44928475777518,-635.48472565534,952.647037912621,0.121212768732263,0.992626548454281,-0.992626548454281,0.121212768732263
-49.9103595199116,-1.21348610214654,"dnaK-dnaJ",1.44928475777518,-635.48472565534,952.647037912621,0.121212768732263,0.992626548454281,-0.992626548454281,0.121212768732263
-41.1149443094797,0.789086398963511,"dnaK-dnaJ",1.44928475777518,-635.48472565534,952.647037912621,0.121212768732263,0.992626548454281,-0.992626548454281,0.121212768732263
-4.23142852040324,-0.698025680523578,"dnaK-dnaJ",1.44928475777518,-635.48472565534,952.647037912621,0.121212768732263,0.992626548454281,-0.992626548454281,0.121212768732263
-24.1340623983016,-0.474924008560167,"dnaK-dnaJ",1.44928475777518,-635.48472565534,952.647037912621,0.121212768732263,0.992626548454281,-0.992626548454281,0.121212768732263
20.5845306152217,0.837457243995475,"dnaK-dnaJ",1.44928475777518,-635.48472565534,952.647037912621,0.121212768732263,0.992626548454281,-0.992626548454281,0.121212768732263
12.5066179705996,0.640700309037217,"efeO-efeB",1.44928475777518,-635.48472565534,952.647037912621,0.121212768732263,0.992626548454281,-0.992626548454281,0.121212768732263
-0.681628218287527,-5.01049232127565,"ettA",1.44928475777518,-635.48472565534,952.647037912621,0.121212768732263,0.992626548454281,-0.992626548454281,0.121212768732263
-20.3138406558665,4.11441491418533,"epd-pgk-fbaA",1.44928475777518,-635.48472565534,952.647037912621,0.121212768732263,0.992626548454281,-0.992626548454281,0.121212768732263
31.7240792893771,0.433937447550814,"epd-pgk-fbaA",1.44928475777518,-635.48472565534,952.647037912621,0.121212768732263,0.992626548454281,-0.992626548454281,0.121212768732263
6.11543212119033,-1.20621113529612,"fdoG-fdoH-fdoI-fdhE",1.44928475777518,-635.48472565534,952.647037912621,0.121212768732263,0.992626548454281,-0.992626548454281,0.121212768732263
36.9978415523041,-0.229164577576231,"fdoG-fdoH-fdoI-fdhE",1.44928475777518,-635.48472565534,952.647037912621,0.121212768732263,0.992626548454281,-0.992626548454281,0.121212768732263
12.7193957520116,3.36105006012388,"fdoG-fdoH-fdoI-fdhE",1.44928475777518,-635.48472565534,952.647037912621,0.121212768732263,0.992626548454281,-0.992626548454281,0.121212768732263
23.2734582095573,-3.89027006561335,"fecA-fecB-fecC-fecD-fecE",1.44928475777518,-635.48472565534,952.647037912621,0.121212768732263,0.992626548454281,-0.992626548454281,0.121212768732263
10.7941632405779,3.47891637854743,"fecA-fecB-fecC-fecD-fecE",1.44928475777518,-635.48472565534,952.647037912621,0.121212768732263,0.992626548454281,-0.992626548454281,0.121212768732263
18.1566405174467,-4.73680559387161,"feoA-feoB-feoC",1.44928475777518,-635.48472565534,952.647037912621,0.121212768732263,0.992626548454281,-0.992626548454281,0.121212768732263
4.92889719835546,-5.79222909973916,"feoA-feoB-feoC",1.44928475777518,-635.48472565534,952.647037912621,0.121212768732263,0.992626548454281,-0.992626548454281,0.121212768732263
31.8039516417797,7.85523960842,"fiu",1.44928475777518,-635.48472565534,952.647037912621,0.121212768732263,0.992626548454281,-0.992626548454281,0.121212768732263
-46.917470072135,1.09360151307051,"fiu",1.44928475777518,-635.48472565534,952.647037912621,0.121212768732263,0.992626548454281,-0.992626548454281,0.121212768732263
-19.4772095939664,-4.47215739324704,"flgB-flgC-flgD-flgE-flgF-flgG-flgH-flgI-flgJ",1.44928475777518,-635.48472565534,952.647037912621,0.121212768732263,0.992626548454281,-0.992626548454281,0.121212768732263
-16.4666816267425,-7.26113737172723,"flgB-flgC-flgD-flgE-flgF-flgG-flgH-flgI-flgJ",1.44928475777518,-635.48472565534,952.647037912621,0.121212768732263,0.992626548454281,-0.992626548454281,0.121212768732263
25.1211741850231,3.69563097737483,"flgB-flgC-flgD-flgE-flgF-flgG-flgH-flgI-flgJ",1.44928475777518,-635.48472565534,952.647037912621,0.121212768732263,0.992626548454281,-0.992626548454281,0.121212768732263
-14.3618862917528,-4.41552733382594,"flgK-flgL-flgO",1.44928475777518,-635.48472565534,952.647037912621,0.121212768732263,0.992626548454281,-0.992626548454281,0.121212768732263
-49.5772793259599,-1.10148670751837,"fliC-fliX",1.44928475777518,-635.48472565534,952.647037912621,0.121212768732263,0.992626548454281,-0.992626548454281,0.121212768732263
-45.4665672021299,-2.32827154810673,"fliC-fliX",1.44928475777518,-635.48472565534,952.647037912621,0.121212768732263,0.992626548454281,-0.992626548454281,0.121212768732263
2.10247487838114,-4.88983380678221,"fliC-fliX",1.44928475777518,-635.48472565534,952.647037912621,0.121212768732263,0.992626548454281,-0.992626548454281,0.121212768732263
-13.4296299262891,-3.06758698575679,"fliC-fliX",1.44928475777518,-635.48472565534,952.647037912621,0.121212768732263,0.992626548454281,-0.992626548454281,0.121212768732263
-5.75657672538768,-3.79421270215733,"fliC-fliX",1.44928475777518,-635.48472565534,952.647037912621,0.121212768732263,0.992626548454281,-0.992626548454281,0.121212768732263
9.517595501735,1.02665846353402,"fliC-fliX",1.44928475777518,-635.48472565534,952.647037912621,0.121212768732263,0.992626548454281,-0.992626548454281,0.121212768732263
-45.8267674937741,3.76716196087353,"fliC-fliX",1.44928475777518,-635.48472565534,952.647037912621,0.121212768732263,0.992626548454281,-0.992626548454281,0.121212768732263
2.4361141409363,-3.92689226521189,"fliC-fliX",1.44928475777518,-635.48472565534,952.647037912621,0.121212768732263,0.992626548454281,-0.992626548454281,0.121212768732263
-43.7217275545677,3.24396188982415,"fliC-fliX",1.44928475777518,-635.48472565534,952.647037912621,0.121212768732263,0.992626548454281,-0.992626548454281,0.121212768732263
-14.7507629075725,-0.662793544364109,"fliC-fliX",1.44928475777518,-635.48472565534,952.647037912621,0.121212768732263,0.992626548454281,-0.992626548454281,0.121212768732263
42.0418039903472,6.47333865776132,"fliC-fliX",1.44928475777518,-635.48472565534,952.647037912621,0.121212768732263,0.992626548454281,-0.992626548454281,0.121212768732263
8.77633261258688,-5.71324844059829,"fliC-fliX",1.44928475777518,-635.48472565534,952.647037912621,0.121212768732263,0.992626548454281,-0.992626548454281,0.121212768732263
-49.4244307394738,2.97843358745174,"fliC-fliX",1.44928475777518,-635.48472565534,952.647037912621,0.121212768732263,0.992626548454281,-0.992626548454281,0.121212768732263
8.42613038164589,-6.36928467400623,"fliC-fliX",1.44928475777518,-635.48472565534,952.647037912621,0.121212768732263,0.992626548454281,-0.992626548454281,0.121212768732263
-35.0171655805802,3.94009887965644,"fliC-fliX",1.44928475777518,-635.48472565534,952.647037912621,0.121212768732263,0.992626548454281,-0.992626548454281,0.121212768732263
28.4920865484751,-0.193044361082479,"fliC-fliX",1.44928475777518,-635.48472565534,952.647037912621,0.121212768732263,0.992626548454281,-0.992626548454281,0.121212768732263
-24.8242881805954,1.11134811395125,"fliC-fliX",1.44928475777518,-635.48472565534,952.647037912621,0.121212768732263,0.992626548454281,-0.992626548454281,0.121212768732263
4.21628684476421,-3.59043172748735,"fliC-fliX",1.44928475777518,-635.48472565534,952.647037912621,0.121212768732263,0.992626548454281,-0.992626548454281,0.121212768732263
-49.0868049028765,1.16924820917731,"fliC-fliX",1.44928475777518,-635.48472565534,952.647037912621,0.121212768732263,0.992626548454281,-0.992626548454281,0.121212768732263
2.14956645032171,0.00812918583554501,"fliC-fliX",1.44928475777518,-635.48472565534,952.647037912621,0.121212768732263,0.992626548454281,-0.992626548454281,0.121212768732263
32.2056055913191,1.58962599735049,"fliC-fliX",1.44928475777518,-635.48472565534,952.647037912621,0.121212768732263,0.992626548454281,-0.992626548454281,0.121212768732263
42.1970722769909,6.59276977624683,"fliC-fliX",1.44928475777518,-635.48472565534,952.647037912621,0.121212768732263,0.992626548454281,-0.992626548454281,0.121212768732263
-13.1346364974286,-4.37783103650801,"fliC-fliX",1.44928475777518,-635.48472565534,952.647037912621,0.121212768732263,0.992626548454281,-0.992626548454281,0.121212768732263
-16.186566508237,-1.50695566263209,"pcnB-folK",1.44928475777518,-635.48472565534,952.647037912621,0.121212768732263,0.992626548454281,-0.992626548454281,0.121212768732263
-13.9842415970066,-0.0325744843155981,"rlmE-ftsH",1.44928475777518,-635.48472565534,952.647037912621,0.121212768732263,0.992626548454281,-0.992626548454281,0.121212768732263
-3.47508632148299,-5.47149428796544,"ftsP",1.44928475777518,-635.48472565534,952.647037912621,0.121212768732263,0.992626548454281,-0.992626548454281,0.121212768732263
-42.6524889658947,3.71342885148662,"ftsP",1.44928475777518,-635.48472565534,952.647037912621,0.121212768732263,0.992626548454281,-0.992626548454281,0.121212768732263
-9.63897723192859,-4.64252420061218,"gapA-yeaD",1.44928475777518,-635.48472565534,952.647037912621,0.121212768732263,0.992626548454281,-0.992626548454281,0.121212768732263
17.1660160485247,-4.56570029187011,"gapA-yeaD",1.44928475777518,-635.48472565534,952.647037912621,0.121212768732263,0.992626548454281,-0.992626548454281,0.121212768732263
-16.6943850123122,0.070964971816576,"gapA-yeaD",1.44928475777518,-635.48472565534,952.647037912621,0.121212768732263,0.992626548454281,-0.992626548454281,0.121212768732263
0.46942763300548,-1.81296282577382,"gapA-yeaD",1.44928475777518,-635.48472565534,952.647037912621,0.121212768732263,0.992626548454281,-0.992626548454281,0.121212768732263
-53.044083786264,0.593731937734967,"gapA-yeaD",1.44928475777518,-635.48472565534,952.647037912621,0.121212768732263,0.992626548454281,-0.992626548454281,0.121212768732263
2.26999493557951,-2.50877158994782,"gapA-yeaD",1.44928475777518,-635.48472565534,952.647037912621,0.121212768732263,0.992626548454281,-0.992626548454281,0.121212768732263
7.40335995013164,-1.8088815986827,"gapA-yeaD",1.44928475777518,-635.48472565534,952.647037912621,0.121212768732263,0.992626548454281,-0.992626548454281,0.121212768732263
-29.2111979385231,-1.40973041435717,"gatY-gatZ-gatA-gatB-gatC-gatD",1.44928475777518,-635.48472565534,952.647037912621,0.121212768732263,0.992626548454281,-0.992626548454281,0.121212768732263
31.4597097422393,1.10977574370316,"folP-glmM",1.44928475777518,-635.48472565534,952.647037912621,0.121212768732263,0.992626548454281,-0.992626548454281,0.121212768732263
-6.02270031140364,1.91113784698219,"glnA-glnL-glnG",1.44928475777518,-635.48472565534,952.647037912621,0.121212768732263,0.992626548454281,-0.992626548454281,0.121212768732263
33.977733731601,8.34121305581466,"glnA-glnL-glnG",1.44928475777518,-635.48472565534,952.647037912621,0.121212768732263,0.992626548454281,-0.992626548454281,0.121212768732263
-5.81135305429894,-0.362458418719904,"glnS",1.44928475777518,-635.48472565534,952.647037912621,0.121212768732263,0.992626548454281,-0.992626548454281,0.121212768732263
5.1967176635903,-3.24171978275924,"glpA-glpB-glpC",1.44928475777518,-635.48472565534,952.647037912621,0.121212768732263,0.992626548454281,-0.992626548454281,0.121212768732263
-17.2297006573522,-3.6471373671025,"glpD",1.44928475777518,-635.48472565534,952.647037912621,0.121212768732263,0.992626548454281,-0.992626548454281,0.121212768732263
-25.1926136081869,-2.02603094338145,"glpD",1.44928475777518,-635.48472565534,952.647037912621,0.121212768732263,0.992626548454281,-0.992626548454281,0.121212768732263
38.978436727894,4.63178079254774,"glpT-glpQ",1.44928475777518,-635.48472565534,952.647037912621,0.121212768732263,0.992626548454281,-0.992626548454281,0.121212768732263
-25.1234310636141,2.78392081058937,"glpT-glpQ",1.44928475777518,-635.48472565534,952.647037912621,0.121212768732263,0.992626548454281,-0.992626548454281,0.121212768732263
31.3274977901801,-3.449668877052,"glpT-glpQ",1.44928475777518,-635.48472565534,952.647037912621,0.121212768732263,0.992626548454281,-0.992626548454281,0.121212768732263
35.9949829869934,11.024716102975,"gltA",1.44928475777518,-635.48472565534,952.647037912621,0.121212768732263,0.992626548454281,-0.992626548454281,0.121212768732263
33.2177266836445,0.372936798388779,"gltB-gltD-gltF",1.44928475777518,-635.48472565534,952.647037912621,0.121212768732263,0.992626548454281,-0.992626548454281,0.121212768732263
9.10850687272123,0.737680936359961,"glyQ-glyS",1.44928475777518,-635.48472565534,952.647037912621,0.121212768732263,0.992626548454281,-0.992626548454281,0.121212768732263
38.5650509264262,1.53423354042315,"glyQ-glyS",1.44928475777518,-635.48472565534,952.647037912621,0.121212768732263,0.992626548454281,-0.992626548454281,0.121212768732263
-5.77836668351299,-3.44417292195386,"gnd",1.44928475777518,-635.48472565534,952.647037912621,0.121212768732263,0.992626548454281,-0.992626548454281,0.121212768732263
-13.1092580741902,-3.8959618081546,"gnd",1.44928475777518,-635.48472565534,952.647037912621,0.121212768732263,0.992626548454281,-0.992626548454281,0.121212768732263
38.7911930918753,4.08780348266207,"gor",1.44928475777518,-635.48472565534,952.647037912621,0.121212768732263,0.992626548454281,-0.992626548454281,0.121212768732263
-10.1613324251288,-3.08284006443697,"gor",1.44928475777518,-635.48472565534,952.647037912621,0.121212768732263,0.992626548454281,-0.992626548454281,0.121212768732263
-7.50390833583257,2.99589492502656,"groS-groL",1.44928475777518,-635.48472565534,952.647037912621,0.121212768732263,0.992626548454281,-0.992626548454281,0.121212768732263
-50.9506926989277,4.25839891183521,"groS-groL",1.44928475777518,-635.48472565534,952.647037912621,0.121212768732263,0.992626548454281,-0.992626548454281,0.121212768732263
-2.75856825250295,-4.26448331203146,"groS-groL",1.44928475777518,-635.48472565534,952.647037912621,0.121212768732263,0.992626548454281,-0.992626548454281,0.121212768732263
-23.7768718545473,-4.7642148318377,"groS-groL",1.44928475777518,-635.48472565534,952.647037912621,0.121212768732263,0.992626548454281,-0.992626548454281,0.121212768732263
-7.77863938146328,-0.49791744186819,"groS-groL",1.44928475777518,-635.48472565534,952.647037912621,0.121212768732263,0.992626548454281,-0.992626548454281,0.121212768732263
-10.5151466799688,-0.27492282819724,"groS-groL",1.44928475777518,-635.48472565534,952.647037912621,0.121212768732263,0.992626548454281,-0.992626548454281,0.121212768732263
6.74525447953526,0.690879482315083,"groS-groL",1.44928475777518,-635.48472565534,952.647037912621,0.121212768732263,0.992626548454281,-0.992626548454281,0.121212768732263
31.6192025891143,0.845308275201382,"gyrA",1.44928475777518,-635.48472565534,952.647037912621,0.121212768732263,0.992626548454281,-0.992626548454281,0.121212768732263
37.5181302418227,1.25242548757643,"gyrB",1.44928475777518,-635.48472565534,952.647037912621,0.121212768732263,0.992626548454281,-0.992626548454281,0.121212768732263
6.11863482099182,-3.39161691077911,"gyrB",1.44928475777518,-635.48472565534,952.647037912621,0.121212768732263,0.992626548454281,-0.992626548454281,0.121212768732263
-11.474650958404,-5.51298963015425,"gyrB",1.44928475777518,-635.48472565534,952.647037912621,0.121212768732263,0.992626548454281,-0.992626548454281,0.121212768732263
8.9062641081224,-0.417712708147092,"gyrB",1.44928475777518,-635.48472565534,952.647037912621,0.121212768732263,0.992626548454281,-0.992626548454281,0.121212768732263
-48.3333915320404,0.0131974455664323,"helD",1.44928475777518,-635.48472565534,952.647037912621,0.121212768732263,0.992626548454281,-0.992626548454281,0.121212768732263
-15.4331385543744,-3.61013828949518,"hemL",1.44928475777518,-635.48472565534,952.647037912621,0.121212768732263,0.992626548454281,-0.992626548454281,0.121212768732263
-16.1758379577899,-0.382564582177798,"yjeV-nnr-tsaE-amiB-mutL-miaA-hfq-hflX-hflK-hflC",1.44928475777518,-635.48472565534,952.647037912621,0.121212768732263,0.992626548454281,-0.992626548454281,0.121212768732263
14.0697316734104,5.35771029335829,"hsdR-hsdM-hsdS",1.44928475777518,-635.48472565534,952.647037912621,0.121212768732263,0.992626548454281,-0.992626548454281,0.121212768732263
4.4159952635037,-6.65335886192671,"hslV-hslU",1.44928475777518,-635.48472565534,952.647037912621,0.121212768732263,0.992626548454281,-0.992626548454281,0.121212768732263
-47.5337546150229,0.0761377374511515,"htpG",1.44928475777518,-635.48472565534,952.647037912621,0.121212768732263,0.992626548454281,-0.992626548454281,0.121212768732263
-23.7872318171581,2.47853346201285,"icd",1.44928475777518,-635.48472565534,952.647037912621,0.121212768732263,0.992626548454281,-0.992626548454281,0.121212768732263
45.7708144004798,7.90375947277436,"icd",1.44928475777518,-635.48472565534,952.647037912621,0.121212768732263,0.992626548454281,-0.992626548454281,0.121212768732263
-33.4350150284694,-2.65313919282779,"katG",1.44928475777518,-635.48472565534,952.647037912621,0.121212768732263,0.992626548454281,-0.992626548454281,0.121212768732263
8.37382368859686,1.84866977584705,"kdpF-kdpA-kdpB-kdpC",1.44928475777518,-635.48472565534,952.647037912621,0.121212768732263,0.992626548454281,-0.992626548454281,0.121212768732263
-6.06905836077248,0.682358313111769,"lapA-lapB-pyrF-yciH",1.44928475777518,-635.48472565534,952.647037912621,0.121212768732263,0.992626548454281,-0.992626548454281,0.121212768732263
-37.7779525573488,-1.70088729188362,"maeA",1.44928475777518,-635.48472565534,952.647037912621,0.121212768732263,0.992626548454281,-0.992626548454281,0.121212768732263
27.1534645242702,4.03598006375988,"maeA",1.44928475777518,-635.48472565534,952.647037912621,0.121212768732263,0.992626548454281,-0.992626548454281,0.121212768732263
-13.1385605582447,-6.49769741480797,"mepK-gloC",1.44928475777518,-635.48472565534,952.647037912621,0.121212768732263,0.992626548454281,-0.992626548454281,0.121212768732263
-3.78213138663822,-0.600546371998375,"metK",1.44928475777518,-635.48472565534,952.647037912621,0.121212768732263,0.992626548454281,-0.992626548454281,0.121212768732263
-41.4563447032301,3.14348435121097,"metK",1.44928475777518,-635.48472565534,952.647037912621,0.121212768732263,0.992626548454281,-0.992626548454281,0.121212768732263
-11.1681213256195,1.39453799558312,"mlaF-mlaE-mlaD-mlaC-mlaB",1.44928475777518,-635.48472565534,952.647037912621,0.121212768732263,0.992626548454281,-0.992626548454281,0.121212768732263
-40.6511885841302,0.274485126903588,"mnmE",1.44928475777518,-635.48472565534,952.647037912621,0.121212768732263,0.992626548454281,-0.992626548454281,0.121212768732263
35.2959690567938,7.44217096613619,"mntH",1.44928475777518,-635.48472565534,952.647037912621,0.121212768732263,0.992626548454281,-0.992626548454281,0.121212768732263
-22.3472540484274,-2.53075861815785,"mpl",1.44928475777518,-635.48472565534,952.647037912621,0.121212768732263,0.992626548454281,-0.992626548454281,0.121212768732263
-11.6409050874223,4.12310955700048,"mrcA",1.44928475777518,-635.48472565534,952.647037912621,0.121212768732263,0.992626548454281,-0.992626548454281,0.121212768732263
-33.1323032308759,3.37147554715329,"mrcA",1.44928475777518,-635.48472565534,952.647037912621,0.121212768732263,0.992626548454281,-0.992626548454281,0.121212768732263
24.6395261441748,-1.8528221656144,"mrcA",1.44928475777518,-635.48472565534,952.647037912621,0.121212768732263,0.992626548454281,-0.992626548454281,0.121212768732263
-46.3172201151858,-0.718864659215829,"mreB-mreC-mreD",1.44928475777518,-635.48472565534,952.647037912621,0.121212768732263,0.992626548454281,-0.992626548454281,0.121212768732263
8.41680800951439,-1.41251617217175,"mreB-mreC-mreD",1.44928475777518,-635.48472565534,952.647037912621,0.121212768732263,0.992626548454281,-0.992626548454281,0.121212768732263
-11.9711740844927,1.84854534845985,"mscK",1.44928475777518,-635.48472565534,952.647037912621,0.121212768732263,0.992626548454281,-0.992626548454281,0.121212768732263
41.9732302958003,9.47160421619941,"mtlA-mtlD-mtlR",1.44928475777518,-635.48472565534,952.647037912621,0.121212768732263,0.992626548454281,-0.992626548454281,0.121212768732263
-17.5447407230826,-5.19675024117285,"ndh",1.44928475777518,-635.48472565534,952.647037912621,0.121212768732263,0.992626548454281,-0.992626548454281,0.121212768732263
-12.1531952562547,-6.89740578866815,"nhaA-nhaR",1.44928475777518,-635.48472565534,952.647037912621,0.121212768732263,0.992626548454281,-0.992626548454281,0.121212768732263
29.0277111467319,-0.655167261339884,"nrdA-nrdB-yfaE",1.44928475777518,-635.48472565534,952.647037912621,0.121212768732263,0.992626548454281,-0.992626548454281,0.121212768732263
-6.6147578596249,-2.65610341986529,"ompA",1.44928475777518,-635.48472565534,952.647037912621,0.121212768732263,0.992626548454281,-0.992626548454281,0.121212768732263
-12.096216062894,-4.90742616454537,"ompA",1.44928475777518,-635.48472565534,952.647037912621,0.121212768732263,0.992626548454281,-0.992626548454281,0.121212768732263
30.9199784545569,4.81608168723996,"ompA",1.44928475777518,-635.48472565534,952.647037912621,0.121212768732263,0.992626548454281,-0.992626548454281,0.121212768732263
27.1978036379532,-2.37021121046054,"ompA",1.44928475777518,-635.48472565534,952.647037912621,0.121212768732263,0.992626548454281,-0.992626548454281,0.121212768732263
-13.4901758185672,-3.84556228416175,"ompA",1.44928475777518,-635.48472565534,952.647037912621,0.121212768732263,0.992626548454281,-0.992626548454281,0.121212768732263
2.51549732804186,-1.57109968688397,"ompA",1.44928475777518,-635.48472565534,952.647037912621,0.121212768732263,0.992626548454281,-0.992626548454281,0.121212768732263
34.5608693139428,6.3721477265006,"ompA",1.44928475777518,-635.48472565534,952.647037912621,0.121212768732263,0.992626548454281,-0.992626548454281,0.121212768732263
37.8105017309332,5.97424072110214,"ompA",1.44928475777518,-635.48472565534,952.647037912621,0.121212768732263,0.992626548454281,-0.992626548454281,0.121212768732263
11.0505638993112,2.58990029528395,"ompA",1.44928475777518,-635.48472565534,952.647037912621,0.121212768732263,0.992626548454281,-0.992626548454281,0.121212768732263
43.826608279439,8.64238307117008,"ompA",1.44928475777518,-635.48472565534,952.647037912621,0.121212768732263,0.992626548454281,-0.992626548454281,0.121212768732263
-1.36904459932593,1.41909226632255,"ompA",1.44928475777518,-635.48472565534,952.647037912621,0.121212768732263,0.992626548454281,-0.992626548454281,0.121212768732263
-16.721263343698,-4.32518784493153,"ompC",1.44928475777518,-635.48472565534,952.647037912621,0.121212768732263,0.992626548454281,-0.992626548454281,0.121212768732263
-26.8460283657748,-3.21350168196435,"ompC",1.44928475777518,-635.48472565534,952.647037912621,0.121212768732263,0.992626548454281,-0.992626548454281,0.121212768732263
-49.3055199611453,-0.127625282450232,"ompC",1.44928475777518,-635.48472565534,952.647037912621,0.121212768732263,0.992626548454281,-0.992626548454281,0.121212768732263
2.04503892071454,-1.58512869522272,"ompC",1.44928475777518,-635.48472565534,952.647037912621,0.121212768732263,0.992626548454281,-0.992626548454281,0.121212768732263
-44.8251026278809,4.05278254212661,"ompC",1.44928475777518,-635.48472565534,952.647037912621,0.121212768732263,0.992626548454281,-0.992626548454281,0.121212768732263
-49.2896925397104,0.982730356626998,"ompC",1.44928475777518,-635.48472565534,952.647037912621,0.121212768732263,0.992626548454281,-0.992626548454281,0.121212768732263
36.4991664724513,7.7444023446445,"ompC",1.44928475777518,-635.48472565534,952.647037912621,0.121212768732263,0.992626548454281,-0.992626548454281,0.121212768732263
-1.89557575253281,1.42551734240573,"ompC",1.44928475777518,-635.48472565534,952.647037912621,0.121212768732263,0.992626548454281,-0.992626548454281,0.121212768732263
7.44510038080581,-1.93578786270121,"ompC",1.44928475777518,-635.48472565534,952.647037912621,0.121212768732263,0.992626548454281,-0.992626548454281,0.121212768732263
-4.15942537052576,-1.26704360546778,"ompC",1.44928475777518,-635.48472565534,952.647037912621,0.121212768732263,0.992626548454281,-0.992626548454281,0.121212768732263
23.7376479606454,3.17740884733852,"ompC",1.44928475777518,-635.48472565534,952.647037912621,0.121212768732263,0.992626548454281,-0.992626548454281,0.121212768732263
-47.385071065125,2.83172829566005,"ompF",1.44928475777518,-635.48472565534,952.647037912621,0.121212768732263,0.992626548454281,-0.992626548454281,0.121212768732263
32.8889585238947,-0.860811080731837,"yhfG-fic-pabA",1.44928475777518,-635.48472565534,952.647037912621,0.121212768732263,0.992626548454281,-0.992626548454281,0.121212768732263
27.108719246266,4.13428118326682,"yhfG-fic-pabA",1.44928475777518,-635.48472565534,952.647037912621,0.121212768732263,0.992626548454281,-0.992626548454281,0.121212768732263
7.97946443321964,-6.4709861814506,"yhfG-fic-pabA",1.44928475777518,-635.48472565534,952.647037912621,0.121212768732263,0.992626548454281,-0.992626548454281,0.121212768732263
-32.4372241123063,1.97926259687292,"yhfG-fic-pabA",1.44928475777518,-635.48472565534,952.647037912621,0.121212768732263,0.992626548454281,-0.992626548454281,0.121212768732263
2.73353451956692,-8.3008321514558,"yhfG-fic-pabA",1.44928475777518,-635.48472565534,952.647037912621,0.121212768732263,0.992626548454281,-0.992626548454281,0.121212768732263
39.6460524163403,7.1530246076994,"panB-panC",1.44928475777518,-635.48472565534,952.647037912621,0.121212768732263,0.992626548454281,-0.992626548454281,0.121212768732263
-41.0875448224529,1.61575295242422,"nudF-yqiB-cpdA-yqiA-parE",1.44928475777518,-635.48472565534,952.647037912621,0.121212768732263,0.992626548454281,-0.992626548454281,0.121212768732263
-9.94835883981505,-3.74410071989633,"pck",1.44928475777518,-635.48472565534,952.647037912621,0.121212768732263,0.992626548454281,-0.992626548454281,0.121212768732263
-0.158023795814054,-0.493176570703667,"pck",1.44928475777518,-635.48472565534,952.647037912621,0.121212768732263,0.992626548454281,-0.992626548454281,0.121212768732263
10.3404075281794,-5.91852619515131,"pdeK",1.44928475777518,-635.48472565534,952.647037912621,0.121212768732263,0.992626548454281,-0.992626548454281,0.121212768732263
37.0295356301043,2.70154660625482,"pdeR",1.44928475777518,-635.48472565534,952.647037912621,0.121212768732263,0.992626548454281,-0.992626548454281,0.121212768732263
-36.1521939612313,4.10261726851355,"focA-pflB",1.44928475777518,-635.48472565534,952.647037912621,0.121212768732263,0.992626548454281,-0.992626548454281,0.121212768732263
-30.3228189659537,-6.51996313019059,"focA-pflB",1.44928475777518,-635.48472565534,952.647037912621,0.121212768732263,0.992626548454281,-0.992626548454281,0.121212768732263
-2.85337616954613,-2.29465077740673,"focA-pflB",1.44928475777518,-635.48472565534,952.647037912621,0.121212768732263,0.992626548454281,-0.992626548454281,0.121212768732263
36.8874226279713,3.73332848951535,"rluD-pgeF",1.44928475777518,-635.48472565534,952.647037912621,0.121212768732263,0.992626548454281,-0.992626548454281,0.121212768732263
41.8292002140141,2.65341232365632,"pgi",1.44928475777518,-635.48472565534,952.647037912621,0.121212768732263,0.992626548454281,-0.992626548454281,0.121212768732263
-38.2246095898412,4.68097855109877,"pstS-pstC-pstA-pstB-phoU",1.44928475777518,-635.48472565534,952.647037912621,0.121212768732263,0.992626548454281,-0.992626548454281,0.121212768732263
9.40684923381161,-4.8775900888425,"pitA",1.44928475777518,-635.48472565534,952.647037912621,0.121212768732263,0.992626548454281,-0.992626548454281,0.121212768732263
25.2713092944811,3.17317698044483,"pitA",1.44928475777518,-635.48472565534,952.647037912621,0.121212768732263,0.992626548454281,-0.992626548454281,0.121212768732263
-20.4367458458507,0.0929652717336176,"ppsA",1.44928475777518,-635.48472565534,952.647037912621,0.121212768732263,0.992626548454281,-0.992626548454281,0.121212768732263
27.8112807742411,4.09978626466665,"prfC",1.44928475777518,-635.48472565534,952.647037912621,0.121212768732263,0.992626548454281,-0.992626548454281,0.121212768732263
-2.83700465750782,-1.23330052645577,"prfC",1.44928475777518,-635.48472565534,952.647037912621,0.121212768732263,0.992626548454281,-0.992626548454281,0.121212768732263
-7.85046128837368,0.892549365570131,"proS",1.44928475777518,-635.48472565534,952.647037912621,0.121212768732263,0.992626548454281,-0.992626548454281,0.121212768732263
12.1350631882911,-1.99833567884614,"proS",1.44928475777518,-635.48472565534,952.647037912621,0.121212768732263,0.992626548454281,-0.992626548454281,0.121212768732263
27.1456018252994,0.911760724330429,"proS",1.44928475777518,-635.48472565534,952.647037912621,0.121212768732263,0.992626548454281,-0.992626548454281,0.121212768732263
15.5399210855649,0.746817830408349,"proS",1.44928475777518,-635.48472565534,952.647037912621,0.121212768732263,0.992626548454281,-0.992626548454281,0.121212768732263
4.96589884857138,-5.02555096317764,"proS",1.44928475777518,-635.48472565534,952.647037912621,0.121212768732263,0.992626548454281,-0.992626548454281,0.121212768732263
-48.2357336908921,-1.43811636921046,"lolB-ispE-prs",1.44928475777518,-635.48472565534,952.647037912621,0.121212768732263,0.992626548454281,-0.992626548454281,0.121212768732263
14.992425790908,2.94838757773153,"ptsH-ptsI-crr",1.44928475777518,-635.48472565534,952.647037912621,0.121212768732263,0.992626548454281,-0.992626548454281,0.121212768732263
29.0298667324241,4.9475453531576,"ptsH-ptsI-crr",1.44928475777518,-635.48472565534,952.647037912621,0.121212768732263,0.992626548454281,-0.992626548454281,0.121212768732263
40.5338279148376,4.68604417318676,"ptsH-ptsI-crr",1.44928475777518,-635.48472565534,952.647037912621,0.121212768732263,0.992626548454281,-0.992626548454281,0.121212768732263
22.1215632228837,0.820137515825427,"hflD-purB",1.44928475777518,-635.48472565534,952.647037912621,0.121212768732263,0.992626548454281,-0.992626548454281,0.121212768732263
-45.5553541369727,-0.843838261393881,"pykF",1.44928475777518,-635.48472565534,952.647037912621,0.121212768732263,0.992626548454281,-0.992626548454281,0.121212768732263
37.1944482953337,2.32042595233145,"dnaA-dnaN-recF",1.44928475777518,-635.48472565534,952.647037912621,0.121212768732263,0.992626548454281,-0.992626548454281,0.121212768732263
42.994980250555,4.63650196499944,"rhoL-rho",1.44928475777518,-635.48472565534,952.647037912621,0.121212768732263,0.992626548454281,-0.992626548454281,0.121212768732263
12.0952870357324,-5.17636006525155,"rhoL-rho",1.44928475777518,-635.48472565534,952.647037912621,0.121212768732263,0.992626548454281,-0.992626548454281,0.121212768732263
-10.2518100187425,-7.26836889811542,"rhoL-rho",1.44928475777518,-635.48472565534,952.647037912621,0.121212768732263,0.992626548454281,-0.992626548454281,0.121212768732263
9.3121147231164,-1.15408805938374,"rhoL-rho",1.44928475777518,-635.48472565534,952.647037912621,0.121212768732263,0.992626548454281,-0.992626548454281,0.121212768732263
-22.282232802453,-4.17721729619138,"rlhA",1.44928475777518,-635.48472565534,952.647037912621,0.121212768732263,0.992626548454281,-0.992626548454281,0.121212768732263
-24.1446875569161,-1.28682845152398,"rlhA",1.44928475777518,-635.48472565534,952.647037912621,0.121212768732263,0.992626548454281,-0.992626548454281,0.121212768732263
25.8676465555368,-1.34928548691473,"rne",1.44928475777518,-635.48472565534,952.647037912621,0.121212768732263,0.992626548454281,-0.992626548454281,0.121212768732263
6.44362573639819,-4.33297491977634,"thrS-infC-rpmI-rplT-pheM-pheS-pheT-ihfA",1.44928475777518,-635.48472565534,952.647037912621,0.121212768732263,0.992626548454281,-0.992626548454281,0.121212768732263
15.541329132432,-5.20963108378572,"thrS-infC-rpmI-rplT-pheM-pheS-pheT-ihfA",1.44928475777518,-635.48472565534,952.647037912621,0.121212768732263,0.992626548454281,-0.992626548454281,0.121212768732263
-24.9760898357015,-2.15413002982903,"thrS-infC-rpmI-rplT-pheM-pheS-pheT-ihfA",1.44928475777518,-635.48472565534,952.647037912621,0.121212768732263,0.992626548454281,-0.992626548454281,0.121212768732263
-27.9903027249304,-1.71978852363076,"thrS-infC-rpmI-rplT-pheM-pheS-pheT-ihfA",1.44928475777518,-635.48472565534,952.647037912621,0.121212768732263,0.992626548454281,-0.992626548454281,0.121212768732263
37.1602094813325,5.81796470339855,"thrS-infC-rpmI-rplT-pheM-pheS-pheT-ihfA",1.44928475777518,-635.48472565534,952.647037912621,0.121212768732263,0.992626548454281,-0.992626548454281,0.121212768732263
-26.8699799687297,-3.12988840361758,"thrS-infC-rpmI-rplT-pheM-pheS-pheT-ihfA",1.44928475777518,-635.48472565534,952.647037912621,0.121212768732263,0.992626548454281,-0.992626548454281,0.121212768732263
-20.8152549930125,3.22735641120787,"thrS-infC-rpmI-rplT-pheM-pheS-pheT-ihfA",1.44928475777518,-635.48472565534,952.647037912621,0.121212768732263,0.992626548454281,-0.992626548454281,0.121212768732263
-7.02187221144646,0.370908649179166,"thrS-infC-rpmI-rplT-pheM-pheS-pheT-ihfA",1.44928475777518,-635.48472565534,952.647037912621,0.121212768732263,0.992626548454281,-0.992626548454281,0.121212768732263
40.5186385626104,3.4323590431885,"thrS-infC-rpmI-rplT-pheM-pheS-pheT-ihfA",1.44928475777518,-635.48472565534,952.647037912621,0.121212768732263,0.992626548454281,-0.992626548454281,0.121212768732263
-13.0429408210259,-2.11337952620162,"thrS-infC-rpmI-rplT-pheM-pheS-pheT-ihfA",1.44928475777518,-635.48472565534,952.647037912621,0.121212768732263,0.992626548454281,-0.992626548454281,0.121212768732263
-14.8591220451983,0.748115211896645,"thrS-infC-rpmI-rplT-pheM-pheS-pheT-ihfA",1.44928475777518,-635.48472565534,952.647037912621,0.121212768732263,0.992626548454281,-0.992626548454281,0.121212768732263
18.2981574069419,-2.44095358633989,"nlpD-rpoS",1.44928475777518,-635.48472565534,952.647037912621,0.121212768732263,0.992626548454281,-0.992626548454281,0.121212768732263
-24.2267175698043,-2.57691391919107,"nlpD-rpoS",1.44928475777518,-635.48472565534,952.647037912621,0.121212768732263,0.992626548454281,-0.992626548454281,0.121212768732263
43.6037957081825,6.88769725163139,"nlpD-rpoS",1.44928475777518,-635.48472565534,952.647037912621,0.121212768732263,0.992626548454281,-0.992626548454281,0.121212768732263
11.807171416513,-1.65535137016695,"rpoZ-spoT-trmH-recG",1.44928475777518,-635.48472565534,952.647037912621,0.121212768732263,0.992626548454281,-0.992626548454281,0.121212768732263
37.474475465575,3.38663042799582,"cmk-rpsA-ihfB",1.44928475777518,-635.48472565534,952.647037912621,0.121212768732263,0.992626548454281,-0.992626548454281,0.121212768732263
36.0080427898429,6.96315136705726,"cmk-rpsA-ihfB",1.44928475777518,-635.48472565534,952.647037912621,0.121212768732263,0.992626548454281,-0.992626548454281,0.121212768732263
-3.90342792903305,-2.32229428656166,"cmk-rpsA-ihfB",1.44928475777518,-635.48472565534,952.647037912621,0.121212768732263,0.992626548454281,-0.992626548454281,0.121212768732263
-5.202079178707,-4.32970897509027,"cmk-rpsA-ihfB",1.44928475777518,-635.48472565534,952.647037912621,0.121212768732263,0.992626548454281,-0.992626548454281,0.121212768732263
-5.68432294631834,-2.74004174305713,"cmk-rpsA-ihfB",1.44928475777518,-635.48472565534,952.647037912621,0.121212768732263,0.992626548454281,-0.992626548454281,0.121212768732263
-42.4484869760369,0.874967238335326,"cmk-rpsA-ihfB",1.44928475777518,-635.48472565534,952.647037912621,0.121212768732263,0.992626548454281,-0.992626548454281,0.121212768732263
-16.367715695541,-0.742073435136284,"cmk-rpsA-ihfB",1.44928475777518,-635.48472565534,952.647037912621,0.121212768732263,0.992626548454281,-0.992626548454281,0.121212768732263
16.2296429100164,-3.65318226510018,"cmk-rpsA-ihfB",1.44928475777518,-635.48472565534,952.647037912621,0.121212768732263,0.992626548454281,-0.992626548454281,0.121212768732263
4.78175572323826,-4.88261754863595,"cmk-rpsA-ihfB",1.44928475777518,-635.48472565534,952.647037912621,0.121212768732263,0.992626548454281,-0.992626548454281,0.121212768732263
-13.3169873456138,0.496294843305278,"cmk-rpsA-ihfB",1.44928475777518,-635.48472565534,952.647037912621,0.121212768732263,0.992626548454281,-0.992626548454281,0.121212768732263
-28.5505578386576,1.40252362014064,"cmk-rpsA-ihfB",1.44928475777518,-635.48472565534,952.647037912621,0.121212768732263,0.992626548454281,-0.992626548454281,0.121212768732263
3.61813847726511,-4.7144226397541,"cmk-rpsA-ihfB",1.44928475777518,-635.48472565534,952.647037912621,0.121212768732263,0.992626548454281,-0.992626548454281,0.121212768732263
28.5533191173749,4.00906183455389,"cmk-rpsA-ihfB",1.44928475777518,-635.48472565534,952.647037912621,0.121212768732263,0.992626548454281,-0.992626548454281,0.121212768732263
-51.082696847015,-0.343997221320616,"cmk-rpsA-ihfB",1.44928475777518,-635.48472565534,952.647037912621,0.121212768732263,0.992626548454281,-0.992626548454281,0.121212768732263
-21.6830647011809,0.385089476222886,"cmk-rpsA-ihfB",1.44928475777518,-635.48472565534,952.647037912621,0.121212768732263,0.992626548454281,-0.992626548454281,0.121212768732263
-23.5497170358419,0.220574334048809,"cmk-rpsA-ihfB",1.44928475777518,-635.48472565534,952.647037912621,0.121212768732263,0.992626548454281,-0.992626548454281,0.121212768732263
8.38969004863054,-2.92318203684787,"cmk-rpsA-ihfB",1.44928475777518,-635.48472565534,952.647037912621,0.121212768732263,0.992626548454281,-0.992626548454281,0.121212768732263
-52.9553157418468,1.92235832042893,"cmk-rpsA-ihfB",1.44928475777518,-635.48472565534,952.647037912621,0.121212768732263,0.992626548454281,-0.992626548454281,0.121212768732263
-5.34595167761502,-2.08504725459476,"cmk-rpsA-ihfB",1.44928475777518,-635.48472565534,952.647037912621,0.121212768732263,0.992626548454281,-0.992626548454281,0.121212768732263
-7.89846122483523,-6.06755886038436,"cmk-rpsA-ihfB",1.44928475777518,-635.48472565534,952.647037912621,0.121212768732263,0.992626548454281,-0.992626548454281,0.121212768732263
1.01776464499287,-1.06587879041715,"cmk-rpsA-ihfB",1.44928475777518,-635.48472565534,952.647037912621,0.121212768732263,0.992626548454281,-0.992626548454281,0.121212768732263
9.43012415088145,-2.76727859213517,"cmk-rpsA-ihfB",1.44928475777518,-635.48472565534,952.647037912621,0.121212768732263,0.992626548454281,-0.992626548454281,0.121212768732263
17.8767308475672,0.138140962267019,"cmk-rpsA-ihfB",1.44928475777518,-635.48472565534,952.647037912621,0.121212768732263,0.992626548454281,-0.992626548454281,0.121212768732263
25.9473469308021,-0.639894120895582,"cmk-rpsA-ihfB",1.44928475777518,-635.48472565534,952.647037912621,0.121212768732263,0.992626548454281,-0.992626548454281,0.121212768732263
22.6153537510273,7.75381637803965,"cmk-rpsA-ihfB",1.44928475777518,-635.48472565534,952.647037912621,0.121212768732263,0.992626548454281,-0.992626548454281,0.121212768732263
-13.4608500144444,-2.11067551874656,"cmk-rpsA-ihfB",1.44928475777518,-635.48472565534,952.647037912621,0.121212768732263,0.992626548454281,-0.992626548454281,0.121212768732263
-3.83608411981827,-5.9716396280387,"cmk-rpsA-ihfB",1.44928475777518,-635.48472565534,952.647037912621,0.121212768732263,0.992626548454281,-0.992626548454281,0.121212768732263
4.26992982038633,2.52627170247109,"cmk-rpsA-ihfB",1.44928475777518,-635.48472565534,952.647037912621,0.121212768732263,0.992626548454281,-0.992626548454281,0.121212768732263
-8.82556335581129,-0.416205496380392,"cmk-rpsA-ihfB",1.44928475777518,-635.48472565534,952.647037912621,0.121212768732263,0.992626548454281,-0.992626548454281,0.121212768732263
-8.4101198710055,0.346253513227696,"cmk-rpsA-ihfB",1.44928475777518,-635.48472565534,952.647037912621,0.121212768732263,0.992626548454281,-0.992626548454281,0.121212768732263
-31.0742913635347,-0.0382082747696086,"cmk-rpsA-ihfB",1.44928475777518,-635.48472565534,952.647037912621,0.121212768732263,0.992626548454281,-0.992626548454281,0.121212768732263
4.19707240837165,-2.08858698307006,"cmk-rpsA-ihfB",1.44928475777518,-635.48472565534,952.647037912621,0.121212768732263,0.992626548454281,-0.992626548454281,0.121212768732263
-23.8854944085317,-0.743585355727547,"cmk-rpsA-ihfB",1.44928475777518,-635.48472565534,952.647037912621,0.121212768732263,0.992626548454281,-0.992626548454281,0.121212768732263
-17.3116237746345,-1.51807898616158,"cmk-rpsA-ihfB",1.44928475777518,-635.48472565534,952.647037912621,0.121212768732263,0.992626548454281,-0.992626548454281,0.121212768732263
27.2038116658828,4.90448667158241,"cmk-rpsA-ihfB",1.44928475777518,-635.48472565534,952.647037912621,0.121212768732263,0.992626548454281,-0.992626548454281,0.121212768732263
-13.1019027007951,-0.801412735336073,"cmk-rpsA-ihfB",1.44928475777518,-635.48472565534,952.647037912621,0.121212768732263,0.992626548454281,-0.992626548454281,0.121212768732263
7.04718998340481,2.8576545315537,"cmk-rpsA-ihfB",1.44928475777518,-635.48472565534,952.647037912621,0.121212768732263,0.992626548454281,-0.992626548454281,0.121212768732263
7.72553684011487,0.366208273957213,"rsmB",1.44928475777518,-635.48472565534,952.647037912621,0.121212768732263,0.992626548454281,-0.992626548454281,0.121212768732263
37.8348346644758,4.42033251649497,"nudB-yebC-ruvC",1.44928475777518,-635.48472565534,952.647037912621,0.121212768732263,0.992626548454281,-0.992626548454281,0.121212768732263
13.9442936183533,-0.132939440365636,"sdaA",1.44928475777518,-635.48472565534,952.647037912621,0.121212768732263,0.992626548454281,-0.992626548454281,0.121212768732263
-47.9810380144677,-2.05824650056249,"sdaC-sdaB",1.44928475777518,-635.48472565534,952.647037912621,0.121212768732263,0.992626548454281,-0.992626548454281,0.121212768732263
-10.9020985796415,0.892682945272434,"sdaC-sdaB",1.44928475777518,-635.48472565534,952.647037912621,0.121212768732263,0.992626548454281,-0.992626548454281,0.121212768732263
30.4649161639499,3.21234726902494,"sdaC-sdaB",1.44928475777518,-635.48472565534,952.647037912621,0.121212768732263,0.992626548454281,-0.992626548454281,0.121212768732263
22.5110240775434,0.872531468603717,"selA-selB",1.44928475777518,-635.48472565534,952.647037912621,0.121212768732263,0.992626548454281,-0.992626548454281,0.121212768732263
-8.31729958839103,-1.39041069269562,"serC-aroA",1.44928475777518,-635.48472565534,952.647037912621,0.121212768732263,0.992626548454281,-0.992626548454281,0.121212768732263
40.86595497523,4.88422347925855,"serS",1.44928475777518,-635.48472565534,952.647037912621,0.121212768732263,0.992626548454281,-0.992626548454281,0.121212768732263
15.7758091269217,4.60657016986545,"speA-speB",1.44928475777518,-635.48472565534,952.647037912621,0.121212768732263,0.992626548454281,-0.992626548454281,0.121212768732263
-15.8434705472976,2.86118018676481,"yacC-speE-speD",1.44928475777518,-635.48472565534,952.647037912621,0.121212768732263,0.992626548454281,-0.992626548454281,0.121212768732263
-9.04755603197459,-6.23031388981698,"yacC-speE-speD",1.44928475777518,-635.48472565534,952.647037912621,0.121212768732263,0.992626548454281,-0.992626548454281,0.121212768732263
-40.9008230574083,1.60671940613196,"srkA-dsbA",1.44928475777518,-635.48472565534,952.647037912621,0.121212768732263,0.992626548454281,-0.992626548454281,0.121212768732263
4.67313884182039,-7.2867702046815,"srkA-dsbA",1.44928475777518,-635.48472565534,952.647037912621,0.121212768732263,0.992626548454281,-0.992626548454281,0.121212768732263
-48.3178325318291,-1.15890907557933,"sspA-sspB",1.44928475777518,-635.48472565534,952.647037912621,0.121212768732263,0.992626548454281,-0.992626548454281,0.121212768732263
-1.40477267760918,-3.7390719065613,"sspA-sspB",1.44928475777518,-635.48472565534,952.647037912621,0.121212768732263,0.992626548454281,-0.992626548454281,0.121212768732263
34.3722184996785,-0.827837906212721,"tatA-tatB-tatC-tatD",1.44928475777518,-635.48472565534,952.647037912621,0.121212768732263,0.992626548454281,-0.992626548454281,0.121212768732263
14.0100771054748,1.76291333683567,"tatA-tatB-tatC-tatD",1.44928475777518,-635.48472565534,952.647037912621,0.121212768732263,0.992626548454281,-0.992626548454281,0.121212768732263
-36.9325182637292,-3.38941010149329,"tatA-tatB-tatC-tatD",1.44928475777518,-635.48472565534,952.647037912621,0.121212768732263,0.992626548454281,-0.992626548454281,0.121212768732263
9.90212237202571,1.0869526060724,"fliA-fliZ-tcyJ",1.44928475777518,-635.48472565534,952.647037912621,0.121212768732263,0.992626548454281,-0.992626548454281,0.121212768732263
-3.07953543108884,-3.98092784995991,"fliA-fliZ-tcyJ",1.44928475777518,-635.48472565534,952.647037912621,0.121212768732263,0.992626548454281,-0.992626548454281,0.121212768732263
24.2498835498161,1.15156084929253,"kbl-tdh",1.44928475777518,-635.48472565534,952.647037912621,0.121212768732263,0.992626548454281,-0.992626548454281,0.121212768732263
14.6916967765268,-3.93445492442627,"tff-rpsB-tsf",1.44928475777518,-635.48472565534,952.647037912621,0.121212768732263,0.992626548454281,-0.992626548454281,0.121212768732263
36.1034710239498,5.09020843356062,"tff-rpsB-tsf",1.44928475777518,-635.48472565534,952.647037912621,0.121212768732263,0.992626548454281,-0.992626548454281,0.121212768732263
21.7015435517361,1.1886026282161,"tff-rpsB-tsf",1.44928475777518,-635.48472565534,952.647037912621,0.121212768732263,0.992626548454281,-0.992626548454281,0.121212768732263
30.779637652198,4.57358253426559,"tff-rpsB-tsf",1.44928475777518,-635.48472565534,952.647037912621,0.121212768732263,0.992626548454281,-0.992626548454281,0.121212768732263
2.50906264054339,-0.688542157996096,"tff-rpsB-tsf",1.44928475777518,-635.48472565534,952.647037912621,0.121212768732263,0.992626548454281,-0.992626548454281,0.121212768732263
-12.5256292290818,0.244480813118804,"tff-rpsB-tsf",1.44928475777518,-635.48472565534,952.647037912621,0.121212768732263,0.992626548454281,-0.992626548454281,0.121212768732263
-22.7767960809436,1.35311294154924,"tff-rpsB-tsf",1.44928475777518,-635.48472565534,952.647037912621,0.121212768732263,0.992626548454281,-0.992626548454281,0.121212768732263
-11.775779959143,-6.86219863731882,"tff-rpsB-tsf",1.44928475777518,-635.48472565534,952.647037912621,0.121212768732263,0.992626548454281,-0.992626548454281,0.121212768732263
38.7745759250425,2.17624448219496,"tff-rpsB-tsf",1.44928475777518,-635.48472565534,952.647037912621,0.121212768732263,0.992626548454281,-0.992626548454281,0.121212768732263
-11.7879557405966,0.345672390269431,"tff-rpsB-tsf",1.44928475777518,-635.48472565534,952.647037912621,0.121212768732263,0.992626548454281,-0.992626548454281,0.121212768732263
-7.21223012445148,-0.084865791258522,"tff-rpsB-tsf",1.44928475777518,-635.48472565534,952.647037912621,0.121212768732263,0.992626548454281,-0.992626548454281,0.121212768732263
-41.5500876464914,2.41296506091891,"tff-rpsB-tsf",1.44928475777518,-635.48472565534,952.647037912621,0.121212768732263,0.992626548454281,-0.992626548454281,0.121212768732263
-48.1804857428985,1.96094318848229,"tff-rpsB-tsf",1.44928475777518,-635.48472565534,952.647037912621,0.121212768732263,0.992626548454281,-0.992626548454281,0.121212768732263
12.3456970807583,-3.2076207665505,"tff-rpsB-tsf",1.44928475777518,-635.48472565534,952.647037912621,0.121212768732263,0.992626548454281,-0.992626548454281,0.121212768732263
12.4216022815558,-3.19694134278702,"tff-rpsB-tsf",1.44928475777518,-635.48472565534,952.647037912621,0.121212768732263,0.992626548454281,-0.992626548454281,0.121212768732263
-12.22709877184,0.188634738063509,"tff-rpsB-tsf",1.44928475777518,-635.48472565534,952.647037912621,0.121212768732263,0.992626548454281,-0.992626548454281,0.121212768732263
42.2300884854367,8.64665599278369,"tff-rpsB-tsf",1.44928475777518,-635.48472565534,952.647037912621,0.121212768732263,0.992626548454281,-0.992626548454281,0.121212768732263
42.0124644047085,8.98366207342203,"tff-rpsB-tsf",1.44928475777518,-635.48472565534,952.647037912621,0.121212768732263,0.992626548454281,-0.992626548454281,0.121212768732263
-13.6648564333559,-3.52164743467649,"tff-rpsB-tsf",1.44928475777518,-635.48472565534,952.647037912621,0.121212768732263,0.992626548454281,-0.992626548454281,0.121212768732263
-8.02161026110925,-1.07310976765509,"tff-rpsB-tsf",1.44928475777518,-635.48472565534,952.647037912621,0.121212768732263,0.992626548454281,-0.992626548454281,0.121212768732263
-6.05406881702526,-0.395572835885287,"tff-rpsB-tsf",1.44928475777518,-635.48472565534,952.647037912621,0.121212768732263,0.992626548454281,-0.992626548454281,0.121212768732263
-15.9493604906919,-0.833074433897926,"tff-rpsB-tsf",1.44928475777518,-635.48472565534,952.647037912621,0.121212768732263,0.992626548454281,-0.992626548454281,0.121212768732263
38.541890942066,5.83179410921384,"tff-rpsB-tsf",1.44928475777518,-635.48472565534,952.647037912621,0.121212768732263,0.992626548454281,-0.992626548454281,0.121212768732263
42.4185295931979,3.92568762972445,"tff-rpsB-tsf",1.44928475777518,-635.48472565534,952.647037912621,0.121212768732263,0.992626548454281,-0.992626548454281,0.121212768732263
-10.1962955169984,-4.97079880993612,"tff-rpsB-tsf",1.44928475777518,-635.48472565534,952.647037912621,0.121212768732263,0.992626548454281,-0.992626548454281,0.121212768732263
31.9606828578892,7.03176558727732,"tff-rpsB-tsf",1.44928475777518,-635.48472565534,952.647037912621,0.121212768732263,0.992626548454281,-0.992626548454281,0.121212768732263
6.01522481119709,1.80525737636454,"tff-rpsB-tsf",1.44928475777518,-635.48472565534,952.647037912621,0.121212768732263,0.992626548454281,-0.992626548454281,0.121212768732263
6.8427627932957,-0.295232312537542,"tgt-yajC-secD-secF",1.44928475777518,-635.48472565534,952.647037912621,0.121212768732263,0.992626548454281,-0.992626548454281,0.121212768732263
-4.92718490143848,-5.9524535068096,"tgt-yajC-secD-secF",1.44928475777518,-635.48472565534,952.647037912621,0.121212768732263,0.992626548454281,-0.992626548454281,0.121212768732263
20.7791702702198,2.04397626502333,"tig",1.44928475777518,-635.48472565534,952.647037912621,0.121212768732263,0.992626548454281,-0.992626548454281,0.121212768732263
-23.7893274824114,1.09460511199355,"tig",1.44928475777518,-635.48472565534,952.647037912621,0.121212768732263,0.992626548454281,-0.992626548454281,0.121212768732263
10.1589586185837,-4.83810367677867,"tktA",1.44928475777518,-635.48472565534,952.647037912621,0.121212768732263,0.992626548454281,-0.992626548454281,0.121212768732263
30.8249982451156,0.270189960701103,"tktA",1.44928475777518,-635.48472565534,952.647037912621,0.121212768732263,0.992626548454281,-0.992626548454281,0.121212768732263
38.8896248116445,4.32155824334787,"tktA",1.44928475777518,-635.48472565534,952.647037912621,0.121212768732263,0.992626548454281,-0.992626548454281,0.121212768732263
3.28380844377222,-0.066274816028534,"tolB-pal-cpoB",1.44928475777518,-635.48472565534,952.647037912621,0.121212768732263,0.992626548454281,-0.992626548454281,0.121212768732263
1.0909009379376,4.07716827044604,"tolB-pal-cpoB",1.44928475777518,-635.48472565534,952.647037912621,0.121212768732263,0.992626548454281,-0.992626548454281,0.121212768732263
9.21866334697014,-2.90008961731445,"treB-treC",1.44928475777518,-635.48472565534,952.647037912621,0.121212768732263,0.992626548454281,-0.992626548454281,0.121212768732263
6.02599644069864,-1.91945092075049,"trkA",1.44928475777518,-635.48472565534,952.647037912621,0.121212768732263,0.992626548454281,-0.992626548454281,0.121212768732263
-49.7950746061914,-0.454777799655682,"tsr",1.44928475777518,-635.48472565534,952.647037912621,0.121212768732263,0.992626548454281,-0.992626548454281,0.121212768732263
-50.3065605675279,1.83470496100343,"tsr",1.44928475777518,-635.48472565534,952.647037912621,0.121212768732263,0.992626548454281,-0.992626548454281,0.121212768732263
13.095232946069,-1.39353134862949,"tsr",1.44928475777518,-635.48472565534,952.647037912621,0.121212768732263,0.992626548454281,-0.992626548454281,0.121212768732263
-21.2632839356185,-4.1137396333748,"tsr",1.44928475777518,-635.48472565534,952.647037912621,0.121212768732263,0.992626548454281,-0.992626548454281,0.121212768732263
43.8789187200421,2.71326570490009,"tsr",1.44928475777518,-635.48472565534,952.647037912621,0.121212768732263,0.992626548454281,-0.992626548454281,0.121212768732263
-13.4829993349174,-3.93898122272568,"tsr",1.44928475777518,-635.48472565534,952.647037912621,0.121212768732263,0.992626548454281,-0.992626548454281,0.121212768732263
-15.8426041240779,-1.94045944887122,"tsr",1.44928475777518,-635.48472565534,952.647037912621,0.121212768732263,0.992626548454281,-0.992626548454281,0.121212768732263
24.902602888584,2.21245119108012,"tsr",1.44928475777518,-635.48472565534,952.647037912621,0.121212768732263,0.992626548454281,-0.992626548454281,0.121212768732263
35.8874360680418,6.8524157889606,"tyrB",1.44928475777518,-635.48472565534,952.647037912621,0.121212768732263,0.992626548454281,-0.992626548454281,0.121212768732263
-37.1088676447318,3.43090335255125,"ubiC-ubiA",1.44928475777518,-635.48472565534,952.647037912621,0.121212768732263,0.992626548454281,-0.992626548454281,0.121212768732263
11.902931408895,-0.456252539228028,"ugpB-ugpA-ugpE-ugpC-ugpQ",1.44928475777518,-635.48472565534,952.647037912621,0.121212768732263,0.992626548454281,-0.992626548454281,0.121212768732263
42.186382055767,6.933586984102,"ravA-viaA",1.44928475777518,-635.48472565534,952.647037912621,0.121212768732263,0.992626548454281,-0.992626548454281,0.121212768732263
-5.57659283674216,-5.3676177828114,"wza-wzb-wzc-wcaA-wcaB",1.44928475777518,-635.48472565534,952.647037912621,0.121212768732263,0.992626548454281,-0.992626548454281,0.121212768732263
-2.03736347339834,-2.29560666739453,"wza-wzb-wzc-wcaA-wcaB",1.44928475777518,-635.48472565534,952.647037912621,0.121212768732263,0.992626548454281,-0.992626548454281,0.121212768732263
-7.71801699688953,-8.19533577589997,"wza-wzb-wzc-wcaA-wcaB",1.44928475777518,-635.48472565534,952.647037912621,0.121212768732263,0.992626548454281,-0.992626548454281,0.121212768732263
-16.3232167960227,-6.74615037068112,"xanQ-guaD-ghxQ",1.44928475777518,-635.48472565534,952.647037912621,0.121212768732263,0.992626548454281,-0.992626548454281,0.121212768732263
3.08050426012328,-4.19088045887615,"xdhA-xdhB-xdhC",1.44928475777518,-635.48472565534,952.647037912621,0.121212768732263,0.992626548454281,-0.992626548454281,0.121212768732263
-17.9713641761031,0.471693544473508,"yahI-yahJ",1.44928475777518,-635.48472565534,952.647037912621,0.121212768732263,0.992626548454281,-0.992626548454281,0.121212768732263
-32.442025008438,-0.473403950988145,"yajR",1.44928475777518,-635.48472565534,952.647037912621,0.121212768732263,0.992626548454281,-0.992626548454281,0.121212768732263
13.277869203884,1.64666322523119,"ybgC-tolQ-tolR-tolA",1.44928475777518,-635.48472565534,952.647037912621,0.121212768732263,0.992626548454281,-0.992626548454281,0.121212768732263
4.31794245658636,-0.235472137345453,"ybgI-pxpB-pxpC-pxpA-nei",1.44928475777518,-635.48472565534,952.647037912621,0.121212768732263,0.992626548454281,-0.992626548454281,0.121212768732263
16.9973320343799,0.968207049373693,"ybjC-nfsA-rimK-ybjN",1.44928475777518,-635.48472565534,952.647037912621,0.121212768732263,0.992626548454281,-0.992626548454281,0.121212768732263
23.1558544113678,-0.318891762737633,"ychQ-ychA-kdsA",1.44928475777518,-635.48472565534,952.647037912621,0.121212768732263,0.992626548454281,-0.992626548454281,0.121212768732263
-18.5516184064038,-2.70440951939552,"pth-ychF",1.44928475777518,-635.48472565534,952.647037912621,0.121212768732263,0.992626548454281,-0.992626548454281,0.121212768732263
23.3039465585445,-1.34477540689262,"yobA-yebZ-yebY",1.44928475777518,-635.48472565534,952.647037912621,0.121212768732263,0.992626548454281,-0.992626548454281,0.121212768732263
-17.9493401883797,-0.358760177274283,"osmF-yehY-yehX-yehW",1.44928475777518,-635.48472565534,952.647037912621,0.121212768732263,0.992626548454281,-0.992626548454281,0.121212768732263
-40.1942046582443,0.864568363982924,"osmF-yehY-yehX-yehW",1.44928475777518,-635.48472565534,952.647037912621,0.121212768732263,0.992626548454281,-0.992626548454281,0.121212768732263
34.5425626307201,2.59788941193735,"yeiR-lpxT",1.44928475777518,-635.48472565534,952.647037912621,0.121212768732263,0.992626548454281,-0.992626548454281,0.121212768732263
-26.6718640038966,0.916259859172379,"yeiR-lpxT",1.44928475777518,-635.48472565534,952.647037912621,0.121212768732263,0.992626548454281,-0.992626548454281,0.121212768732263
43.6508264567185,8.80759424634024,"yffB-dapE-ypfN",1.44928475777518,-635.48472565534,952.647037912621,0.121212768732263,0.992626548454281,-0.992626548454281,0.121212768732263
10.6470140959077,-1.57332241463359,"yhjJ",1.44928475777518,-635.48472565534,952.647037912621,0.121212768732263,0.992626548454281,-0.992626548454281,0.121212768732263
-19.1383375952036,3.58529948786338,"yhjJ",1.44928475777518,-635.48472565534,952.647037912621,0.121212768732263,0.992626548454281,-0.992626548454281,0.121212768732263
7.68697505216105,1.38984180511462,"yphC-yphB",1.44928475777518,-635.48472565534,952.647037912621,0.121212768732263,0.992626548454281,-0.992626548454281,0.121212768732263
-51.1896225792071,1.17842753984001,"yqcC-truC-yqcA",1.44928475777518,-635.48472565534,952.647037912621,0.121212768732263,0.992626548454281,-0.992626548454281,0.121212768732263
9.99635357901057,2.67971881604495,"yqeG",1.44928475777518,-635.48472565534,952.647037912621,0.121212768732263,0.992626548454281,-0.992626548454281,0.121212768732263
5.51952891368712,2.98426606763523,"yrfG-hslR-hslO",1.44928475777518,-635.48472565534,952.647037912621,0.121212768732263,0.992626548454281,-0.992626548454281,0.121212768732263
-17.2366424248143,0.432965643896616,"yrfG-hslR-hslO",1.44928475777518,-635.48472565534,952.647037912621,0.121212768732263,0.992626548454281,-0.992626548454281,0.121212768732263
-3.59003870489444,-7.85288706891269,"zwf",1.44928475777518,-635.48472565534,952.647037912621,0.121212768732263,0.992626548454281,-0.992626548454281,0.121212768732263
10.9006309505001,-4.00365072150211,"zwf",1.44928475777518,-635.48472565534,952.647037912621,0.121212768732263,0.992626548454281,-0.992626548454281,0.121212768732263
