"X","Y"
20127,8457
20009,8284
20099,8414
20120,8313
20046,8443
20069,8250
20108,8464
20002,8293
20011,8433
20119,8304
20029,8434
20034,8498
20052,8277
20126,8386
20075,8284
20059,8429
20084,8486
20068,8309
20158,8435
20109,8459
20024,8435
20132,8316
20042,8446
20114,8461
20141,8442
20074,8367
20023,8442
20081,8279
20064,8312
20154,8438
20050,8263
20124,8308
20034,8438
20006,8304
20066,8391
20084,8346
20015,8322
20107,8293
20017,8423
20040,8256
20114,8401
20049,8342
20139,8468
20056,8256
20146,8446
20164,8417
20095,8481
20129,8335
20039,8478
20078,8410
20032,8296
20080,8484
20027,8495
19990,8337
20066,8459
20031,8305
20089,8410
20112,8303
20038,8429
20047,8273
20121,8407
20139,8400
20070,8402
20072,8333
20146,8450
20003,8343
20111,8286
20021,8412
20044,8275
20104,8328
20053,8427
20060,8307
20150,8437
20009,8461
20048,8485
20133,8340
20103,8278
20013,8404
20052,8484
20063,8420
20121,8467
19978,8332
20144,8348
20019,8258
20093,8407
20132,8483
20026,8336
20028,8332
20035,8258
20143,8365
20125,8412
20058,8417
20076,8320
20007,8344
20009,8393
20099,8267
20085,8318
20108,8331
20041,8440
20025,8265
20115,8395
20011,8298
20119,8453
20124,8459
20135,8325
19994,8273
20068,8440
20091,8265
20001,8353
20024,8318
20100,8371
20118,8374
20033,8432
20051,8337
20148,8359
20058,8485
20023,8271
20081,8396
20083,8416
20067,8241
20016,8423
20000,8278
20039,8271
20113,8393
20131,8374
20062,8436
20064,8435
20117,8311
20073,8299
20163,8425
20022,8252
20096,8382
20045,8437
20066,8282
20079,8234
20123,8382
20056,8395
20146,8309
20095,8362
20005,8382
20044,8450
20065,8323
20155,8449
19991,8319
20014,8388
20106,8365
20016,8483
20037,8429
20055,8322
20113,8469
20078,8289
20136,8370
20048,8276
20138,8410
20122,8301
20087,8429
20145,8324
20020,8410
20004,8265
20027,8376
20105,8316
20054,8265
20128,8395
20077,8296
19987,8320
20121,8284
20047,8410
20070,8265
19980,8353
20019,8467
20093,8488
20111,8483
20012,8402
20030,8369
20088,8344
20053,8304
20127,8355
20060,8390
20120,8339
20069,8336
20002,8395
20110,8344
20025,8474
20043,8343
20011,8475
20029,8280
20119,8410
20052,8367
20126,8312
20059,8247
20008,8397
20144,8471
20109,8305
20042,8276
20132,8406
20102,8336
20125,8273
20035,8399
20058,8308
20085,8387
20018,8380
20092,8347
20108,8254
20041,8293
20115,8276
20025,8406
20101,8297
20050,8429
20124,8350
20142,8421
19999,8356
20057,8357
20098,8343
20008,8457
20084,8252
20017,8269
20107,8399
20040,8378
20130,8484
20114,8311
20010,8356
20033,8269
20097,8262
20083,8301
19993,8341
20067,8378
20090,8441
20039,8384
20062,8291
20064,8462
20117,8444
20032,8370
20140,8371
20073,8400
20147,8419
20022,8331
20080,8334
20045,8298
20031,8363
20112,8329
20130,8424
20061,8362
20079,8383
20021,8306
20111,8432
20044,8373
20014,8275
20037,8274
20055,8471
20060,8469
20048,8399
20122,8432
20087,8294
19997,8346
20071,8375
20094,8428
20027,8245
20013,8314
20103,8440
20105,8425
20036,8365
20054,8388
20077,8413
20151,8428
20137,8344
20019,8348
20042,8455
20026,8310
20116,8436
20134,8447
20012,8261
20088,8483
20127,8468
20076,8234
20009,8295
20099,8421
20046,8348
20085,8468
20002,8286
20115,8485
20011,8340
20119,8303
20029,8429
20034,8495
20052,8242
20126,8423
20075,8307
19985,8335
20059,8320
20082,8419
20135,8303
20068,8274
20109,8422
20024,8408
20042,8411
20114,8486
20102,8463
20051,8299
20141,8341
20148,8313
20023,8337
20097,8471
20064,8285
20101,8414
20050,8288
20034,8339
20057,8242
20006,8277
20084,8327
20015,8425
20107,8312
20017,8442
20024,8468
20114,8426
19989,8308
20049,8361
20123,8280
20056,8293
20074,8460
20146,8411
20095,8460
20097,8403
20055,8292
20129,8418
20136,8300
19981,8316
20022,8454
20027,8450
19990,8330
20156,8422
20031,8284
20089,8253
20038,8326
20077,8462
20061,8255
20047,8316
20121,8442
20139,8439
20072,8338
20021,8391
20030,8303
20104,8429
20053,8406
20060,8296
20150,8430
20152,8441
20009,8464
20071,8488
20043,8305
20133,8447
20103,8301
20013,8431
20052,8449
20063,8323
20144,8433
20019,8297
20093,8242
20132,8456
20116,8319
20026,8445
20028,8425
20102,8254
20035,8297
20143,8328
20125,8439
20076,8349
20007,8439
20099,8302
20009,8428
20018,8290
20108,8416
20041,8387
20115,8366
20124,8480
20098,8253
20135,8416
19994,8314
20068,8389
20091,8364
20001,8324
20024,8291
20010,8282
20118,8363
20100,8408
20033,8427
20051,8436
20074,8255
20023,8298
20016,8444
20000,8267
20039,8298
20131,8349
20041,8479
20113,8428
20062,8473
20064,8424
20117,8274
20022,8273
20096,8403
20045,8400
20066,8375
20015,8306
20123,8405
19998,8297
20056,8432
20095,8369
20005,8345
20044,8479
19991,8282
20014,8361
20106,8374
20090,8467
20037,8456
20129,8319
20055,8441
20078,8266
19988,8374
20136,8407
20048,8297
20138,8423
20087,8456
20145,8351
20020,8391
20004,8278
20096,8479
20027,8351
20105,8263
20128,8352
19987,8295
20047,8385
20070,8354
20072,8477
20093,8451
20003,8295
20065,8482
20012,8431
20030,8346
20088,8317
20053,8283
20127,8398
20060,8419
20152,8452
20099,8479
20046,8250
20120,8376
20002,8356
20110,8381
20043,8426
20029,8243
20119,8369
20052,8340
20059,8234
20149,8356
20008,8402
20109,8268
20042,8241
20132,8371
20028,8316
20102,8373
20035,8402
20058,8337
20148,8467
20007,8296
20085,8430
20018,8345
20092,8304
20041,8264
20025,8377
20101,8308
20034,8249
20124,8379
20142,8398
19983,8304
20006,8371
20098,8368
20082,8461
20135,8469
20107,8354
20091,8249
20040,8351
20130,8449
20010,8385
20100,8259
20118,8486
20033,8288
20097,8313
20083,8336
19993,8376
20067,8321
20016,8311
20090,8418
20000,8390
20113,8281
20039,8415
20062,8324
20117,8423
20140,8392
20073,8443
19981,8354
20147,8326
20057,8452
20022,8364
20080,8291
20045,8261
19992,8303
20031,8374
20038,8236
20112,8366
20130,8389
20079,8346
20111,8351
20095,8250
20044,8338
20065,8435
20037,8317
20048,8420
20122,8349
20087,8349
20032,8467
19997,8373
20071,8338
20020,8266
20094,8433
20103,8343
20105,8396
20054,8377
20077,8440
20151,8331
20137,8355
19996,8290
20019,8323
20026,8275
20116,8401
20134,8400
20012,8290
20030,8449
20088,8456
20035,8451
20099,8328
20046,8321
20069,8416
20110,8456
20115,8456
20011,8363
20029,8392
20119,8266
20126,8328
20075,8342
19985,8354
20059,8359
20008,8285
20082,8444
19994,8336
20017,8465
20001,8290
20109,8385
20042,8356
20118,8305
20102,8480
20051,8270
20141,8368
19984,8309
20023,8332
20097,8458
20131,8311
20101,8441
20050,8317
20034,8332
20057,8405
20084,8364
20015,8404
20107,8287
20017,8413
20114,8327
19989,8287
20123,8319
19998,8327
20005,8319
20097,8438
20106,8300
20090,8297
20055,8259
20129,8389
20078,8480
20136,8305
20080,8478
20031,8251
20015,8456
20038,8347
20061,8410
20139,8330
20049,8456
20070,8456
20072,8375
20003,8385
20111,8288
20021,8418
20030,8304
20104,8434
20127,8288
20129,8449
19986,8330
20150,8451
20071,8455
20110,8283
20094,8316
20043,8276
20133,8410
20013,8330
20036,8253
20063,8366
20086,8389
20144,8406
20132,8469
20116,8292
20026,8422
20028,8390
20102,8275
20104,8462
20125,8466
20143,8439
20076,8378
20099,8309
20009,8439
20046,8460
20018,8319
20108,8445
20115,8341
20098,8278
20082,8307
20135,8447
19994,8295
20107,8460
20091,8323
20024,8264
20010,8295
20118,8332
20100,8421
20051,8411
20074,8408
20148,8425
20081,8250
19993,8278
20016,8401
20131,8416
20062,8482
20064,8397
20140,8306
20022,8266
20096,8392
20045,8491
20066,8336
20015,8281
20049,8249
20123,8392
19998,8306
20146,8363
20095,8348
20014,8338
20106,8339
20016,8477
20037,8467
20055,8404
20078,8367
19988,8339
20136,8444
20087,8487
19997,8283
20020,8428
19990,8314
20089,8365
20128,8325
20038,8470
20121,8298
20047,8428
20070,8327
20072,8482
19980,8347
20003,8266
20026,8489
20155,8327
20065,8453
20012,8452
20104,8317
20088,8290
20030,8447
20053,8262
20127,8405
20150,8350
20099,8482
20161,8429
20002,8321
20110,8358
20043,8385
20119,8364
20008,8439
20063,8467
20068,8465
20086,8272
19978,8313
20093,8354
20132,8344
20028,8281
20102,8398
20051,8488
20125,8295
20035,8441
20058,8378
20007,8263
20120,8473
20108,8304
20092,8301
20018,8434
20041,8275
20025,8348
20142,8371
20006,8340
20098,8365
20017,8251
20107,8377
19989,8373
20100,8296
20010,8426
20118,8475
20033,8347
20123,8473
20074,8271
20081,8375
20083,8375
19993,8355
20067,8292
20157,8442
20016,8268
20090,8399
20000,8379
20113,8316
20039,8442
20062,8361
20117,8386
20140,8421
20147,8365
20022,8385
20080,8312
20096,8259
20045,8352
20031,8349
20105,8475
20130,8382
20040,8480
20079,8321
20021,8248
20111,8378
20065,8406
20037,8344
20078,8250
20048,8441
20122,8326
20087,8376
20032,8456
20071,8297
20145,8431
20020,8311
20094,8410
20004,8358
20103,8370
20105,8407
20054,8338
20112,8463
20151,8358
20070,8242
20019,8358
20134,8373
20012,8319
20088,8429
20035,8486
20060,8339
20099,8367
20046,8362
20069,8395
20018,8485
20029,8355
20126,8365
20075,8365
20059,8282
20008,8290
20082,8409
20137,8450
20109,8412
20042,8321
20118,8298
20023,8363
20085,8350
20092,8416
20101,8324
20050,8342
20140,8468
20034,8361
19999,8275
20057,8440
20084,8265
20017,8368
20040,8431
20114,8352
19998,8360
20005,8282
20097,8425
20106,8265
20090,8274
20078,8453
19988,8309
20032,8391
20073,8331
20080,8435
19992,8351
20038,8380
20061,8437
20079,8458
20139,8353
20049,8483
20072,8284
19980,8317
20021,8333
20044,8418
20065,8291
20030,8277
20104,8407
20053,8476
19986,8359
20071,8418
20110,8316
20094,8257
20013,8357
20036,8410
20077,8328
20063,8373
20086,8446
19996,8338
20026,8387
20134,8480
20028,8483
20102,8308
20104,8467
20125,8461
20143,8402
20076,8279
20009,8346
20069,8304
20018,8280
20108,8410
20126,8472
20059,8407
20098,8307
20082,8268
20135,8410
20084,8472
20091,8422
20024,8365
20100,8450
20118,8417
20051,8254
20141,8384
20074,8421
19984,8325
20023,8252
19993,8313
20131,8391
20101,8457
20057,8261
20022,8303
20096,8429
20045,8454
20066,8333
20084,8412
20015,8260
20091,8482
20049,8412
20123,8431
20056,8250
20146,8324
20095,8443
20005,8399
20106,8444
20055,8243
20129,8373
20078,8336
20032,8274
19997,8310
20020,8457
19990,8287
20089,8336
20038,8491
20061,8266
20121,8333
20070,8344
20072,8391
20003,8273
20021,8466
20026,8466
20030,8384
20088,8263
20104,8258
20053,8353
20127,8432
20076,8454
20060,8245
20069,8481
20145,8465
20110,8395
20133,8362
20119,8331
20013,8474
20036,8269
20128,8486
20086,8309
20144,8358
20093,8349
20028,8374
20102,8419
20051,8463
20125,8322
20058,8359
20076,8394
20007,8354
20085,8244
20108,8269
20092,8266
20018,8399
20041,8374
20025,8327
20142,8340
20098,8390
20068,8370
20107,8348
20091,8307
20024,8248
19989,8336
20100,8309
20010,8439
20033,8382
20074,8296
19982,8305
20148,8345
20058,8475
20097,8247
20081,8330
20083,8410
20067,8267
20016,8353
20090,8360
20000,8336
20113,8343
20062,8370
20064,8381
20117,8365
19981,8344
20096,8312
20080,8285
20022,8442
20045,8379
20130,8347
20040,8453
20061,8475
20079,8300
20153,8426
20049,8265
20056,8325
20111,8353
20095,8300
20065,8393
20083,8470
19991,8353
20037,8355
20136,8332
20138,8336
20122,8355
20032,8493
20087,8407
20071,8260
20020,8348
20094,8383
20004,8323
20043,8469
20027,8418
20105,8378
20089,8477
20054,8311
20128,8437
20112,8484
20077,8238
20047,8348
20086,8452
20116,8475
20134,8334
20155,8439
20012,8340
20088,8402
20053,8246
20060,8328
20099,8370
20046,8271
20120,8397
19995,8293
20069,8406
20092,8473
20029,8350
20103,8461
20052,8417
20126,8374
20075,8384
20059,8305
20149,8447
20008,8327
20082,8370
20098,8473
19994,8358
20109,8375
20042,8298
20132,8424
20118,8271
20035,8329
20058,8234
20085,8377
20159,8424
20092,8413
20101,8367
20050,8371
20034,8258
20124,8384
19999,8318
20057,8419
20075,8460
19983,8335
20084,8310
20017,8331
20040,8436
20114,8381
20097,8332
20023,8458
20081,8455
20067,8436
20106,8274
20090,8255
20039,8330
20062,8249
20032,8444
20073,8366
20147,8413
20080,8392
20045,8240
19992,8324
20031,8429
20089,8302
20038,8273
20112,8403
20061,8336
20079,8433
20072,8289
20056,8464
20021,8360
20044,8447
20065,8262
20053,8455
20048,8329
20145,8319
20071,8441
20110,8289
20133,8448
20027,8319
20013,8256
20103,8386
20036,8423
20054,8450
20059,8462
20077,8355
20063,8272
20137,8406
20086,8339
19996,8335
20019,8406
20093,8291
20116,8366
20134,8453
20028,8472
20076,8300
20009,8381
20099,8255
20120,8280
20046,8410
20069,8283
20011,8414
20029,8467
20034,8469
20052,8308
20075,8253
20059,8394
20098,8300
20082,8233
20084,8453
20160,8413
20091,8413
20024,8338
20118,8410
20141,8411
20074,8334
19984,8346
20023,8411
20081,8304
20154,8329
20101,8468
20124,8283
20034,8409
20057,8296
20066,8422
20084,8441
20015,8355
20091,8473
20040,8319
20049,8439
19975,8331
20056,8287
20146,8417
20095,8390
20106,8409
20055,8238
20129,8360
20078,8437
20032,8311
20073,8475
20094,8469
19990,8368
20089,8443
20038,8396
20112,8270
20061,8293
20047,8246
20121,8368
20070,8445
20072,8428
20003,8372
20044,8306
20104,8359
20088,8236
20014,8468
20053,8332
20076,8483
20060,8274
20048,8452
20069,8460
20110,8428
20043,8251
20133,8373
20036,8298
20128,8475
20063,8389
20086,8302
20144,8379
20093,8440
20026,8371
20028,8339
20125,8381
20058,8384
20076,8423
20007,8377
20120,8483
20085,8287
20108,8362
20041,8345
20131,8475
20025,8298
20115,8424
20011,8267
20098,8419
20135,8362
20068,8351
20091,8278
20100,8338
20033,8401
20051,8366
20074,8309
19982,8346
20148,8326
20058,8452
20081,8429
20083,8385
20067,8238
20016,8326
20090,8341
20106,8456
20000,8309
20039,8236
20113,8362
20062,8407
20064,8338
20117,8328
20073,8260
20147,8311
20096,8349
20080,8242
20045,8342
20066,8317
20130,8308
20079,8267
20049,8300
20123,8351
20033,8477
20056,8362
20095,8267
20044,8481
20065,8364
19991,8348
20014,8423
20037,8398
20055,8355
20136,8337
20048,8243
20138,8381
20087,8434
20145,8357
20020,8377
20094,8320
20004,8296
20027,8409
20105,8349
20031,8475
20089,8448
20036,8473
20054,8296
20128,8426
20077,8265
19987,8353
20151,8312
20047,8379
20070,8296
20111,8448
20116,8448
20155,8426
20012,8369
20088,8375
20127,8320
20060,8357
20046,8304
20120,8434
19995,8344
20069,8369
19979,8329
20018,8475
20168,8414
20043,8372
20029,8313
20119,8443
20052,8398
20126,8283
20075,8423
20149,8346
20008,8364
20082,8335
20109,8338
20042,8311
20132,8437
20141,8449
20035,8364
20058,8279
20067,8479
20085,8356
20159,8439
20092,8378
20115,8309
20025,8439
20101,8266
20050,8396
20034,8319
20124,8445
20142,8452
19999,8325
20057,8326
20075,8483
19983,8362
20147,8452
20006,8441
20017,8302
20107,8428
20040,8409
20114,8278
20010,8327
20033,8238
20097,8359
20023,8481
20081,8474
20083,8266
20067,8411
20039,8353
20062,8258
20117,8477
20032,8337
20140,8338
20050,8464
20122,8479
20073,8369
20080,8365
19992,8361
20031,8392
20089,8273
20038,8298
20112,8424
20061,8331
20079,8412
20021,8275
20111,8401
20044,8404
20065,8249
20014,8306
20037,8243
20136,8476
20048,8366
20122,8403
20087,8263
20071,8404
20027,8274
20013,8283
20103,8409
20036,8332
20128,8293
20054,8423
20059,8485
20077,8382
20063,8319
20137,8441
20047,8460
20086,8372
19996,8356
20019,8445
20093,8286
20042,8486
20116,8331
20134,8478
20009,8256
20099,8386
20120,8317
20046,8447
20108,8460
20002,8289
20011,8437
20029,8462
20034,8462
20052,8273
20126,8390
20075,8272
20059,8417
20084,8482
20068,8305
20158,8439
20160,8434
20109,8455
20024,8439
20132,8312
20042,8442
20114,8457
20141,8438
20074,8363
20023,8438
20081,8267
20064,8316
20154,8434
20050,8259
20124,8304
20034,8434
20006,8308
20066,8387
20084,8422
20015,8334
20040,8260
20114,8397
20049,8330
20139,8456
20056,8260
20146,8442
20129,8323
20039,8474
20078,8414
20032,8300
20027,8483
19990,8341
20066,8455
20031,8317
20089,8414
20112,8291
20038,8417
20047,8285
20121,8411
20139,8404
20070,8406
20072,8433
20003,8347
20111,8282
20021,8408
20044,8271
20104,8332
20053,8439
20060,8271
20048,8473
20069,8471
20133,8336
20103,8274
20013,8400
20052,8480
20036,8311
20063,8416
20121,8471
19978,8328
20144,8336
20019,8262
20093,8403
20026,8348
20028,8328
20035,8262
20143,8361
20125,8408
20058,8429
20076,8444
20007,8340
20009,8397
20099,8271
20085,8314
20108,8327
20041,8444
20025,8269
20115,8399
20011,8302
20119,8449
20124,8455
20135,8321
19994,8285
20068,8420
20091,8269
20001,8357
20100,8383
20033,8436
20051,8341
20148,8355
20058,8481
20023,8267
20081,8384
20083,8420
20067,8245
20016,8347
20106,8469
20000,8298
20039,8267
20113,8397
20131,8378
20062,8440
20064,8439
20117,8307
20073,8303
20163,8429
20096,8370
20045,8433
20066,8278
20079,8246
20123,8370
20033,8496
20146,8305
20056,8399
20095,8278
20005,8378
20065,8327
20083,8480
19991,8315
20014,8392
20106,8361
20037,8425
20055,8350
20113,8457
20078,8293
20136,8374
20048,8264
20138,8390
20122,8297
20087,8425
20071,8254
20145,8376
20020,8358
20004,8309
20027,8380
20105,8288
20036,8486
20054,8269
20128,8399
20077,8292
19987,8324
20047,8358
20070,8269
20019,8471
20093,8484
20012,8398
20030,8373
20088,8348
20053,8316
20127,8367
20060,8386
20120,8343
20138,8474
20069,8348
20002,8391
20110,8348
20025,8478
20043,8331
20011,8479
20029,8276
20119,8406
20052,8363
20126,8316
20075,8442
20149,8325
20008,8369
20144,8459
20109,8301
20042,8272
20132,8402
20102,8340
20035,8371
20058,8304
20085,8399
20018,8376
20092,8343
20041,8297
20115,8280
20025,8410
20101,8277
20050,8425
20124,8346
20142,8425
19999,8352
20057,8361
20098,8339
20008,8461
20084,8248
20017,8257
20107,8387
20040,8382
20130,8480
20114,8307
20010,8352
20033,8257
20097,8282
20083,8305
19993,8345
20067,8382
20039,8380
20062,8295
20064,8450
20117,8440
19974,8339
20032,8374
20140,8367
20073,8404
20147,8423
20022,8335
20080,8322
20045,8294
20031,8407
20112,8333
20130,8420
20061,8358
20079,8379
20139,8318
20072,8235
20021,8318
20111,8444
20044,8369
20014,8279
20037,8286
20055,8467
20060,8465
20048,8387
20122,8444
20087,8290
19997,8342
20071,8371
20027,8265
20013,8310
20103,8436
20105,8429
20036,8361
20128,8282
20054,8408
20077,8409
20151,8424
20137,8348
20047,8491
20086,8361
20144,8314
20019,8416
20042,8451
20026,8306
20116,8432
20134,8435
20012,8257
20030,8480
20088,8487
20127,8464
20009,8299
20099,8425
20120,8290
20046,8416
20085,8464
20002,8282
20011,8328
20119,8299
20029,8425
20034,8491
20052,8254
20126,8427
20075,8311
19985,8323
20059,8324
20135,8299
20068,8286
20109,8418
20024,8412
20042,8391
20114,8482
20102,8451
20051,8303
20141,8337
20074,8372
20023,8429
19977,8315
20064,8273
20101,8410
20050,8284
20124,8301
20034,8431
20057,8246
20006,8265
20084,8323
20015,8437
20107,8316
20017,8446
20024,8472
20114,8422
19989,8304
20049,8365
20123,8284
20056,8297
20074,8456
20146,8407
20095,8456
20097,8407
20055,8288
20129,8422
20039,8497
20078,8387
19981,8312
20022,8474
20027,8454
19990,8334
20156,8418
20031,8280
20089,8385
20112,8312
20038,8442
20077,8458
20061,8251
20047,8312
20121,8446
20139,8427
20072,8342
20021,8387
20104,8337
20053,8402
20129,8482
20060,8292
20150,8418
20152,8445
20071,8484
20043,8309
20133,8443
20103,8297
20013,8427
20052,8461
20063,8335
19978,8341
20144,8437
20019,8301
20093,8398
20116,8315
20026,8441
20028,8421
20035,8301
20143,8340
20125,8435
20076,8345
20009,8400
20099,8274
20085,8293
20108,8348
20041,8391
20115,8370
20098,8249
20135,8348
20068,8385
20091,8352
20001,8344
20024,8295
20010,8262
20100,8388
20118,8367
20033,8431
20051,8440
20074,8251
19982,8352
20023,8294
20081,8411
20016,8432
20000,8271
20039,8294
20131,8321
20041,8451
20113,8416
20062,8477
20064,8428
20117,8286
20073,8306
20163,8432
20022,8277
20096,8407
20045,8396
20066,8371
20015,8318
20123,8361
20033,8491
19998,8301
20056,8436
20095,8381
20005,8325
20044,8475
19991,8278
20014,8365
20106,8370
20090,8479
20037,8436
20129,8307
20055,8437
20078,8270
19988,8370
20136,8411
20048,8301
20138,8419
20087,8452
20145,8339
20020,8387
20004,8274
20096,8467
20027,8339
20105,8267
20128,8356
20077,8319
19987,8299
20047,8397
20070,8358
20072,8449
20093,8479
20003,8299
20065,8486
20012,8427
20030,8350
20088,8321
20053,8295
20127,8394
20150,8313
20060,8447
20152,8456
20099,8451
20046,8254
20120,8380
20002,8352
20110,8321
20025,8449
20043,8430
20029,8271
20119,8397
20052,8336
20059,8238
20149,8352
20109,8264
20042,8253
20132,8383
20028,8312
20102,8361
20035,8406
20058,8349
20007,8292
20085,8426
20018,8341
20092,8332
20041,8268
20025,8381
20101,8304
20034,8245
20124,8375
20142,8402
19983,8316
20006,8375
20098,8332
20082,8457
20135,8465
20107,8358
20091,8253
20040,8323
20130,8477
20010,8397
20100,8271
20033,8292
20097,8317
20083,8340
20067,8325
20016,8299
20090,8430
20113,8285
20039,8411
20062,8328
20117,8419
20032,8363
20140,8388
20122,8485
20073,8447
20147,8330
20057,8456
20022,8352
20080,8295
20045,8257
19992,8307
20031,8370
20112,8354
20130,8385
20079,8358
20072,8240
20111,8347
20044,8334
20065,8439
20037,8313
20055,8462
20060,8462
20048,8408
20122,8345
20087,8345
20032,8471
19997,8369
20071,8334
20020,8278
20094,8437
20004,8389
20103,8339
20105,8432
20036,8374
20054,8381
20077,8436
20151,8327
20137,8359
19996,8318
20019,8327
20026,8287
20116,8413
20134,8404
20012,8286
20030,8453
20088,8460
20035,8455
20099,8332
20046,8325
20069,8428
20110,8460
20115,8460
20011,8367
20029,8388
20126,8332
20075,8330
19985,8358
20059,8379
20082,8440
19994,8348
20017,8469
20001,8294
20109,8445
20024,8385
20042,8352
20118,8309
20102,8484
20051,8274
20141,8364
20023,8328
20097,8462
20131,8315
20101,8421
20050,8313
20034,8328
20057,8409
20084,8360
20015,8400
20107,8275
20017,8401
20114,8323
19989,8283
20123,8307
19998,8331
20074,8469
20095,8471
20005,8315
20097,8394
20106,8296
20090,8309
20055,8287
20129,8409
20078,8484
20136,8309
20080,8466
20015,8468
20038,8351
20077,8485
20061,8406
20047,8295
20139,8334
20049,8460
20121,8417
20070,8460
20072,8379
20003,8389
20111,8300
20021,8430
20030,8308
20104,8438
20127,8300
20129,8453
19986,8326
20150,8455
20152,8418
20071,8451
20110,8287
20094,8288
20043,8264
20133,8390
20013,8326
20036,8249
20063,8362
20086,8409
20144,8394
20132,8465
20116,8288
20026,8418
20028,8386
20102,8279
20035,8304
20125,8430
20143,8435
20076,8374
20007,8398
20099,8313
20009,8443
20046,8464
20018,8315
20108,8441
20115,8345
20098,8274
20082,8303
20135,8443
19994,8291
20068,8238
20107,8448
20091,8327
20024,8268
20010,8291
20118,8320
20100,8417
20051,8415
20074,8388
20148,8437
20081,8254
19993,8282
20016,8405
20039,8317
20113,8443
20131,8420
20062,8486
20064,8385
20140,8302
20022,8270
20096,8396
20045,8487
20066,8364
20015,8293
20049,8253
20123,8396
19998,8310
20146,8359
20095,8344
20014,8342
20106,8351
20016,8465
20037,8479
20055,8400
20078,8371
19988,8351
20136,8416
20087,8483
19997,8279
20020,8424
20096,8456
19990,8318
20089,8369
20128,8345
20038,8458
20121,8302
20047,8424
20070,8379
20072,8486
19980,8343
20019,8481
20003,8270
20065,8473
20012,8448
20104,8289
20088,8294
20030,8419
20053,8258
20127,8401
19986,8317
20150,8338
20099,8486
20120,8353
20161,8417
20002,8349
20110,8362
20043,8389
20119,8360
20008,8443
20063,8479
20068,8477
20086,8276
20093,8382
20132,8324
20028,8277
20102,8386
20125,8291
20035,8445
20143,8452
20058,8326
20148,8452
20007,8259
20120,8477
20108,8300
20092,8297
20018,8430
20041,8279
20025,8352
20034,8238
20124,8364
20142,8375
20006,8328
20098,8361
20017,8255
20107,8381
19989,8369
20100,8276
20118,8479
20033,8351
20123,8477
20074,8267
20081,8363
20083,8379
19993,8359
20067,8296
20157,8438
20016,8256
20090,8395
20000,8383
20113,8304
20039,8438
20062,8365
20117,8398
20140,8417
20147,8369
20022,8389
20080,8316
20096,8263
20045,8284
20031,8345
20105,8479
20130,8378
20040,8484
20079,8333
20111,8326
20065,8426
20037,8324
20078,8254
20138,8307
20048,8445
20122,8322
20087,8372
20032,8460
19997,8364
20071,8293
20145,8419
20020,8307
20094,8414
20004,8354
20103,8366
20105,8411
20054,8342
20112,8451
20151,8354
20070,8246
20019,8362
20134,8361
20012,8315
20088,8433
20035,8490
20099,8339
20046,8366
20085,8486
20069,8439
20018,8481
20029,8383
20126,8337
20075,8353
20059,8286
20008,8294
20082,8405
20137,8454
19994,8377
20001,8281
20109,8408
20042,8333
20118,8302
20023,8359
20097,8481
20085,8346
20092,8444
20101,8320
20050,8338
20140,8464
20034,8357
19999,8287
20057,8444
20084,8277
20017,8372
20114,8348
19998,8364
20005,8262
20097,8429
20081,8480
20106,8309
20090,8286
20078,8457
19988,8305
20032,8411
20073,8335
20080,8439
20038,8368
20061,8433
20079,8470
20139,8357
20049,8487
20072,8256
19980,8313
20162,8414
20021,8329
20065,8295
20030,8281
20104,8411
20053,8472
19986,8355
20071,8478
20110,8256
20094,8261
20133,8481
20013,8353
20036,8390
20077,8324
20063,8369
20086,8434
20019,8247
20116,8269
20026,8399
20102,8296
20104,8471
20125,8457
20143,8414
20076,8275
20009,8350
20069,8316
20018,8276
20108,8406
20011,8255
20029,8500
20126,8476
20098,8271
20082,8264
20135,8406
20091,8442
20024,8369
20100,8462
20118,8421
20051,8386
20074,8417
20023,8248
19993,8317
20131,8395
20057,8265
20022,8291
20096,8417
20045,8450
20066,8329
20084,8408
20015,8256
20091,8486
20049,8400
20123,8419
20056,8254
20146,8320
20095,8423
20005,8395
20106,8440
20055,8399
20078,8340
19988,8324
20032,8278
19997,8306
20020,8469
20089,8340
20038,8495
20061,8262
20121,8337
20070,8348
20072,8395
20003,8277
20021,8478
20026,8478
20012,8477
20030,8388
20088,8267
20104,8262
20053,8365
20127,8444
20076,8450
20060,8241
20145,8469
20110,8399
20043,8408
20119,8327
20013,8470
20036,8265
20086,8265
20093,8345
20028,8370
20102,8423
20051,8467
20125,8350
20058,8355
20076,8390
20007,8286
20120,8450
20085,8240
20018,8395
20092,8262
20108,8265
20041,8378
20025,8331
20142,8344
20098,8386
20068,8382
20107,8336
20091,8311
20024,8252
19989,8348
20100,8305
20033,8370
20074,8276
19982,8309
20081,8334
20083,8414
20067,8271
20016,8357
20090,8372
20000,8340
20113,8331
20062,8374
20064,8369
20117,8361
20140,8446
19981,8340
20096,8316
20080,8273
20022,8446
20045,8375
20130,8343
20040,8457
20061,8471
20079,8296
20153,8430
20049,8269
20056,8329
20111,8365
20095,8296
20065,8397
20083,8474
20037,8367
20138,8348
20122,8367
20032,8481
20087,8403
20071,8256
20145,8390
20020,8344
20094,8355
20004,8335
20043,8457
20027,8422
20105,8382
20031,8504
20089,8481
20054,8331
20112,8472
20077,8234
20047,8344
20086,8472
20116,8487
20134,8322
20012,8336
20088,8406
20035,8497
20053,8242
20060,8324
20099,8374
20046,8275
20120,8401
19995,8313
20069,8402
20092,8469
20029,8346
20103,8457
20052,8429
20126,8378
20075,8388
20059,8309
20149,8443
20008,8331
20082,8366
20098,8469
19994,8354
20109,8371
20042,8342
20035,8333
20058,8246
20085,8325
20092,8409
20101,8363
20050,8367
20034,8286
20124,8412
19999,8314
20057,8423
20075,8448
19983,8331
20084,8306
20017,8335
20040,8440
20114,8377
19998,8369
20097,8320
20023,8454
20083,8235
20067,8440
20106,8286
20090,8251
20039,8326
19988,8286
20062,8253
20032,8432
20073,8338
20080,8396
20045,8236
19992,8328
20031,8425
20089,8306
20038,8277
20112,8407
20061,8428
20079,8445
20139,8376
20072,8293
20056,8468
20021,8372
20044,8443
20065,8282
20053,8451
20048,8333
20145,8307
20071,8437
20110,8293
20133,8460
20027,8307
20013,8380
20103,8254
20036,8419
20054,8454
20059,8450
20077,8351
20063,8284
20137,8410
20086,8343
19996,8331
20019,8410
20093,8319
20116,8362
20028,8468
20125,8484
20143,8389
20076,8296
20009,8353
20120,8284
20046,8414
20069,8263
20011,8402
20029,8495
20034,8465
20052,8304
20126,8481
20075,8241
20059,8398
20098,8296
20084,8449
20091,8401
20001,8393
20024,8342
20118,8414
20051,8233
20141,8407
20074,8330
19984,8350
20023,8407
20081,8308
19993,8288
20101,8464
20124,8279
20034,8405
20057,8300
20045,8477
20066,8418
20084,8389
20015,8367
20091,8477
20040,8291
20049,8427
19975,8327
20146,8349
20095,8386
20106,8389
20055,8234
20129,8364
20078,8441
20032,8267
19997,8301
20073,8479
20094,8473
19990,8372
20066,8486
20089,8447
20038,8384
20061,8289
20153,8448
20047,8242
20121,8372
20070,8433
20072,8400
20003,8376
20044,8302
20104,8363
20088,8240
20014,8472
20053,8328
20076,8479
20060,8238
20150,8360
20069,8456
20110,8432
20043,8255
20133,8369
20036,8278
20128,8479
19985,8314
20149,8465
20063,8385
20086,8290
20093,8436
20026,8383
20028,8367
20102,8440
20125,8377
20058,8396
20076,8419
20007,8373
20120,8487
20085,8283
20108,8358
20041,8349
20131,8479
20025,8302
20115,8428
20011,8271
20119,8486
20142,8317
20098,8447
20135,8358
20068,8347
20091,8298
19989,8327
20100,8350
20033,8405
20051,8370
20074,8305
19982,8350
20148,8322
20058,8448
20081,8417
20083,8389
20067,8274
20016,8378
20090,8337
20000,8329
20113,8366
20062,8411
20064,8342
20117,8340
20073,8264
20147,8315
20096,8337
20080,8246
20006,8450
20045,8338
20066,8313
20130,8304
20079,8279
20049,8288
20123,8339
20033,8465
20056,8366
20095,8311
20065,8352
20083,8449
19991,8344
20014,8427
20037,8394
20055,8383
20136,8341
20048,8247
20138,8377
20087,8398
20071,8287
20145,8409
20020,8325
20094,8324
20004,8340
20027,8413
20105,8321
20031,8455
20089,8452
20036,8453
20054,8300
20128,8430
20077,8261
19987,8357
20151,8308
20047,8327
20070,8300
20111,8460
20116,8460
20155,8430
20012,8365
20088,8379
20127,8332
20060,8353
20046,8308
20120,8438
19995,8348
20069,8381
19979,8333
20018,8471
20043,8360
20029,8309
20119,8439
20103,8484
20052,8394
20126,8287
20075,8411
20059,8296
20149,8422
20008,8336
20082,8331
20098,8462
20109,8334
20042,8307
20132,8433
20035,8336
20058,8275
20067,8451
20085,8352
20159,8435
20092,8374
20115,8313
20025,8443
20101,8374
20050,8392
20034,8315
20124,8441
20142,8456
19999,8321
20057,8330
20075,8487
20147,8456
20006,8445
20017,8290
20107,8416
20040,8413
20114,8274
20010,8323
20097,8379
20081,8478
20083,8270
20067,8415
20039,8349
20062,8262
20064,8481
20117,8473
20032,8341
20140,8334
20050,8460
20122,8475
20073,8373
20080,8353
19992,8365
20031,8436
20089,8277
20038,8302
20112,8428
20061,8327
20079,8408
20021,8287
20111,8413
20044,8400
20065,8253
20014,8310
20037,8255
20136,8448
20048,8354
20122,8415
20087,8259
20071,8400
20094,8243
20133,8471
20027,8278
20013,8279
20103,8405
20036,8328
20128,8313
20054,8443
20077,8378
20063,8315
20137,8445
20047,8456
20086,8328
19996,8352
20019,8385
20093,8282
20042,8482
20116,8343
20134,8466
20009,8260
20099,8390
20046,8387
20108,8456
20002,8317
20011,8425
20029,8458
20034,8458
20052,8285
20126,8394
20075,8276
20059,8421
20082,8254
20068,8317
20109,8451
20024,8443
20042,8422
20114,8453
20141,8434
20074,8343
20023,8434
20081,8271
20064,8304
20154,8446
20050,8255
20034,8398
20006,8296
20066,8415
20084,8418
20015,8330
20040,8264
20114,8393
20049,8334
20139,8460
20056,8264
20146,8438
20129,8327
20039,8470
20078,8418
20032,8288
20073,8482
20027,8487
19990,8361
20066,8451
20031,8313
20089,8418
20112,8295
20038,8421
20047,8281
20139,8392
20121,8415
20070,8394
20072,8437
20003,8351
20021,8484
20044,8267
20030,8242
20104,8368
20053,8435
20060,8267
20048,8477
20069,8467
20133,8348
20013,8396
20103,8270
20036,8307
20063,8428
20121,8475
20144,8340
20019,8266
20093,8431
20026,8344
20028,8324
20035,8266
20143,8373
20125,8404
20058,8425
20076,8440
20007,8336
20085,8262
20108,8323
20041,8416
20025,8273
20115,8403
20011,8290
20119,8477
20124,8451
20135,8381
19994,8281
20068,8416
20091,8257
20001,8377
20100,8379
20033,8392
20051,8345
19982,8323
20148,8367
20023,8263
20081,8388
20083,8424
20067,8249
20016,8351
20106,8465
20000,8302
20039,8263
20113,8385
20131,8382
20062,8444
20064,8331
20117,8319
20073,8275
20022,8244
20096,8374
20045,8429
20066,8274
20130,8301
20079,8242
20049,8315
20123,8374
20033,8500
20056,8403
20095,8274
20005,8358
20065,8347
20083,8484
19991,8311
20014,8396
20037,8405
20055,8346
20113,8461
20078,8297
20136,8378
20048,8268
20138,8386
20122,8309
20087,8421
20071,8250
20020,8354
20004,8305
20027,8368
20105,8292
20036,8482
20054,8257
20128,8387
20077,8288
19987,8328
20047,8354
20070,8257
20019,8475
20093,8480
20134,8312
20012,8394
20030,8377
20088,8352
20053,8312
20127,8363
20060,8414
20120,8347
20138,8454
19995,8371
20069,8344
20002,8387
20025,8482
20043,8335
20011,8467
20029,8272
20119,8402
20052,8375
20126,8288
20075,8446
20149,8321
20008,8373
20144,8463
20109,8297
20042,8284
20132,8414
20102,8328
20141,8472
20035,8375
20058,8316
20085,8395
20159,8414
20018,8372
20092,8339
20041,8301
20115,8284
20025,8414
20101,8273
20050,8421
20124,8342
20142,8429
19999,8364
20057,8365
20082,8488
20017,8261
20107,8391
20040,8354
20114,8303
20010,8364
20033,8261
20097,8286
20083,8309
19993,8349
20067,8354
20039,8376
20062,8299
20064,8454
20117,8452
20032,8330
20140,8363
20122,8452
20073,8408
20147,8427
20022,8323
20080,8326
20045,8290
20031,8403
20112,8321
20130,8416
20061,8354
20079,8391
20139,8306
20072,8239
20021,8314
20111,8440
20044,8365
20014,8283
20037,8282
20152,8310
20048,8391
20122,8440
20087,8318
19997,8338
20071,8367
20020,8245
20027,8269
20013,8306
20103,8432
20036,8341
20128,8286
20054,8412
20077,8405
20151,8420
20137,8320
20086,8365
19996,8285
20144,8318
20019,8420
20042,8463
20026,8318
20116,8444
20134,8439
20012,8253
20030,8484
20127,8476
20009,8303
20099,8429
20120,8294
20046,8420
20085,8476
20002,8278
20011,8332
20119,8295
20029,8421
20034,8487
20052,8250
20126,8431
20075,8299
19985,8327
20059,8344
20068,8282
20158,8412
20160,8427
20109,8478
20024,8416
20042,8387
20114,8478
20102,8455
20051,8307
20141,8333
20074,8368
20023,8425
19977,8319
20064,8277
20101,8390
20050,8280
20124,8297
20034,8427
20057,8250
20006,8269
20084,8335
20015,8433
20107,8304
20017,8434
20040,8237
20024,8476
20114,8418
19989,8316
20049,8353
20123,8272
20056,8301
20146,8403
20055,8316
20129,8442
20039,8493
20078,8391
19981,8308
20022,8478
20027,8474
19990,8322
20156,8446
20031,8260
20089,8389
20112,8316
20038,8446
20077,8454
20061,8247
20047,8260
20121,8386
20139,8431
20072,8346
20111,8269
20021,8399
20104,8341
20053,8414
20129,8486
20060,8288
20152,8321
20150,8422
20071,8480
20043,8297
20133,8423
20103,8293
20013,8423
20052,8457
20063,8331
20086,8248
19978,8337
20144,8425
20019,8305
20093,8394
20026,8325
20028,8417
20035,8273
20143,8336
20125,8399
20076,8341
20099,8278
20009,8404
20085,8289
20108,8344
20041,8395
20025,8244
20115,8374
20011,8313
20098,8245
20135,8344
20068,8397
20107,8481
20091,8356
20001,8348
20024,8299
20010,8258
20100,8384
20118,8355
20033,8419
20051,8444
19982,8356
20148,8404
20023,8290
20081,8415
20016,8436
20039,8290
20131,8325
20041,8455
20113,8420
20062,8449
20064,8416
20117,8282
20073,8310
20096,8363
20045,8392
20066,8271
20015,8314
20123,8365
20033,8495
19998,8273
20056,8440
20095,8377
20005,8321
20044,8471
20014,8369
20106,8382
20090,8475
20037,8432
20129,8311
20055,8433
20113,8480
20078,8274
20136,8415
20048,8289
20138,8431
20087,8448
20145,8343
20020,8399
20004,8286
20096,8471
20027,8343
20105,8271
20054,8250
20128,8376
20077,8315
19987,8303
20047,8393
20121,8271
20070,8282
20072,8453
20093,8475
20003,8303
20012,8423
20030,8322
20088,8325
20053,8291
20127,8374
20060,8443
20152,8460
20099,8455
20120,8320
20002,8380
20110,8325
20025,8453
20133,8300
20043,8418
20029,8267
20119,8393
20052,8348
20149,8364
20109,8260
20042,8249
20132,8379
20028,8308
20102,8365
20035,8410
20058,8345
20007,8288
20085,8438
20018,8337
20092,8328
20041,8304
20025,8385
20101,8316
20050,8446
20034,8241
20124,8371
20142,8406
20165,8415
19983,8312
20006,8363
20098,8328
20082,8453
20135,8461
20017,8280
20091,8241
20107,8410
20040,8327
20130,8473
20010,8393
20100,8267
20033,8312
20097,8305
20083,8344
19993,8320
20067,8329
20016,8303
20090,8426
20113,8273
20039,8407
20062,8332
20117,8431
20032,8367
20140,8384
20122,8481
20073,8419
20147,8334
20057,8460
20022,8356
20080,8347
20045,8317
19992,8311
20031,8382
20112,8358
20130,8413
20079,8354
20072,8244
20021,8293
20111,8423
20044,8330
20014,8252
20037,8293
20055,8458
20060,8458
20048,8412
20122,8421
20087,8341
19997,8333
20071,8330
20020,8274
20094,8441
20004,8385
20103,8335
20105,8436
20036,8370
20054,8369
20077,8432
20151,8323
20063,8237
20137,8363
19996,8314
20019,8331
20026,8283
20134,8392
20116,8409
20012,8282
20030,8457
20088,8464
20035,8459
20076,8255
20009,8306
20099,8432
20046,8329
20085,8455
20069,8424
20110,8464
20115,8464
20011,8355
20029,8384
20126,8432
20075,8334
19985,8346
20059,8383
20008,8261
20082,8436
19994,8344
20017,8457
20001,8314
20109,8441
20024,8389
20042,8364
20102,8472
20051,8278
20141,8360
19984,8301
20023,8324
20097,8450
20131,8319
20064,8266
20101,8417
20050,8309
20034,8324
20057,8413
20084,8372
20015,8412
20107,8279
20017,8405
20040,8242
20024,8449
20114,8447
19989,8295
20123,8311
19998,8335
20074,8465
20095,8467
20005,8295
20097,8398
20090,8305
20055,8283
20129,8413
20078,8488
20136,8313
20032,8250
20080,8470
20015,8464
20038,8339
20077,8481
20061,8402
20047,8291
20049,8448
20121,8421
20070,8448
20072,8383
20003,8393
20111,8296
20021,8426
20044,8253
20030,8312
20104,8442
20127,8296
20129,8473
19986,8322
20152,8422
20094,8292
20043,8268
20133,8386
20013,8322
20063,8342
20121,8481
20086,8413
20144,8398
20132,8477
20116,8300
20026,8430
20028,8414
20102,8267
20035,8308
20125,8426
20143,8447
20076,8370
20007,8394
20099,8317
20009,8447
20046,8468
20018,8311
20108,8437
20115,8349
20082,8299
20135,8439
19994,8303
20068,8234
20107,8452
20091,8347
20024,8272
20010,8303
20118,8324
20100,8429
20051,8419
20074,8384
20148,8433
20081,8242
19993,8286
20016,8393
20039,8313
20113,8447
20131,8424
20064,8389
20022,8258
20096,8384
20045,8483
20066,8360
19976,8320
20015,8289
20153,8322
20049,8241
20123,8384
19998,8314
20146,8355
20095,8324
20014,8346
20106,8347
20016,8469
20090,8452
20037,8475
20129,8298
20055,8428
20078,8375
19988,8347
20136,8420
19997,8275
20020,8436
20096,8460
20027,8330
19990,8306
20105,8274
20089,8373
20128,8349
20038,8462
20121,8306
20047,8436
20070,8383
19980,8339
20019,8485
20003,8306
20026,8497
20065,8477
20012,8444
20104,8293
20088,8298
20030,8423
20053,8270
20127,8413
19986,8313
20120,8357
20002,8345
20110,8366
20133,8311
20043,8441
20119,8356
20008,8447
20063,8475
20068,8473
20109,8287
20093,8378
20132,8320
20028,8273
20102,8390
20125,8319
20035,8417
20143,8448
20058,8322
20148,8448
20007,8319
20108,8296
20092,8293
20018,8426
20041,8283
20025,8356
20124,8360
20142,8379
20006,8332
20098,8357
20082,8478
20107,8369
20100,8272
20010,8402
20118,8467
20033,8339
20123,8465
20081,8367
20083,8383
19993,8363
20067,8300
20157,8434
20016,8260
20090,8407
20000,8371
20113,8308
20039,8434
20062,8337
20117,8394
20140,8413
20096,8283
20080,8304
20022,8409
20045,8280
20066,8255
20031,8325
20105,8451
20038,8249
20112,8379
20130,8374
20040,8488
20079,8329
20111,8322
20065,8430
20037,8320
20060,8487
20048,8433
20122,8334
20087,8368
20032,8448
19997,8360
20071,8289
20145,8423
20020,8319
20094,8386
20004,8366
20103,8362
20105,8415
20054,8362
20112,8455
20070,8234
20019,8366
20026,8260
20116,8390
20134,8365
20012,8311
20030,8466
20088,8437
20035,8494
20099,8343
20046,8370
20085,8482
20069,8435
20029,8379
20126,8341
20075,8357
20059,8274
20008,8298
20082,8401
20137,8458
19994,8325
20001,8285
20109,8404
20042,8329
20010,8453
20118,8290
20023,8355
20097,8485
20092,8440
20101,8332
20050,8334
20140,8460
20034,8353
19999,8283
20057,8384
20084,8273
20017,8360
20114,8344
20123,8298
19998,8336
20097,8417
20081,8484
20106,8305
20090,8282
20078,8461
19988,8317
20032,8415
20080,8427
20038,8372
20061,8397
20079,8466
20139,8345
20049,8475
20072,8260
19980,8309
20162,8410
20021,8341
20065,8315
20030,8285
20104,8415
20053,8484
20127,8311
19986,8351
20071,8474
20110,8260
20094,8265
20013,8349
20036,8386
20054,8481
20077,8320
20063,8381
20086,8438
20019,8251
20026,8395
20116,8265
20102,8300
20104,8475
20125,8453
20143,8410
20076,8271
20009,8322
20069,8312
20018,8272
20108,8402
20115,8320
20029,8496
20126,8448
20098,8267
20082,8260
20135,8402
20068,8247
20107,8475
20091,8446
20024,8373
20100,8458
20118,8441
20051,8390
20074,8429
20023,8244
20131,8399
20064,8250
20057,8269
20022,8295
20096,8421
20066,8325
20015,8268
20049,8404
20123,8423
20095,8419
20106,8420
20037,8486
20055,8395
20078,8344
19988,8320
19997,8270
20020,8465
20096,8481
19990,8279
20089,8344
20038,8483
20061,8258
20121,8341
20070,8336
20072,8399
20003,8281
20021,8474
20026,8474
20012,8473
20030,8392
20088,8271
20104,8266
20053,8361
20127,8440
20150,8331
20145,8457
20110,8403
20043,8412
20119,8323
20013,8466
20063,8486
20086,8269
20093,8341
20028,8270
20102,8411
20051,8471
20125,8346
20058,8367
20076,8386
20007,8282
20120,8454
20085,8252
19977,8323
20018,8391
20092,8258
20108,8261
20041,8382
20025,8335
20142,8348
20098,8414
20068,8378
20107,8340
19989,8344
20100,8317
20010,8447
20033,8374
20074,8272
19982,8313
20081,8322
20083,8354
20067,8307
20157,8429
20016,8281
20090,8368
20000,8360
20113,8335
20062,8378
20064,8373
20117,8373
20140,8442
20073,8233
19981,8336
20096,8304
20080,8277
20022,8434
20045,8371
20130,8339
20040,8461
20061,8467
20079,8308
20153,8434
20049,8257
20056,8333
20111,8361
20065,8385
20083,8478
20037,8363
20138,8344
20122,8363
20087,8367
20032,8485
20071,8316
20145,8442
20020,8292
20094,8359
20004,8331
20043,8461
20027,8442
20105,8354
20031,8484
20089,8485
20054,8335
20112,8476
20086,8476
20116,8483
20134,8326
20012,8332
20088,8410
20035,8501
20053,8254
20060,8320
20099,8378
20046,8279
20120,8405
19995,8317
20069,8414
20092,8465
20029,8342
20103,8453
20052,8425
20126,8382
20075,8376
20059,8265
20008,8335
20082,8362
20098,8465
19994,8366
20109,8367
20042,8338
20058,8242
20067,8480
20085,8321
20092,8405
20041,8235
20101,8343
20050,8363
20034,8282
20124,8408
19999,8294
20057,8427
20075,8452
19983,8343
20084,8318
20017,8323
20040,8444
20114,8373
19998,8373
20097,8324
20023,8450
20083,8239
20067,8444
20106,8282
20090,8263
20039,8322
20032,8436
20073,8342
20080,8384
19992,8332
20089,8310
20038,8265
20112,8395
20061,8424
20079,8441
20139,8380
20072,8297
20056,8472
20021,8368
20044,8439
20065,8286
20053,8463
20048,8321
20145,8311
20071,8433
20110,8297
20094,8274
20133,8456
20027,8311
20013,8376
20036,8431
20054,8474
20059,8454
20077,8347
20063,8280
20137,8414
20086,8427
19996,8327
20019,8414
20093,8315
20026,8244
20116,8374
20028,8464
20125,8480
20143,8385
20076,8292
20166,8418
20009,8357
20046,8482
20069,8259
20011,8406
20029,8491
20052,8316
20126,8485
20075,8245
20059,8386
20098,8292
20084,8461
20091,8405
20109,8484
20024,8346
20100,8471
20118,8402
20051,8237
20141,8403
20074,8438
19984,8338
20023,8403
20081,8296
19993,8292
20131,8402
20101,8476
20124,8275
20034,8401
20057,8304
20045,8473
20066,8446
20084,8385
20015,8363
20091,8465
20040,8295
20049,8431
20146,8345
20095,8398
20106,8385
20129,8352
20078,8445
20032,8271
19997,8297
20073,8451
20094,8477
20066,8482
20089,8323
20038,8388
20061,8317
20153,8452
20047,8254
20121,8376
20070,8437
20072,8404
20003,8380
20021,8453
20026,8455
20044,8298
20104,8367
20088,8244
20014,8476
20053,8340
20076,8475
20060,8234
20150,8364
20110,8436
20043,8243
20133,8381
20036,8274
20128,8467
19985,8318
20063,8397
20086,8294
20144,8371
20093,8432
20026,8379
20028,8363
20102,8444
20035,8235
20125,8373
20058,8392
20076,8415
20007,8369
20108,8354
20092,8255
20041,8321
20131,8451
20025,8306
20115,8432
20011,8259
20119,8482
20142,8321
20098,8443
20135,8354
20068,8327
20091,8302
19989,8323
20100,8346
20033,8361
20051,8374
20074,8317
20148,8334
20058,8460
20081,8421
20083,8393
20067,8278
20016,8382
20090,8349
20000,8333
20113,8354
20062,8415
20064,8362
20117,8336
20073,8268
20147,8319
20096,8341
20080,8234
20045,8334
20066,8309
20015,8252
20130,8332
20040,8466
20061,8462
20079,8275
20049,8292
20123,8343
20033,8469
20056,8370
20095,8307
20065,8356
20083,8453
19991,8340
20014,8431
20037,8374
20055,8379
20136,8345
20048,8235
20138,8357
20122,8276
20087,8394
20071,8283
20145,8413
20020,8321
20094,8328
20004,8336
20027,8401
20105,8325
20031,8451
20089,8456
20036,8449
20054,8288
20128,8418
20077,8257
19987,8361
20047,8323
20070,8288
20111,8456
20116,8456
20134,8347
20155,8418
20012,8361
20088,8383
20127,8328
20060,8381
20046,8312
20120,8442
19995,8336
20069,8377
19979,8321
20018,8467
20092,8462
20043,8364
20029,8305
20119,8435
20103,8480
20052,8406
20075,8415
20059,8300
20149,8418
20008,8340
20082,8327
20098,8458
20109,8330
20042,8319
20132,8445
20028,8254
20035,8340
20058,8287
20067,8455
20085,8364
20092,8370
20115,8317
20025,8447
20101,8370
20050,8388
20034,8311
20124,8437
20142,8460
19999,8333
20057,8334
20075,8475
20147,8460
20017,8294
20107,8420
20040,8385
20114,8270
20010,8335
20097,8383
20081,8466
20083,8274
20067,8387
20039,8345
20062,8266
20064,8485
20117,8485
20032,8425
20140,8330
20050,8456
20073,8377
20080,8357
19992,8369
20031,8432
20089,8281
20038,8290
20112,8416
20061,8323
20079,8420
20021,8283
20111,8409
20044,8396
20065,8241
20014,8314
20037,8251
20136,8452
20048,8358
20122,8411
20087,8287
20071,8396
20094,8247
20133,8467
20027,8298
20013,8275
20103,8401
20036,8436
20128,8317
20054,8447
20077,8374
20063,8295
20137,8417
20047,8468
20086,8332
20019,8389
20093,8278
20042,8494
20116,8339
20134,8470
20028,8461
20009,8264
20099,8394
20046,8391
20069,8238
20108,8452
20002,8313
20011,8429
20029,8454
20034,8454
20052,8281
20126,8398
20075,8264
20149,8311
20059,8441
20082,8250
20068,8313
20091,8392
20024,8447
20042,8418
20114,8449
20141,8430
20074,8339
20023,8398
20081,8259
20064,8308
20154,8442
20101,8487
20050,8251
20034,8394
20006,8300
20066,8411
20084,8430
20015,8342
20040,8268
20114,8389
20049,8322
20139,8448
20056,8268
20146,8434
20095,8405
20129,8347
20039,8466
20078,8422
20032,8292
20073,8486
19990,8365
20066,8479
20031,8293
20089,8422
20112,8283
20038,8409
20121,8355
20139,8396
20070,8398
20072,8441
20003,8323
20021,8480
20044,8263
20030,8246
20104,8372
20014,8449
20053,8447
20060,8263
20152,8352
20048,8465
20069,8479
20133,8344
20013,8392
20103,8266
20052,8488
20036,8319
20128,8456
20137,8302
20063,8424
20121,8479
20144,8328
20019,8270
20093,8427
20026,8356
20028,8320
20035,8270
20143,8369
20125,8400
20058,8437
20076,8436
20007,8332
20085,8258
20018,8253
20108,8383
20041,8420
20025,8277
20115,8407
20011,8294
20119,8473
20124,8479
20135,8377
20068,8428
20091,8261
20001,8381
20100,8359
20033,8396
20051,8349
19982,8327
20148,8363
20023,8259
20081,8440
20083,8428
20067,8253
20016,8339
20090,8326
20106,8477
20000,8290
20039,8259
20113,8389
20131,8354
20041,8480
20062,8416
20064,8335
20117,8315
20073,8279
20096,8330
20045,8425
20066,8302
20130,8297
20079,8254
20049,8319
20123,8330
20033,8456
20056,8407
20095,8286
20005,8354
20065,8351
20083,8488
19991,8307
20014,8400
20037,8401
20055,8342
20113,8449
20078,8301
20136,8382
20048,8256
20138,8398
20122,8305
20087,8417
20071,8246
20145,8368
20020,8366
20004,8317
20027,8372
20105,8296
20036,8494
20054,8261
20128,8391
20077,8284
20167,8414
19987,8332
20047,8366
20070,8261
20019,8479
20134,8316
20012,8390
20030,8381
20088,8356
20104,8255
20127,8343
20060,8410
20120,8351
20138,8450
19995,8375
20069,8324
20025,8486
20043,8323
20011,8471
20029,8300
20119,8430
20052,8371
20126,8292
20075,8434
20149,8333
20008,8377
20098,8487
20144,8451
20109,8293
20042,8280
20132,8410
20102,8332
20141,8468
20035,8379
20058,8312
20085,8407
20018,8368
20092,8367
20115,8288
20025,8418
20101,8285
20050,8417
20124,8338
20142,8433
19999,8360
20057,8369
20006,8394
20082,8484
20017,8313
20107,8443
20040,8358
20114,8299
20010,8360
20033,8281
20097,8274
20083,8313
20067,8358
20039,8372
20062,8303
20064,8474
20117,8448
20032,8334
20140,8359
20050,8485
20122,8448
20073,8412
20147,8431
20022,8327
20080,8378
19992,8278
20031,8415
20112,8325
20130,8444
20061,8382
20079,8387
20056,8482
20021,8262
20111,8388
20044,8361
20014,8287
20037,8262
20048,8379
20122,8388
20087,8314
20071,8363
20027,8257
20013,8302
20103,8428
20036,8337
20054,8400
20077,8401
20151,8416
20137,8324
20086,8353
19996,8281
20019,8424
20042,8459
20026,8314
20116,8440
20134,8427
20030,8488
20127,8472
20009,8275
20099,8401
20120,8298
20046,8424
20085,8472
20002,8274
20011,8320
20119,8291
20029,8417
20034,8483
20052,8262
20126,8403
20075,8303
20059,8348
20068,8262
20160,8431
20109,8474
20024,8420
20042,8399
20114,8474
20051,8311
20141,8329
20074,8380
20023,8421
20064,8297
20154,8423
20101,8386
20050,8276
20124,8293
20034,8423
20057,8254
20084,8331
20015,8445
20107,8308
20017,8438
20040,8273
20024,8480
20114,8414
19989,8312
20049,8357
20123,8276
20056,8305
20146,8399
20055,8312
20129,8446
20039,8489
20078,8395
19981,8304
20022,8466
20027,8478
19990,8326
20156,8442
20031,8256
20089,8393
20112,8304
20038,8434
20077,8450
20061,8243
20047,8256
20121,8390
20139,8419
20070,8483
20072,8350
20146,8467
20021,8395
20111,8265
20044,8284
20104,8345
20053,8410
20060,8316
20152,8325
20150,8442
20043,8301
20133,8419
20103,8289
20013,8419
20052,8469
20137,8305
20063,8439
20121,8450
20086,8252
20144,8429
20019,8309
20093,8390
20026,8321
20028,8445
20035,8277
20125,8395
20143,8348
20076,8337
20007,8427
20099,8282
20085,8301
20108,8340
20041,8399
20025,8248
20115,8378
20011,8317
20135,8340
20068,8393
20107,8485
20091,8376
20001,8336
20024,8303
20010,8270
20100,8396
20118,8359
20033,8423
20051,8320
20141,8318
19982,8360
20148,8400
20023,8318
20081,8403
20016,8424
20039,8286
20131,8329
20041,8459
20113,8408
20062,8453
20064,8420
20117,8294
20073,8314
20096,8367
20045,8388
20066,8267
20123,8353
20033,8483
19998,8277
20056,8444
20095,8357
20005,8333
20044,8467
19991,8302
20014,8373
20106,8378
20090,8487
20037,8444
20055,8333
20113,8484
20078,8278
20136,8387
20048,8293
20138,8427
20087,8476
20145,8331
20020,8395
20004,8282
20027,8363
20105,8307
20054,8254
20128,8380
20077,8311
19987,8307
20121,8275
20047,8405
20070,8286
20072,8457
20019,8450
20093,8471
20030,8326
20088,8329
20053,8303
20127,8370
20150,8305
20060,8439
20099,8459
20120,8324
19995,8362
19979,8315
20002,8376
20110,8329
20025,8457
20043,8422
20029,8263
20119,8389
20052,8344
20149,8360
20109,8256
20132,8359
20028,8304
20102,8353
20035,8414
20058,8293
20085,8434
20018,8333
20092,8324
20041,8308
20025,8389
20115,8263
20101,8312
20050,8442
20124,8335
20142,8410
19999,8375
20165,8411
20006,8367
20098,8324
20082,8449
20135,8457
20084,8237
20017,8284
20091,8245
20107,8414
20040,8331
20130,8469
20010,8373
20100,8247
20033,8316
20097,8309
20083,8348
19993,8324
20067,8333
20016,8291
20090,8438
20113,8277
20039,8403
20062,8304
20117,8427
20032,8355
20140,8380
20073,8423
20147,8338
20057,8464
20022,8376
20080,8351
20096,8250
20045,8313
19992,8315
20031,8378
20112,8346
20130,8409
20079,8366
20072,8248
20021,8289
20111,8419
20044,8326
20014,8256
20037,8289
20055,8454
20060,8454
20048,8400
20122,8417
20087,8337
19997,8329
20071,8326
20020,8286
20094,8445
20004,8397
20103,8331
20105,8440
20036,8382
20054,8373
20077,8428
20151,8351
20063,8233
20137,8367
19996,8310
20019,8335
20042,8468
20026,8295
20134,8396
20116,8421
20012,8278
20030,8461
20088,8468
20035,8463
20127,8487
20076,8251
20009,8310
20099,8436
20046,8333
20085,8451
20002,8271
20110,8468
20115,8468
20011,8359
20119,8286
20029,8412
20126,8436
20075,8322
19985,8350
20059,8371
20008,8265
20082,8432
20135,8318
20017,8461
20001,8318
20109,8437
20024,8393
20042,8360
20102,8476
20051,8282
20141,8356
20023,8320
20097,8454
20064,8270
20101,8429
20050,8305
20034,8320
20006,8282
20084,8368
20015,8408
20017,8393
20107,8267
20040,8246
20024,8453
20114,8443
19989,8291
20049,8376
20074,8477
20095,8479
20005,8291
20097,8386
20090,8317
20055,8279
20129,8401
20136,8317
20154,8452
20032,8254
20080,8458
20031,8239
20015,8476
20038,8343
20077,8477
20061,8238
20047,8303
20139,8326
20049,8452
20121,8425
20070,8452
20072,8355
20003,8397
20111,8308
20021,8438
20044,8249
20030,8316
20104,8446
20053,8389
20127,8276
20129,8477
20152,8426
20094,8296
20043,8256
20133,8398
20103,8316
20013,8446
20151,8464
20063,8338
20121,8485
20086,8401
20144,8386
20132,8473
20116,8296
20026,8426
20028,8410
20102,8271
20035,8312
20125,8422
20143,8443
20076,8366
20007,8390
20099,8289
20046,8472
20018,8307
20108,8433
20041,8402
20115,8353
20082,8295
20135,8435
19994,8299
20068,8406
20091,8351
20001,8331
20024,8276
20010,8299
20118,8344
20100,8425
20051,8423
20074,8396
20148,8445
20081,8246
20016,8397
20039,8309
20113,8435
20131,8428
20064,8409
20022,8262
20096,8388
20045,8415
20066,8356
19976,8324
20015,8301
20153,8326
20049,8245
20123,8388
19998,8318
20056,8417
20095,8320
20014,8350
20106,8327
20016,8457
20090,8448
20037,8455
20129,8302
20055,8424
20078,8379
19988,8359
20136,8424
20048,8314
20138,8436
20020,8432
20096,8448
20027,8334
19990,8310
20105,8278
20089,8377
20128,8337
20038,8450
20121,8310
20047,8432
20070,8371
19980,8335
20019,8489
20003,8310
20065,8465
20012,8440
20104,8297
20088,8302
20030,8427
20053,8266
20127,8409
19986,8309
20060,8428
20046,8235
20120,8361
20002,8341
20110,8370
20133,8307
20043,8445
20119,8352
20052,8325
20063,8455
20068,8453
20109,8283
20093,8374
20132,8332
20028,8301
20102,8378
20125,8315
20035,8421
20143,8460
20058,8334
20148,8460
20007,8315
20108,8292
20092,8289
20018,8422
20041,8287
20025,8360
20124,8356
20142,8383
20006,8320
20098,8353
20082,8474
20017,8247
20107,8373
20040,8336
20130,8462
20100,8284
20118,8471
20033,8343
20123,8469
20097,8296
20081,8355
20083,8323
19993,8367
20067,8336
20016,8312
20090,8403
20000,8375
20113,8296
20039,8430
20062,8341
20117,8406
20140,8409
20096,8287
20080,8308
20022,8413
20045,8276
19992,8288
20066,8251
20031,8321
20105,8455
20038,8253
20112,8383
20130,8370
20040,8492
20079,8341
20111,8334
20095,8245
20065,8418
20037,8332
20060,8483
20048,8437
20122,8330
20087,8332
20032,8452
19997,8356
20071,8349
20020,8315
20094,8390
20004,8362
20043,8490
20103,8358
20105,8387
20054,8366
20063,8244
20137,8370
20070,8238
20019,8370
20026,8256
20116,8386
20134,8353
20012,8307
20030,8470
20088,8441
20035,8466
20099,8347
20046,8374
19995,8282
20069,8447
20011,8378
20029,8375
20126,8345
20075,8345
20059,8278
20008,8302
20082,8397
20137,8462
19994,8321
20001,8273
20109,8400
20042,8373
20010,8449
20118,8294
20051,8257
20141,8383
20023,8383
20092,8436
20101,8328
20050,8330
20140,8456
20034,8381
20057,8388
20084,8285
20015,8391
20017,8364
20114,8340
20123,8302
19998,8340
20074,8486
20005,8270
20097,8421
20106,8317
20090,8294
20078,8465
19988,8313
20032,8403
20022,8488
20080,8431
20038,8360
20061,8393
20079,8478
20139,8349
20049,8479
20070,8473
20072,8264
19980,8305
20021,8337
20065,8319
20030,8257
20104,8387
20053,8480
20127,8307
19986,8347
20071,8470
20110,8264
20094,8269
20013,8345
20036,8398
20054,8485
20151,8463
20063,8377
20086,8394
20019,8255
20116,8277
20026,8407
20102,8288
20104,8479
20125,8449
20143,8422
20076,8267
20009,8326
20069,8292
20018,8268
20108,8398
20115,8324
20126,8452
20098,8263
20082,8256
20135,8398
20068,8243
20107,8479
20091,8434
20024,8377
20010,8308
20100,8438
20118,8445
20051,8394
20074,8425
20131,8435
20064,8254
20057,8273
20022,8315
20096,8441
20066,8321
20015,8264
20049,8392
20123,8443
20095,8431
20014,8323
20106,8416
20037,8482
20055,8391
20078,8348
19988,8332
20020,8477
20096,8485
19990,8299
20089,8348
20038,8487
20061,8286
20121,8345
20070,8340
20003,8285
20026,8486
20012,8469
20030,8396
20088,8275
20104,8270
20053,8373
20127,8420
20145,8461
20002,8334
20110,8407
20043,8400
20119,8351
20013,8462
20063,8482
20086,8257
19978,8310
20093,8337
20028,8266
20102,8415
20051,8475
20125,8342
20058,8363
20007,8278
20120,8458
20085,8248
19977,8327
20018,8387
20092,8286
20108,8257
20041,8354
20131,8480
20025,8339
20142,8352
20098,8410
20068,8358
20107,8328
19989,8356
20100,8313
20010,8443
20118,8456
20033,8330
20123,8456
20074,8284
19982,8317
20081,8326
20083,8358
20067,8311
20157,8425
20016,8285
20090,8380
20000,8364
20113,8323
20062,8382
20117,8369
20140,8438
20073,8237
19981,8332
20096,8308
20080,8265
20022,8438
20045,8367
20130,8367
20040,8497
20079,8304
20153,8438
20049,8261
20056,8337
20021,8247
20111,8373
20065,8389
19991,8373
20037,8343
20078,8235
20138,8324
20122,8375
20087,8363
20071,8312
20145,8446
20020,8288
20094,8363
20004,8375
20043,8449
20027,8446
20013,8255
20103,8381
20105,8358
20031,8480
20054,8323
20112,8464
20086,8464
20134,8378
20012,8328
20088,8414
20053,8250
20060,8348
20099,8382
20046,8283
20120,8409
19995,8305
20069,8410
20110,8482
20029,8338
20103,8449
20052,8437
20126,8354
20075,8380
20059,8269
20008,8307
20082,8358
20137,8465
19994,8362
20109,8363
20042,8350
20118,8283
20058,8254
20067,8484
20085,8333
20092,8401
20041,8239
20101,8339
20050,8359
20034,8278
20124,8404
19999,8290
20057,8431
19983,8339
20084,8314
20017,8327
20040,8416
20114,8369
20097,8344
20023,8478
20083,8243
20067,8416
20106,8262
20090,8259
19988,8294
20032,8392
20073,8346
20080,8388
19992,8336
20089,8314
20038,8269
20112,8399
20061,8420
20079,8453
20139,8368
20072,8301
20056,8476
20021,8380
20044,8435
20065,8274
20053,8459
20048,8325
20087,8252
20071,8429
20110,8301
20094,8278
20013,8372
20036,8427
20054,8478
20059,8474
20077,8343
20063,8260
20137,8386
20086,8431
19996,8323
20093,8311
20116,8370
20028,8492
20143,8397
20076,8288
20009,8361
20046,8486
20069,8271
20011,8394
20029,8487
20052,8312
20075,8233
20059,8390
20098,8288
20082,8285
20084,8457
20091,8425
20001,8385
20109,8480
20024,8350
20100,8467
20118,8406
20051,8241
20141,8399
20074,8434
19984,8342
20081,8300
19993,8296
20131,8406
20101,8472
20057,8308
20045,8469
20066,8442
20084,8397
20015,8375
20091,8469
20040,8299
20049,8419
20056,8235
20146,8341
20095,8394
20106,8397
20129,8356
20078,8321
20032,8259
19997,8293
20073,8455
20094,8449
20089,8327
20061,8313
20153,8456
20047,8250
20121,8380
20070,8425
20072,8408
20003,8352
20021,8449
20026,8451
20044,8294
20104,8275
20088,8248
20030,8401
20014,8480
20053,8336
20076,8471
20150,8352
20110,8440
20043,8247
20133,8377
20036,8286
20128,8471
19985,8306
20063,8393
20086,8314
20144,8375
20093,8332
20028,8359
20102,8432
20035,8239
20125,8369
20058,8404
20076,8411
20007,8365
20108,8286
20092,8251
20018,8412
20041,8325
20131,8455
20025,8310
20115,8436
20011,8263
20142,8325
20098,8439
20068,8323
20091,8290
19989,8335
20100,8326
20033,8365
20051,8378
20074,8313
20148,8330
20058,8456
20081,8345
20083,8397
20067,8282
20016,8370
20090,8345
20000,8321
20113,8358
20062,8387
20064,8366
20117,8348
20073,8240
20096,8297
20080,8238
20022,8427
20045,8330
20066,8305
20130,8328
20040,8470
20061,8458
20079,8287
20049,8280
20056,8374
20095,8319
20065,8376
20083,8457
19991,8336
20014,8435
20037,8370
20055,8375
20136,8349
20048,8239
20138,8353
20122,8272
20087,8390
20071,8279
20145,8401
20020,8333
20094,8332
20004,8348
20027,8405
20105,8329
20031,8463
20089,8460
20036,8461
20054,8292
20128,8422
20077,8253
19987,8365
20047,8335
20070,8292
20111,8468
20116,8468
20134,8351
20155,8422
20012,8357
20088,8387
20060,8377
20046,8316
20120,8446
19995,8340
20069,8357
19979,8325
20018,8463
20092,8458
20043,8352
20029,8333
20103,8476
20052,8402
20075,8403
20059,8288
20149,8430
20008,8344
20082,8323
20098,8454
20109,8326
20042,8315
20132,8441
20028,8250
20035,8344
20058,8283
20067,8459
20085,8360
20092,8398
20041,8242
20101,8382
20050,8384
20034,8307
20124,8433
20142,8464
19999,8329
20057,8338
20075,8479
20147,8464
20084,8295
20017,8346
20040,8389
20114,8266
20010,8331
20033,8250
20097,8371
20081,8470
20083,8278
20067,8391
20039,8341
20062,8270
20117,8481
20032,8429
20140,8326
20050,8452
20073,8381
20080,8409
20045,8255
19992,8373
20031,8444
20089,8285
20038,8294
20112,8420
20061,8351
20079,8416
20072,8306
20162,8428
20056,8449
20021,8359
20044,8392
20065,8245
20014,8318
20136,8456
20048,8346
20087,8283
20071,8392
20094,8251
20133,8479
20027,8302
20013,8271
20103,8397
20036,8432
20128,8305
20054,8435
20077,8370
20063,8291
20137,8421
20047,8464
20086,8320
19996,8376
20019,8393
20093,8274
20042,8490
20116,8351
20134,8458
20028,8457
20076,8317
20009,8268
20099,8398
20046,8395
20069,8234
20108,8448
20002,8309
20029,8450
20034,8450
20052,8293
20075,8268
20149,8307
20059,8445
20082,8246
20068,8293
20158,8419
20091,8396
20024,8323
20132,8300
20042,8430
20118,8395
20141,8426
20074,8351
19984,8363
20023,8394
20081,8263
20154,8326
20101,8483
20050,8247
20034,8390
20006,8288
20066,8407
20084,8426
20015,8338
20091,8456
20040,8304
20114,8385
20049,8326
20139,8452
20056,8272
20146,8430
20095,8401
20106,8406
20129,8351
20039,8462
20078,8426
20032,8312
20020,8487
19990,8353
20066,8475
20031,8289
20089,8426
20112,8287
20038,8413
20121,8359
20139,8384
20070,8386
20072,8445
20003,8327
20021,8492
20044,8259
20030,8250
20104,8376
20014,8453
20053,8443
20060,8259
20152,8356
20048,8469
20069,8475
20133,8324
20013,8388
20103,8262
20036,8315
20128,8460
20149,8452
20063,8404
20144,8332
20019,8274
20093,8423
20026,8352
20028,8348
20035,8242
20125,8364
20143,8381
20058,8433
20076,8432
20007,8328
20085,8270
20018,8249
20108,8379
20041,8424
20025,8281
20115,8411
20011,8282
20119,8469
20124,8475
20135,8373
20068,8424
20091,8281
20001,8369
20100,8355
20033,8384
20051,8353
19982,8331
20023,8287
20081,8444
20083,8432
20016,8343
20090,8322
20106,8473
20000,8294
20039,8255
20113,8377
20131,8358
20041,8484
20062,8420
20064,8323
20117,8327
20073,8283
20163,8409
20096,8334
20045,8421
20066,8298
20130,8293
20061,8485
20079,8250
20049,8307
20123,8334
20033,8460
20056,8411
20095,8282
20005,8366
20065,8339
19991,8335
20014,8404
20037,8413
20055,8338
20113,8453
20078,8305
20136,8354
20048,8260
20138,8394
20122,8317
20087,8445
20071,8242
20145,8372
20020,8362
20094,8337
20004,8313
20027,8392
20105,8300
20036,8490
20054,8281
20128,8411
20077,8280
19987,8336
20047,8362
20070,8313
20134,8304
20012,8386
20030,8353
20088,8360
20127,8339
20060,8406
20046,8289
20120,8419
20138,8462
19995,8331
20069,8320
19979,8344
20025,8490
20043,8327
20011,8459
20029,8296
20119,8426
20052,8383
20126,8296
20075,8438
20149,8329
20008,8381
20082,8348
20098,8483
20144,8455
20109,8289
20042,8260
20132,8390
20102,8320
20141,8464
20035,8383
20058,8260
20085,8403
20018,8364
20092,8363
20115,8292
20025,8422
20101,8281
20050,8413
20034,8300
20124,8430
20142,8437
19999,8340
20057,8373
19983,8357
20006,8398
20082,8480
20017,8317
20107,8447
20040,8362
20114,8295
20010,8340
20033,8285
20097,8278
20083,8317
20067,8362
20039,8368
20062,8275
20064,8478
20117,8460
19974,8335
20032,8322
20140,8355
20050,8481
20122,8460
20073,8384
20147,8435
20022,8347
20080,8382
19992,8282
20031,8411
20089,8256
20038,8315
20112,8441
20130,8440
20061,8378
20079,8399
20056,8486
20021,8258
20111,8384
20044,8357
20014,8291
20037,8258
20055,8487
20048,8383
20122,8384
20087,8310
20071,8359
20020,8253
20027,8261
20013,8298
20103,8424
20036,8349
20128,8278
20054,8404
20077,8397
20151,8444
20137,8328
20086,8357
19996,8277
20144,8310
20019,8428
20093,8269
20116,8324
20134,8431
20030,8492
20127,8452
20009,8279
20099,8405
20120,8302
20046,8428
20069,8245
20108,8477
20002,8302
20011,8324
20119,8319
20029,8445
20052,8258
20126,8407
20075,8291
20059,8336
20068,8258
20160,8419
20109,8470
20024,8424
20042,8395
20114,8470
20051,8315
20141,8325
20074,8376
20023,8417
20081,8282
20064,8301
20154,8419
20101,8398
20050,8272
20124,8289
20034,8419
20006,8261
20084,8343
20015,8441
20107,8296
20017,8426
20040,8277
20024,8484
20114,8410
20049,8345
20139,8475
20056,8309
20055,8308
20129,8434
20039,8485
20078,8399
19981,8300
20022,8470
20027,8466
19990,8346
20156,8438
20031,8268
20089,8397
20112,8308
20038,8438
20047,8268
20121,8394
20139,8423
20070,8487
20072,8322
20146,8463
20111,8277
20021,8407
20044,8280
20104,8349
20053,8422
20060,8312
20152,8329
20150,8446
20009,8448
20048,8490
20043,8289
20133,8431
20103,8285
20013,8415
20052,8465
20137,8309
20063,8435
20121,8454
20086,8240
19978,8345
20144,8417
20019,8313
20093,8386
20026,8333
20028,8441
20035,8281
20125,8391
20143,8344
20076,8333
20099,8286
20085,8297
20108,8336
20041,8435
20025,8252
20115,8382
20011,8305
20135,8336
20068,8437
20091,8380
20001,8340
20024,8307
20010,8266
20100,8392
20118,8379
20033,8443
20051,8324
20074,8239
20148,8412
20023,8314
20081,8407
20016,8428
20000,8283
20039,8282
20131,8333
20041,8463
20113,8412
20062,8457
20064,8440
20117,8290
20073,8318
20096,8355
20045,8384
20066,8263
20130,8286
20153,8359
20123,8357
20033,8487
19998,8281
20056,8384
20146,8318
20095,8353
20005,8329
20044,8463
19991,8298
20014,8377
20106,8358
20090,8483
20037,8440
20055,8329
20113,8472
20078,8282
20136,8391
20048,8281
20138,8407
20122,8294
20087,8472
20145,8335
20020,8407
20027,8367
20105,8311
20054,8242
20128,8368
20077,8307
19987,8311
20121,8279
20047,8401
20070,8274
20072,8461
20019,8454
20093,8467
20012,8415
20030,8330
20088,8333
20053,8299
20127,8382
20150,8309
20060,8435
20099,8463
20120,8328
19995,8366
20161,8410
19979,8319
20002,8372
20110,8333
20025,8461
20043,8346
20029,8259
20119,8385
20052,8356
20059,8250
20008,8386
20068,8484
20109,8316
20132,8355
20102,8357
20035,8386
20125,8284
20058,8289
20085,8446
20018,8329
20092,8320
20041,8312
20025,8393
20115,8267
20101,8292
20050,8438
20124,8331
20142,8414
19999,8371
20006,8355
20098,8320
20135,8453
20084,8233
20017,8272
20107,8402
20040,8335
20130,8465
20010,8369
20033,8304
20097,8265
20083,8288
19993,8328
20067,8369
20016,8295
20090,8434
20113,8265
20039,8399
20062,8308
20117,8439
20032,8359
20140,8376
20073,8427
20147,8342
20057,8468
20022,8380
20080,8339
20096,8254
20045,8309
19992,8319
20031,8358
20105,8480
20112,8350
20130,8405
20079,8362
20072,8252
20021,8301
20111,8431
20044,8322
20014,8260
20037,8301
20055,8450
20060,8450
20048,8404
20122,8429
20087,8301
19997,8325
20071,8322
20020,8282
20094,8417
20004,8393
20027,8248
20103,8327
20105,8444
20036,8378
20054,8393
20077,8424
20137,8339
19996,8306
20019,8339
20042,8464
20026,8291
20134,8384
20116,8417
20012,8274
20030,8497
20088,8472
20127,8483
20076,8247
20009,8314
20099,8440
20046,8337
20085,8463
20002,8267
20110,8472
20115,8472
20011,8347
20119,8282
20029,8408
20052,8239
20126,8440
20075,8326
19985,8338
20059,8375
20008,8269
20082,8428
20135,8314
20017,8449
20001,8306
20109,8433
20024,8397
20042,8404
20102,8464
20051,8286
20141,8352
20148,8310
20023,8348
20097,8474
20131,8295
20064,8258
20101,8425
20050,8301
20034,8348
20006,8286
20084,8380
20015,8420
20017,8397
20107,8271
20040,8250
20024,8457
20114,8439
19989,8303
20049,8380
20123,8271
20074,8473
20095,8475
20005,8303
20097,8390
20090,8313
20055,8275
20129,8405
20154,8448
20032,8242
20022,8459
20080,8462
20027,8457
20089,8240
20015,8472
20038,8331
20077,8473
20061,8234
20047,8299
20121,8429
20139,8442
20072,8359
20111,8304
20021,8434
20044,8245
20030,8288
20104,8418
20053,8385
20129,8465
20152,8430
20094,8300
20043,8260
20133,8394
20103,8312
20013,8442
20036,8237
20063,8350
20086,8405
20144,8390
20093,8253
20132,8453
20116,8308
20026,8438
20028,8406
20102,8259
20035,8316
20143,8327
20125,8418
20076,8362
20007,8386
20099,8293
20009,8423
20046,8476
20018,8303
20108,8429
20041,8406
20115,8357
20082,8291
20135,8431
19994,8311
20068,8402
20091,8339
20001,8335
20024,8280
20010,8279
20118,8348
20100,8405
20051,8427
20074,8392
20148,8441
20081,8234
20007,8454
20016,8385
20039,8305
20131,8336
20041,8466
20113,8439
20062,8466
20064,8413
20117,8269
20022,8282
20096,8408
20045,8411
20066,8352
19976,8328
20015,8297
20153,8330
20049,8233
20123,8408
19998,8290
20056,8421
20095,8332
20005,8340
20014,8354
20106,8323
20016,8461
20090,8460
20037,8451
20129,8290
20055,8420
20078,8383
19988,8355
20136,8428
20048,8318
20138,8432
20020,8444
20096,8452
20027,8322
20105,8282
20089,8381
20128,8341
20038,8454
20121,8314
20047,8444
20070,8375
20072,8466
19980,8331
20093,8462
20003,8314
20065,8469
20012,8436
20104,8301
20088,8306
20030,8431
20053,8278
20127,8389
19986,8305
20060,8424
20099,8466
20046,8239
20120,8365
20002,8337
20110,8374
20133,8319
20043,8433
20029,8254
20119,8380
20052,8321
20008,8423
20063,8451
20068,8449
20109,8279
20093,8370
20132,8328
20028,8297
20102,8382
20125,8311
20035,8425
20143,8456
20058,8330
20148,8456
20007,8311
19977,8352
20108,8288
20092,8317
20018,8418
20041,8259
20025,8364
20124,8352
20142,8387
20165,8418
19983,8303
20006,8324
20098,8381
20082,8470
20107,8361
20040,8340
20130,8458
20100,8280
20033,8299
20097,8300
20081,8359
20083,8327
19993,8371
20067,8340
20016,8316
20090,8415
20113,8300
20039,8426
20062,8345
20117,8402
20140,8405
20096,8275
20080,8296
20022,8401
20045,8272
19992,8292
20066,8247
20031,8333
20105,8459
20038,8241
20112,8371
20130,8398
20079,8337
20111,8330
20095,8241
20044,8351
20065,8422
20037,8328
20048,8425
20122,8342
20087,8328
20032,8472
19997,8352
20071,8345
20020,8263
20094,8394
20043,8494
20103,8354
20105,8391
20054,8354
20063,8240
20137,8374
19996,8303
20019,8374
20026,8268
20134,8357
20116,8398
20012,8303
20030,8474
20088,8445
20035,8470
20099,8351
20046,8378
19995,8286
20069,8443
20011,8382
20029,8371
20126,8349
20075,8349
20059,8362
20008,8274
20082,8393
19994,8333
20001,8277
20109,8396
20042,8369
20010,8461
20118,8314
20051,8261
20141,8379
19984,8314
20023,8379
20092,8432
20101,8436
20050,8326
20140,8452
20034,8377
20057,8392
20084,8281
20015,8387
20017,8352
20114,8336
20123,8290
19998,8344
20074,8482
20005,8266
20097,8441
20106,8313
20090,8290
20055,8270
20129,8392
20078,8469
20032,8407
20022,8492
20080,8419
20031,8246
20015,8455
20038,8364
20061,8389
20079,8474
20139,8337
20049,8467
20070,8477
20072,8268
19980,8301
20021,8349
20065,8307
20030,8261
20104,8391
20127,8319
19986,8343
20071,8466
20110,8268
20094,8305
20043,8283
20133,8405
20013,8341
20036,8394
20151,8459
20063,8357
20086,8398
20144,8411
20116,8273
20026,8403
20028,8499
20102,8292
20104,8451
20125,8477
20143,8418
20076,8263
20009,8330
20046,8449
20069,8288
20018,8264
20108,8394
20115,8328
20126,8456
20098,8259
20082,8316
20135,8394
20068,8255
20107,8467
20091,8438
20024,8381
20010,8304
20100,8434
20118,8433
20051,8398
20074,8405
20148,8422
20131,8439
20064,8242
20140,8319
20057,8277
20022,8319
20096,8445
20066,8349
20015,8276
20049,8396
20123,8447
20146,8372
20095,8427
20005,8447
20014,8327
20106,8428
20037,8494
20055,8387
20078,8352
19988,8328
20136,8433
20020,8473
20094,8480
19990,8303
20089,8352
20128,8330
20038,8475
20061,8282
20121,8349
20070,8328
20026,8482
20065,8456
20012,8465
20104,8306
20088,8279
20030,8432
20053,8369
20127,8416
20150,8323
20145,8449
20002,8330
20110,8411
20043,8404
20119,8347
20013,8458
20086,8261
20093,8365
20132,8341
20028,8262
20102,8403
20051,8479
20125,8338
20058,8375
20007,8274
20120,8462
19977,8331
20108,8317
20092,8282
20018,8447
20041,8358
20131,8484
20025,8343
20142,8356
20006,8345
20098,8406
20068,8354
20107,8332
19989,8352
20100,8293
20010,8423
20118,8460
20033,8334
20123,8460
20074,8280
20081,8378
20083,8362
20067,8315
20157,8421
20016,8273
20090,8376
20000,8352
20113,8327
20062,8354
20117,8381
20140,8434
19981,8328
20147,8352
20057,8482
20022,8394
20080,8269
20096,8264
20045,8363
20130,8363
20079,8316
20153,8442
20056,8341
20111,8369
20065,8409
19991,8369
20037,8339
20078,8239
20122,8371
20087,8359
20071,8308
20145,8434
20020,8300
20094,8367
20004,8371
20043,8453
20027,8434
20103,8377
20105,8362
20031,8492
20054,8327
20112,8468
20151,8365
20086,8468
20134,8382
20012,8324
20088,8418
20060,8344
20099,8354
20046,8287
20120,8413
19995,8309
20069,8390
19979,8354
20110,8486
20029,8366
20052,8433
20126,8358
20075,8368
20059,8257
20008,8311
20082,8354
20137,8469
19994,8374
20109,8359
20042,8346
20118,8287
20058,8250
20067,8488
20085,8329
20092,8429
20101,8351
20050,8355
20034,8274
20124,8400
19999,8302
20057,8435
19983,8351
20084,8262
20017,8379
20040,8420
20114,8365
20005,8277
20097,8348
20023,8474
20083,8247
20067,8420
20106,8258
20090,8271
19988,8290
20062,8233
20032,8396
20073,8350
20080,8440
19992,8340
20089,8318
20038,8257
20112,8387
20061,8416
20079,8449
20139,8372
20072,8273
20021,8376
20044,8431
20065,8278
20053,8471
20087,8248
20071,8425
20110,8305
20094,8282
20013,8368
20036,8407
20054,8466
20059,8478
20077,8339
20063,8256
20137,8390
20086,8419
19996,8351
20093,8307
20026,8252
20116,8382
20028,8488
20102,8313
20143,8393
20076,8284
20166,8410
20009,8365
20046,8490
20069,8267
20108,8487
20011,8398
20029,8483
20075,8237
20059,8410
20098,8316
20082,8281
20084,8469
20091,8429
20001,8389
20024,8354
20100,8479
20118,8426
20051,8245
20141,8395
20074,8446
19984,8330
20081,8288
19993,8300
20131,8410
20101,8452
20057,8312
20045,8465
20066,8438
20084,8393
20015,8371
20040,8303
20049,8423
20056,8239
20146,8337
20095,8438
20106,8393
20055,8254
20129,8376
20078,8325
20032,8263
19997,8289
20073,8459
20020,8454
20094,8453
20089,8331
20061,8309
20153,8460
20121,8320
20070,8429
20072,8412
20003,8356
20021,8461
20026,8463
20044,8290
20104,8279
20088,8252
20030,8405
20053,8348
20076,8467
20150,8356
20110,8444
20043,8235
20133,8357
20036,8282
19985,8310
20086,8318
20144,8363
20093,8328
20028,8355
20102,8436
20051,8450
20125,8333
20058,8400
20076,8407
20007,8361
20085,8239
20108,8282
20092,8247
20018,8408
20041,8329
20131,8459
20025,8314
20115,8440
20142,8329
20098,8435
20068,8335
20091,8294
19989,8331
20100,8322
20033,8353
20051,8382
20123,8483
20074,8293
20148,8342
20058,8468
20097,8250
20081,8349
20083,8401
20067,8286
20016,8374
20090,8357
20000,8325
20113,8346
20062,8391
20064,8354
20117,8344
20073,8244
20096,8301
20022,8431
20045,8326
20130,8324
20040,8474
20061,8454
20079,8283
20049,8284
20056,8378
20095,8315
20065,8380
20083,8461
19991,8364
20014,8439
20037,8382
20055,8371
20136,8321
20138,8365
20122,8284
20087,8386
20071,8275
20145,8405
20020,8329
20094,8368
20004,8344
20043,8472
20027,8425
20105,8333
20031,8459
20089,8464
20036,8457
20054,8312
20128,8442
20077,8249
19987,8369
20047,8331
20086,8457
20111,8464
20116,8464
20134,8339
20155,8442
20012,8353
20088,8391
20060,8373
20046,8256
20120,8386
19995,8296
20069,8353
20018,8459
20092,8454
20043,8356
20029,8329
20103,8472
20052,8414
20075,8407
20059,8292
20149,8426
20008,8348
20082,8383
20098,8450
20109,8322
20042,8295
20132,8421
20028,8246
20035,8348
20067,8463
20085,8372
20159,8423
20092,8394
20041,8246
20101,8378
20050,8380
20034,8271
20124,8397
20142,8468
19999,8309
20057,8342
20075,8467
20147,8468
20084,8291
20017,8350
20040,8393
20114,8262
20033,8254
20097,8375
20081,8458
20083,8282
20067,8395
20039,8337
20062,8242
20032,8417
20140,8322
20050,8448
20073,8353
20147,8400
20080,8413
20045,8251
19992,8377
20031,8440
20089,8289
20038,8282
20112,8408
20061,8347
20079,8428
20072,8310
20162,8424
20056,8453
20021,8355
20044,8388
20065,8265
20136,8460
20048,8350
20087,8279
20071,8388
20094,8255
20133,8475
20027,8290
20013,8267
20103,8393
20036,8444
20128,8309
20054,8439
20077,8366
20063,8303
20137,8425
20047,8476
20086,8324
19996,8372
20019,8397
20093,8302
20116,8347
20134,8462
20028,8453
20076,8313
20009,8368
20120,8269
20046,8399
20069,8278
20002,8305
20011,8421
20029,8478
20034,8478
20052,8289
20075,8256
20149,8319
20059,8433
20082,8242
20068,8289
20158,8423
20091,8384
20024,8327
20132,8296
20042,8426
20100,8484
20118,8399
20141,8422
20074,8347
20023,8390
20081,8315
20050,8243
20034,8386
20057,8291
20006,8292
20066,8403
20084,8438
20015,8350
20091,8460
20040,8308
20049,8442
20056,8276
20146,8426
20164,8413
20095,8413
20106,8402
20129,8339
20039,8458
20078,8430
20032,8316
20020,8483
19990,8357
20066,8471
20031,8301
20089,8430
20112,8275
20038,8401
20047,8237
20121,8363
20139,8388
20070,8390
20072,8417
20003,8331
20021,8488
20044,8319
20030,8254
20104,8380
20014,8457
20053,8327
20076,8488
20060,8287
20152,8360
20048,8457
20069,8455
20110,8417
20133,8320
20013,8384
20103,8258
20036,8295
20128,8448
20149,8448
20063,8400
20144,8320
20019,8278
20093,8419
20026,8364
20028,8344
20035,8246
20125,8360
20143,8377
20058,8445
20076,8428
20007,8324
20085,8266
20018,8245
20108,8375
20041,8428
20025,8285
20115,8415
20011,8286
20119,8465
20124,8471
20098,8428
20135,8369
20068,8340
20091,8285
20001,8373
20100,8367
20033,8388
20051,8357
19982,8335
20023,8283
20081,8432
20083,8436
20016,8331
20090,8334
20106,8453
20000,8314
20039,8251
20113,8381
20131,8362
20041,8488
20062,8424
20064,8327
20117,8323
20073,8287
20163,8413
20096,8322
20045,8417
20066,8294
20061,8481
20079,8262
20049,8311
20123,8322
20033,8448
20056,8415
20095,8262
20005,8362
20044,8494
20065,8343
19991,8331
20014,8408
20037,8409
20055,8366
20078,8309
20136,8358
20048,8248
20138,8374
20122,8313
20087,8441
20071,8238
20145,8360
20020,8374
20094,8341
20004,8293
20027,8396
20105,8336
20031,8470
20036,8470
20054,8285
20128,8415
20077,8276
19987,8340
20047,8374
20086,8482
20070,8317
20134,8308
20012,8382
20030,8357
20088,8364
20127,8351
20060,8402
20046,8293
20120,8423
20138,8458
19995,8335
20069,8332
19979,8348
20025,8494
20043,8379
20011,8463
20029,8292
20119,8422
20052,8379
20126,8300
20075,8426
20149,8341
20008,8353
20082,8344
20109,8349
20042,8256
20132,8386
20102,8324
20141,8460
20035,8355
20058,8256
20067,8466
20085,8415
20018,8360
20092,8359
20115,8296
20025,8426
20101,8261
20050,8409
20034,8296
20124,8426
20142,8441
19999,8336
20057,8377
19983,8353
20006,8386
20017,8305
20107,8435
20040,8366
20114,8291
20010,8336
20033,8273
20097,8362
20023,8492
20083,8257
20067,8366
20039,8364
20062,8279
20064,8466
20117,8456
20032,8326
20140,8351
20050,8477
20122,8456
20073,8388
20147,8439
20022,8351
20080,8370
19992,8286
20031,8391
20089,8260
20038,8319
20112,8445
20130,8436
20061,8374
20079,8395
20139,8302
20021,8270
20111,8396
20044,8353
20065,8236
20014,8295
20037,8270
20055,8483
20136,8465
20048,8371
20122,8396
20087,8306
20071,8355
20020,8249
20027,8281
20013,8294
20103,8420
20036,8345
20128,8298
20054,8424
20059,8488
20077,8393
20151,8440
20137,8332
20086,8377
19996,8273
20019,8432
20093,8265
20116,8320
20134,8419
20127,8448
20009,8283
20099,8409
20120,8306
20046,8432
20069,8241
20108,8473
20002,8298
20011,8440
20119,8315
20029,8441
20052,8270
20126,8411
20075,8295
20059,8340
20068,8270
20160,8423
20017,8482
20109,8466
20024,8428
20132,8309
20042,8439
20114,8466
20051,8319
20141,8321
20074,8356
20023,8445
20081,8286
20157,8449
20064,8289
20154,8431
20101,8394
20050,8268
20124,8317
20034,8447
20006,8313
20066,8396
20084,8339
20015,8325
20107,8300
20017,8430
20040,8281
20024,8488
20114,8406
20049,8349
20056,8313
20106,8255
20055,8304
20129,8438
20039,8481
20078,8403
20027,8470
19990,8350
20156,8434
20031,8264
20089,8401
20112,8296
20038,8426
20047,8264
20121,8398
20139,8411
20070,8411
20072,8326
20146,8459
20111,8273
20021,8403
20044,8276
20104,8321
20053,8418
20060,8308
20150,8434
20009,8452
20043,8293
20133,8427
20103,8281
20013,8411
20052,8477
20137,8313
20063,8447
20121,8458
20086,8244
19978,8325
20144,8421
20019,8317
20093,8414
20026,8329
20028,8437
20035,8285
20125,8387
20143,8356
20058,8422
20076,8329
20009,8384
20099,8258
20085,8309
20108,8332
20041,8439
20025,8256
20115,8386
20011,8309
20119,8460
20124,8460
20135,8332
19994,8278
20068,8433
20091,8368
20001,8360
20024,8311
20100,8372
20118,8383
20033,8447
20051,8328
20074,8235
20023,8310
20081,8395
20016,8416
20000,8287
20039,8278
20131,8369
20113,8400
20062,8461
20064,8444
20117,8302
20073,8290
20163,8416
20096,8359
20045,8444
20066,8259
20079,8237
20123,8377
19998,8285
20056,8388
20146,8314
20095,8365
20005,8373
20044,8459
20065,8330
19991,8294
20014,8381
20106,8354
20037,8420
20055,8325
20113,8476
20078,8286
20136,8395
20048,8285
20138,8403
20122,8290
20087,8468
20145,8323
20020,8403
20027,8355
20105,8315
20036,8499
20054,8246
20128,8372
20077,8303
19987,8315
20121,8283
20047,8413
20070,8278
20019,8458
20012,8411
20030,8334
20088,8337
20053,8311
20127,8378
20060,8399
20120,8332
20138,8471
19995,8354
20069,8343
20161,8414
20002,8368
20110,8337
20025,8465
20043,8350
20029,8287
20119,8413
20052,8352
20126,8305
20059,8254
20149,8368
20008,8390
20068,8480
20144,8464
20109,8312
20042,8237
20132,8367
20102,8345
20125,8280
20035,8390
20058,8301
20085,8442
20018,8325
20092,8348
20041,8316
20025,8397
20115,8271
20101,8288
20050,8434
20124,8327
20142,8418
19999,8383
20006,8359
20098,8348
20008,8450
20135,8449
20084,8245
20017,8276
20107,8406
20040,8371
20114,8316
20010,8381
20100,8255
20033,8308
20097,8269
20083,8292
19993,8332
20067,8373
20090,8446
20039,8395
20113,8269
20062,8312
20117,8435
20032,8379
20140,8372
20073,8431
20147,8346
20057,8472
20022,8368
20080,8343
20096,8242
20045,8305
20031,8354
20105,8484
20112,8338
20130,8401
20079,8374
20021,8297
20111,8427
20044,8382
20014,8264
20037,8297
20055,8478
20060,8478
20048,8392
20122,8425
20087,8297
19997,8321
20071,8382
20094,8421
20027,8252
20103,8323
20105,8416
20036,8358
20054,8397
20077,8420
20137,8343
20047,8486
20019,8343
20042,8476
20026,8303
20134,8388
20116,8429
20012,8270
20030,8501
20088,8476
20143,8318
20076,8243
20009,8318
20099,8444
20046,8341
20085,8459
20110,8476
20115,8476
20011,8351
20119,8278
20029,8404
20052,8235
20126,8444
20075,8314
19985,8342
20059,8331
20082,8424
20135,8310
20017,8453
20001,8310
20109,8429
20024,8401
20042,8400
20102,8468
20051,8290
20141,8348
20148,8306
20023,8344
20097,8478
20131,8299
20064,8262
20101,8405
20050,8297
20034,8344
20057,8233
20006,8274
20084,8376
20015,8416
20017,8385
20107,8259
20040,8254
20024,8461
20114,8435
19989,8299
20049,8368
20074,8453
20095,8455
20005,8299
20097,8410
20055,8303
20129,8425
20154,8460
20032,8246
20022,8463
20080,8450
20027,8461
20156,8431
20031,8279
20089,8244
20038,8335
20077,8469
20047,8311
20121,8433
20139,8446
20072,8363
20111,8316
20021,8446
20044,8241
20030,8292
20104,8422
20053,8397
20127,8284
20129,8469
20152,8434
20043,8312
20133,8438
20103,8308
20013,8438
20063,8346
20144,8442
20019,8288
20093,8249
20132,8449
20116,8304
20026,8434
20028,8402
20102,8263
20104,8482
20035,8288
20143,8323
20125,8446
20076,8358
20007,8446
20099,8297
20009,8427
20018,8299
20108,8425
20041,8410
20115,8361
20135,8427
19994,8307
20068,8414
20091,8343
20001,8323
20024,8284
20010,8275
20118,8336
20100,8401
20051,8431
20074,8244
20023,8301
20081,8238
20007,8450
20016,8389
20039,8301
20131,8340
20041,8470
20113,8427
20062,8470
20064,8401
20117,8265
20022,8286
20096,8412
20045,8407
20066,8380
19976,8332
20015,8309
20049,8237
20123,8412
19998,8294
20056,8425
20095,8328
20005,8336
19991,8285
20014,8358
20106,8335
20016,8449
20090,8456
20037,8463
20129,8294
20055,8416
20078,8259
19988,8367
20136,8400
20048,8306
20138,8444
20020,8440
20096,8472
20027,8326
20105,8286
20054,8235
20128,8361
20121,8318
20047,8440
20070,8363
20072,8470
19980,8327
20093,8458
20003,8318
20012,8432
20030,8339
20088,8310
20053,8274
20127,8385
19986,8301
20060,8420
20099,8470
20046,8243
20120,8369
20161,8433
20002,8365
20110,8378
20133,8315
20043,8437
20029,8250
20119,8376
20052,8333
20008,8427
20063,8463
20068,8461
20109,8275
20042,8246
20132,8372
20028,8293
20102,8370
20125,8307
20035,8429
20143,8468
20058,8342
20007,8307
20085,8421
19977,8356
20018,8350
20092,8313
20041,8263
20025,8368
20034,8254
20124,8380
20142,8391
19983,8299
20006,8376
20098,8377
20082,8466
20135,8476
20107,8365
20040,8344
20130,8454
20010,8390
20100,8260
20033,8303
20097,8288
20083,8331
19993,8375
20067,8344
20016,8304
20090,8411
20113,8288
20039,8422
20062,8349
20117,8414
20140,8401
20073,8434
19981,8361
20147,8321
20057,8451
20096,8279
20080,8300
20022,8405
20045,8268
19992,8296
20066,8243
20031,8329
20105,8463
20038,8245
20112,8375
20130,8394
20079,8349
20111,8342
20095,8253
20044,8347
20065,8442
20037,8308
20048,8429
20122,8338
20087,8324
20032,8476
20071,8341
20020,8259
20094,8398
20043,8482
20103,8350
20105,8395
20054,8358
20077,8447
20063,8252
20137,8378
19996,8299
20019,8378
20026,8264
20116,8394
20134,8409
20012,8299
20030,8478
20088,8449
20035,8474
20099,8323
20046,8382
19995,8274
20069,8423
20110,8449
20115,8451
20011,8370
20119,8269
20029,8399
20126,8321
20075,8337
19985,8361
20059,8366
20008,8278
20082,8389
19994,8329
20017,8472
20001,8297
20109,8392
20042,8381
20010,8457
20118,8318
20051,8265
20141,8375
19984,8318
20023,8375
20101,8432
20050,8322
20140,8448
20034,8373
19999,8271
20057,8396
20084,8357
20015,8399
20017,8356
20114,8332
20123,8294
19998,8348
20005,8310
20097,8445
20106,8293
20090,8302
20055,8266
20129,8396
20078,8473
20022,8480
20080,8423
20031,8242
20015,8451
20038,8352
20061,8385
20079,8486
20139,8341
20049,8471
20070,8465
20072,8368
20021,8345
20065,8311
20030,8265
20104,8395
20053,8488
20127,8315
20129,8456
19986,8339
20150,8456
20071,8462
20110,8272
20094,8309
20043,8287
20133,8401
20013,8337
20036,8246
20151,8455
20063,8353
20086,8386
20144,8415
20116,8285
20026,8415
20028,8399
20102,8280
20104,8455
20125,8473
20143,8430
20076,8259
20009,8334
20046,8453
20069,8300
20018,8260
20108,8390
20115,8332
20126,8460
20098,8287
20082,8312
20135,8390
20068,8251
20107,8471
20091,8330
20024,8257
20010,8316
20100,8446
20118,8437
20051,8402
20074,8401
20148,8418
20016,8410
20131,8443
20064,8246
20057,8281
20022,8307
20096,8433
20066,8345
19976,8337
20015,8272
20049,8384
20123,8435
20146,8368
20095,8343
20005,8443
20014,8331
20106,8424
20037,8490
20055,8415
20078,8356
19988,8340
20136,8437
20020,8421
20094,8484
19990,8291
20089,8356
20128,8334
20038,8479
20061,8278
20121,8289
20047,8423
20070,8332
19980,8348
20026,8494
20065,8460
20012,8461
20104,8310
20088,8283
20030,8436
20053,8381
20127,8428
20150,8327
20145,8453
20002,8326
20110,8415
20043,8392
20119,8343
20013,8454
20086,8281
19978,8318
20093,8361
20132,8337
20028,8258
20102,8407
20051,8483
20125,8302
20035,8432
20058,8371
20007,8270
20120,8466
19977,8335
20108,8313
20092,8278
20018,8443
20041,8362
20025,8347
20142,8360
20006,8349
20098,8402
20068,8366
20107,8320
19989,8364
20100,8289
20118,8448
20033,8322
20123,8448
20074,8260
20081,8382
20083,8366
20067,8319
20016,8277
20090,8388
20000,8356
20113,8315
20039,8445
20062,8358
20117,8377
20140,8430
19981,8324
20147,8356
20057,8486
20022,8398
20080,8257
20096,8268
20045,8359
20066,8236
20031,8340
20105,8466
20130,8359
20079,8312
20153,8446
20056,8345
20021,8255
20111,8381
20065,8413
20037,8351
20078,8243
20138,8332
20122,8383
20087,8355
20032,8497
20071,8304
20145,8438
20020,8296
20094,8403
20004,8383
20027,8438
20103,8373
20105,8366
20031,8488
20054,8347
20112,8456
20151,8361
20070,8251
20019,8353
20134,8370
20012,8320
20088,8422
20035,8481
20060,8340
20099,8358
20046,8355
20069,8386
19979,8358
20018,8490
20092,8485
20029,8362
20052,8445
20126,8362
20075,8372
20059,8261
20008,8315
20082,8414
20137,8473
19994,8370
20001,8268
20109,8355
20042,8326
20010,8466
20118,8275
20085,8341
20092,8425
20101,8347
20050,8351
20034,8366
19999,8298
20057,8439
19983,8347
20084,8258
20017,8383
20040,8424
20114,8361
19998,8353
20005,8273
20097,8336
20023,8470
20083,8251
20067,8424
20106,8270
20090,8267
20078,8450
19988,8302
20062,8237
20032,8384
20073,8322
20080,8444
19992,8344
20038,8261
20112,8391
20061,8444
20079,8461
19973,8336
20139,8360
20072,8277
20021,8324
20044,8427
20065,8298
20030,8274
20104,8400
20053,8467
19986,8364
20087,8244
20071,8421
20110,8309
20094,8286
20013,8364
20036,8403
20054,8470
20059,8466
20077,8335
20063,8268
20137,8394
20086,8423
19996,8347
20026,8248
20116,8378
20028,8484
20102,8317
20143,8405
20076,8280
20166,8414
20009,8337
20069,8311
20108,8483
20011,8386
20126,8465
20059,8414
20098,8312
20082,8277
20135,8413
20084,8465
20091,8417
20024,8358
20100,8475
20118,8430
20051,8249
20141,8391
20074,8442
19984,8334
20081,8292
19993,8304
20131,8414
20064,8235
20101,8448
20057,8316
20045,8461
20066,8434
20084,8405
20015,8383
20049,8411
20056,8243
20146,8333
20095,8434
20005,8390
20106,8437
20037,8501
20055,8250
20129,8380
20078,8329
20032,8283
19997,8317
20073,8463
20020,8450
20094,8457
20089,8335
20038,8496
20061,8305
20121,8324
20070,8417
20072,8384
20003,8360
20021,8457
20026,8459
20104,8283
20088,8256
20030,8409
20053,8344
20076,8463
20060,8254
20110,8384
20043,8239
20133,8353
20013,8481
20036,8262
19985,8298
20086,8306
20144,8367
20093,8324
20028,8383
20102,8424
20051,8454
20125,8329
20058,8412
20076,8403
20007,8357
20085,8235
19977,8338
20108,8278
20092,8243
20018,8404
20041,8333
20131,8463
20025,8318
20115,8444
20142,8333
20098,8399
20068,8331
20091,8314
19989,8343
20100,8334
20033,8357
20123,8487
20074,8289
19982,8302
20148,8338
20058,8464
20097,8254
20081,8337
20083,8405
20067,8258
20016,8362
20090,8353
20106,8484
20000,8345
20113,8350
20062,8395
20064,8358
20117,8356
20073,8248
19981,8351
20096,8289
20022,8419
20045,8322
20130,8320
20040,8478
20061,8450
20079,8295
20153,8417
20049,8272
20056,8382
20095,8295
20065,8368
20083,8465
19991,8360
20014,8443
20037,8378
20136,8325
20138,8361
20122,8280
20087,8414
20071,8271
20145,8393
20020,8341
20094,8372
20004,8324
20043,8476
20027,8429
20105,8369
20031,8503
20089,8468
20054,8316
20128,8446
20077,8245
20047,8343
20086,8461
20111,8476
20116,8476
20134,8343
20155,8446
20012,8349
20088,8395
20053,8237
20060,8369
20046,8260
20120,8390
19995,8300
20069,8365
20018,8455
20092,8450
20029,8325
20103,8468
20052,8410
20075,8395
20059,8312
20149,8438
20008,8320
20082,8379
20098,8478
20109,8382
20042,8291
20132,8417
20028,8242
20035,8320
20085,8368
20159,8419
20092,8390
20041,8250
20101,8358
20050,8376
20034,8267
20124,8393
20142,8472
19999,8305
20057,8346
20075,8471
19983,8326
20084,8303
20017,8338
20040,8397
20033,8242
20097,8331
20023,8461
20081,8462
20083,8286
20067,8399
20090,8244
20039,8333
20062,8246
20032,8421
20073,8357
20147,8404
20080,8401
20045,8247
20031,8420
20089,8293
20038,8286
20112,8412
20061,8343
20079,8424
20072,8314
20056,8457
20021,8367
20044,8384
20065,8269
20037,8239
20048,8338
20087,8275
20071,8384
20133,8455
20027,8294
20013,8263
20103,8389
20036,8440
20054,8459
20059,8457
20077,8362
20063,8299
20137,8429
20047,8472
20086,8344
19996,8368
20019,8401
20093,8298
20116,8359
20134,8450
20028,8449
20076,8309
20009,8372
20099,8246
20120,8273
20046,8403
20069,8274
20029,8474
20034,8474
20052,8301
20075,8260
20059,8437
20082,8238
20068,8301
20158,8427
20091,8388
20024,8331
20100,8480
20118,8387
20141,8418
20074,8327
19984,8355
20023,8386
20081,8319
20050,8239
20124,8284
20034,8414
20057,8295
20066,8431
20084,8434
20015,8346
20091,8448
20040,8312
20049,8446
19975,8338
20056,8280
20146,8422
20164,8409
20095,8409
20106,8414
20129,8343
20039,8454
20078,8434
20032,8304
20073,8466
20094,8466
20066,8467
20031,8297
20089,8434
20112,8279
20038,8405
20061,8300
20047,8233
20121,8367
20070,8442
20072,8421
20003,8335
20044,8315
20104,8352
20014,8461
20053,8323
20076,8484
20060,8283
20048,8461
20069,8451
20110,8421
20133,8332
20036,8291
20128,8452
20149,8460
20063,8412
19978,8356
20144,8324
20019,8282
20093,8447
20026,8360
20028,8340
20035,8250
20125,8356
20058,8441
20076,8424
20007,8320
20085,8278
20108,8371
20041,8336
20131,8466
20025,8289
20115,8419
20011,8274
20124,8467
20098,8424
20135,8365
20068,8336
20091,8273
20100,8363
20033,8408
20051,8361
19982,8339
20023,8279
20081,8436
20083,8440
20067,8233
20016,8335
20090,8330
20106,8449
20000,8318
20039,8247
20113,8369
20131,8366
20041,8492
20062,8428
20064,8347
20117,8335
20073,8259
20096,8326
20080,8251
20045,8349
20066,8290
20130,8317
20079,8258
20049,8299
20123,8326
20033,8452
20056,8355
20095,8258
20044,8490
20065,8363
19991,8327
20014,8412
20037,8389
20055,8362
20078,8313
20136,8362
20048,8252
20138,8370
20087,8437
20071,8234
20145,8364
20020,8370
20094,8345
20004,8289
20027,8384
20105,8340
20031,8466
20036,8466
20054,8273
20128,8403
20077,8272
19987,8344
20047,8370
20086,8486
20070,8305
20012,8378
20030,8361
20088,8368
20127,8347
20060,8366
20046,8297
20120,8427
19995,8323
20069,8328
19979,8336
20043,8383
20011,8451
20029,8288
20119,8418
20052,8391
20126,8272
20075,8430
20149,8337
20008,8357
20082,8340
20109,8345
20042,8268
20132,8398
20141,8456
20035,8359
20058,8268
20067,8470
20085,8411
20018,8356
20092,8355
20115,8300
20025,8430
20101,8257
20050,8405
20034,8292
20124,8422
20142,8445
19999,8348
20057,8381
20006,8390
20017,8309
20107,8439
20040,8402
20114,8287
20010,8348
20033,8277
20097,8366
20023,8488
20083,8261
20067,8402
20016,8250
20039,8360
20062,8283
20064,8470
20117,8468
20032,8346
20140,8347
20050,8473
20122,8468
20073,8392
20147,8443
20022,8339
20080,8374
19992,8354
20031,8387
20089,8264
20038,8307
20112,8433
20130,8432
20061,8370
20079,8407
20021,8266
20111,8392
20044,8413
20014,8299
20037,8266
20136,8469
20048,8375
20122,8392
20087,8270
20071,8415
20027,8285
20013,8290
20103,8416
20036,8325
20128,8302
20054,8428
20077,8389
20151,8436
20063,8310
20137,8432
20047,8455
20086,8381
19996,8365
20019,8436
20093,8261
20116,8332
20134,8423
20127,8460
20009,8287
20099,8413
20120,8310
20046,8436
20069,8253
20108,8469
20002,8294
20011,8444
20119,8311
20029,8437
20034,8503
20052,8266
20126,8415
20075,8283
20059,8424
20068,8266
20109,8462
20024,8432
20132,8305
20042,8435
20114,8462
20141,8445
20074,8352
20023,8441
20081,8274
20064,8293
20154,8427
20050,8264
20124,8313
20034,8443
20006,8317
20066,8392
20084,8351
20015,8321
20107,8288
20017,8418
20040,8285
20024,8492
20114,8402
20049,8337
20139,8467
20056,8317
20095,8484
20129,8330
20039,8477
20078,8407
20080,8481
20027,8490
19990,8338
20066,8460
20031,8308
20089,8405
20112,8300
20038,8430
20047,8276
20121,8402
20139,8415
20070,8415
20072,8330
20146,8455
20003,8338
20111,8285
20021,8415
20044,8272
20104,8325
20053,8430
20060,8304
20150,8438
20009,8456
20048,8482
20133,8343
20103,8277
20013,8407
20052,8473
20137,8317
20063,8443
20121,8462
19978,8321
20144,8345
20019,8257
20093,8410
20132,8480
20026,8341
20028,8433
20035,8257
20143,8352
20125,8415
20058,8418
20076,8325
20007,8351
20009,8388
20099,8262
20085,8305
20108,8328
20041,8443
20025,8260
20115,8390
20011,8297
20119,8456
20124,8456
20135,8328
19994,8274
20068,8445
20091,8372
20001,8364
20024,8315
20100,8368
20118,8371
20033,8435
20051,8332
20148,8356
20058,8486
20023,8306
20081,8399
20016,8420
20000,8275
20039,8274
20131,8373
20113,8404
20062,8433
20064,8432
20117,8298
20073,8294
20022,8249
20096,8379
20045,8440
20066,8287
20079,8233
20123,8381
20056,8392
20146,8310
20095,8361
20005,8369
20044,8455
20065,8334
20155,8460
19991,8290
20014,8385
20106,8366
20016,8480
20037,8416
20055,8321
20113,8464
20078,8290
20136,8399
20048,8273
20138,8415
20122,8302
20087,8464
20145,8327
20020,8415
20004,8270
20027,8359
20105,8319
20054,8266
20128,8392
20077,8299
19987,8319
20121,8287
20047,8409
20070,8266
19980,8358
20019,8462
20111,8486
20012,8407
20030,8370
20088,8341
20053,8307
20127,8358
20060,8395
20120,8336
20138,8467
19995,8358
20069,8339
19979,8311
20002,8396
20110,8341
20025,8469
20043,8338
20029,8283
20119,8409
20052,8364
20126,8309
20059,8242
20008,8394
20144,8468
20109,8308
20132,8363
20102,8349
20035,8394
20125,8276
20058,8297
20085,8390
20018,8321
20092,8344
20041,8288
20115,8275
20025,8401
20101,8300
20050,8430
20124,8323
20142,8422
19999,8379
20057,8352
20098,8344
20008,8454
20084,8241
20017,8264
20107,8394
20040,8375
20114,8312
20010,8377
20100,8251
20033,8264
20097,8257
20083,8296
19993,8336
20067,8377
20090,8442
20039,8391
20062,8316
20064,8459
20117,8447
20032,8383
20140,8368
20073,8403
20147,8350
20057,8476
20022,8372
20080,8331
20096,8246
20045,8301
20031,8366
20112,8342
20130,8429
20061,8365
20079,8370
20021,8309
20111,8439
20044,8378
20014,8268
20037,8277
20055,8474
20060,8474
20048,8396
20122,8437
20087,8293
19997,8349
20071,8378
20094,8425
20013,8317
20103,8447
20105,8420
20036,8354
20054,8385
20077,8416
20137,8347
20047,8482
20019,8347
20042,8472
20026,8299
20116,8425
20134,8440
20012,8266
20088,8480
20143,8314
20076,8239
20009,8290
20099,8416
20046,8345
20085,8471
20115,8480
20011,8339
20119,8274
20029,8400
20052,8247
20126,8416
20075,8318
19985,8330
20059,8335
20082,8420
20135,8306
20068,8279
20109,8425
20024,8405
20042,8412
20102,8456
20051,8294
20141,8344
20148,8318
20023,8340
20097,8466
20131,8303
20064,8282
20101,8401
20050,8293
20034,8340
20057,8237
20006,8278
20084,8324
20015,8428
20017,8389
20107,8263
20024,8465
20114,8431
19989,8311
20049,8372
20056,8290
20074,8449
20146,8412
20095,8451
20097,8414
20055,8299
20129,8429
20154,8456
19981,8319
20022,8451
20080,8454
20027,8449
20156,8427
20031,8275
20089,8248
20015,8480
20038,8323
20077,8465
20047,8307
20121,8437
20139,8434
20072,8367
20111,8312
20021,8442
20044,8237
20030,8296
20104,8426
20053,8393
20127,8280
20060,8301
20150,8427
20152,8438
20043,8316
20133,8434
20103,8304
20013,8434
20052,8454
20063,8326
20086,8237
20144,8446
20019,8292
20093,8245
20132,8461
20116,8316
20026,8446
20028,8430
20104,8486
20035,8292
20143,8335
20125,8442
20076,8354
20007,8442
20099,8301
20009,8431
20018,8295
20108,8421
20041,8414
20115,8365
20124,8485
20098,8254
20135,8423
19994,8319
20068,8410
20091,8363
20001,8327
20024,8288
20010,8287
20118,8340
20100,8413
20051,8435
20074,8240
20023,8297
20016,8441
20039,8297
20131,8344
20041,8474
20113,8431
20062,8474
20064,8405
20117,8277
20022,8274
20096,8400
20045,8403
20066,8376
20015,8305
20123,8400
19998,8298
20056,8429
20095,8372
20005,8348
20044,8476
19991,8281
20014,8362
20106,8331
20016,8453
20090,8468
20037,8459
20129,8314
20055,8444
20078,8263
19988,8363
20136,8404
20048,8310
20138,8440
20087,8463
20145,8346
20020,8388
20096,8476
20027,8346
20105,8258
20054,8239
20128,8365
19987,8290
20047,8388
20070,8367
20072,8474
19980,8323
20093,8454
20003,8290
20012,8428
20030,8343
20088,8314
20053,8286
20127,8397
19986,8297
20060,8416
20152,8449
20099,8474
20046,8247
20120,8373
20002,8361
20110,8382
20043,8425
20029,8246
20119,8372
20052,8329
20059,8233
20149,8359
20008,8431
20063,8459
20068,8457
20109,8271
20042,8242
20132,8368
20028,8289
20102,8374
20125,8271
20035,8401
20143,8464
20058,8338
20148,8464
20007,8303
20085,8417
20018,8346
20092,8309
20041,8267
20025,8372
20101,8311
20034,8250
20124,8376
20142,8395
19983,8311
20006,8380
20098,8373
20082,8462
20135,8472
20107,8353
20040,8348
20130,8450
20010,8386
20100,8256
20118,8483
20033,8291
20097,8292
20083,8335
20067,8348
20016,8308
20090,8423
20000,8387
20113,8292
20039,8418
20062,8321
20117,8410
20140,8397
20073,8438
19981,8357
20147,8325
20057,8455
20022,8361
20080,8288
20045,8264
19992,8300
20031,8373
20112,8363
20130,8390
20079,8345
20111,8338
20095,8249
20005,8449
20044,8343
20065,8446
20037,8304
20138,8303
20048,8417
20122,8350
20087,8320
20032,8464
19997,8376
20071,8337
20020,8271
20094,8434
20043,8486
20103,8346
20105,8399
20054,8378
20077,8443
20063,8248
20137,8382
19996,8295
20019,8382
20026,8276
20116,8406
20134,8413
20012,8295
20030,8450
20088,8453
20035,8478
20099,8327
20046,8322
19995,8278
20069,8419
20110,8453
20115,8455
20011,8374
20029,8395
20119,8265
20126,8325
20075,8341
19985,8365
20059,8354
20008,8282
20082,8385
19994,8341
20017,8476
20001,8301
20109,8388
20042,8377
20118,8306
20051,8269
20141,8371
19984,8306
20023,8371
20131,8306
20101,8444
20050,8318
20034,8369
20057,8400
20084,8353
20015,8395
20107,8282
20017,8408
20114,8328
20123,8314
19998,8320
20005,8306
20097,8433
20106,8289
20090,8298
20055,8262
20129,8384
20078,8477
20032,8239
20022,8484
20080,8475
20031,8254
20015,8463
20038,8356
20061,8413
20079,8482
20139,8329
20049,8459
20070,8469
20072,8372
20111,8295
20021,8421
20030,8269
20104,8399
20127,8295
20129,8460
19986,8335
20150,8460
20071,8458
20110,8276
20094,8313
20043,8275
20133,8413
20013,8333
20036,8242
20151,8451
20063,8365
20086,8390
20144,8403
20116,8281
20026,8411
20028,8395
20102,8284
20104,8459
20125,8469
20143,8426
20076,8383
20007,8401
20099,8304
20046,8457
20069,8296
20018,8256
20108,8386
20115,8336
20098,8283
20082,8308
20135,8386
20107,8459
20091,8334
20024,8261
20010,8312
20118,8329
20100,8442
20051,8406
20074,8413
20148,8430
20016,8414
20131,8447
20064,8394
20057,8285
20022,8311
20096,8437
20066,8341
19976,8341
20015,8284
20049,8388
20123,8439
20146,8364
20095,8339
20014,8335
20106,8340
20016,8474
20037,8470
20129,8285
20055,8411
20078,8360
19988,8336
20136,8441
19997,8286
20020,8417
20094,8488
19990,8295
20089,8360
20128,8322
20038,8467
20061,8274
20121,8293
20047,8419
20070,8320
19980,8344
20003,8265
20026,8490
20065,8448
20012,8457
20104,8314
20088,8287
20030,8440
20053,8377
20127,8424
20150,8347
20099,8481
20161,8424
20002,8322
20110,8355
20043,8396
20119,8339
20013,8450
20063,8470
20068,8470
20086,8285
19978,8314
20093,8357
20132,8349
20028,8286
20102,8395
20051,8487
20125,8298
20035,8436
20058,8383
20007,8266
20120,8470
20108,8309
20092,8274
20018,8439
20041,8366
20025,8351
20142,8364
20006,8337
20098,8366
20068,8362
20107,8324
19989,8360
20100,8301
20010,8431
20118,8452
20033,8326
20123,8452
20074,8256
20081,8370
20083,8370
20067,8291
20157,8445
20016,8265
20090,8384
20000,8376
20113,8319
20039,8441
20062,8362
20117,8389
20140,8426
19981,8320
20147,8360
20022,8386
20080,8261
20096,8256
20045,8355
20031,8336
20105,8470
20130,8355
20079,8324
20056,8349
20021,8251
20111,8377
20065,8401
20037,8347
20078,8247
20138,8328
20122,8379
20087,8383
20032,8501
20071,8300
20145,8426
20020,8308
20094,8407
20004,8379
20103,8369
20105,8402
20054,8351
20112,8460
20151,8357
20070,8255
20019,8357
20134,8374
20012,8316
20088,8426
20035,8485
20060,8336
20099,8362
20046,8359
20069,8398
20018,8486
20092,8481
20029,8358
20052,8441
20126,8366
20075,8360
20059,8281
20008,8319
20082,8410
20137,8477
20109,8415
20042,8322
20118,8279
20023,8366
20097,8488
20085,8337
20092,8421
20101,8327
20050,8347
20140,8473
20034,8362
19999,8278
20057,8443
20084,8270
20017,8371
20040,8428
20114,8357
19998,8357
20005,8285
20097,8340
20023,8466
20083,8255
20067,8428
20106,8266
20090,8279
20078,8454
19988,8298
20032,8388
20073,8326
20080,8432
19992,8348
20038,8377
20061,8440
20079,8457
20139,8364
20072,8281
20021,8320
20044,8423
20065,8302
20030,8278
20104,8404
20053,8479
19986,8360
20087,8240
20071,8417
20110,8313
20094,8258
20013,8360
20036,8415
20059,8470
20077,8331
20063,8264
20137,8398
20086,8443
19996,8343
20026,8388
20028,8480
20102,8305
20104,8464
20143,8401
20076,8276
20009,8341
20069,8307
20018,8285
20108,8415
20011,8390
20126,8469
20059,8402
20098,8308
20082,8273
20135,8409
20084,8477
20091,8421
20024,8362
20100,8455
20118,8418
20051,8253
20141,8387
20074,8422
19984,8322
19993,8308
20131,8386
20064,8239
20101,8460
20057,8256
20022,8296
20096,8426
20045,8457
20066,8334
20084,8401
20015,8379
20091,8481
20049,8415
20123,8426
20056,8247
20146,8329
20095,8446
20005,8386
20106,8433
20037,8497
20055,8246
20129,8368
20078,8333
20032,8287
19997,8313
20020,8462
20094,8461
19990,8280
20089,8339
20038,8500
20061,8269
20121,8328
20070,8421
20072,8388
20003,8364
20021,8469
20026,8471
20104,8287
20088,8260
20030,8413
20053,8356
20127,8439
20076,8459
20060,8250
20069,8484
20110,8388
20133,8365
20119,8334
20013,8477
20036,8258
20128,8483
19985,8302
20086,8310
20144,8355
20093,8320
20028,8379
20102,8428
20051,8458
20125,8325
20058,8408
20076,8399
20007,8353
20085,8247
19977,8342
20108,8274
20092,8271
20018,8400
20041,8369
20025,8322
20101,8253
20142,8337
20098,8395
20068,8375
20107,8347
20091,8318
20024,8245
19989,8339
20100,8330
20033,8377
20074,8301
19982,8306
20148,8350
20058,8476
20097,8242
20081,8341
20083,8409
20067,8262
20016,8366
20090,8365
20106,8480
20000,8349
20113,8338
20062,8399
20064,8378
20117,8352
20073,8252
19981,8347
20096,8293
20080,8282
20022,8423
20045,8382
20130,8348
20040,8450
20061,8478
20079,8291
20153,8421
20049,8276
20056,8322
20111,8356
20095,8291
20065,8372
20083,8469
19991,8356
20014,8447
20037,8358
20136,8329
20138,8341
20122,8356
20032,8490
20087,8410
20071,8267
20145,8397
20020,8337
20094,8376
20004,8320
20043,8464
20027,8417
20105,8373
20031,8499
20089,8472
20054,8304
20128,8434
20112,8481
20077,8241
20047,8339
20086,8449
20111,8472
20116,8472
20134,8331
20155,8434
20012,8345
20088,8399
20053,8233
20060,8333
20099,8369
20120,8394
20046,8264
19995,8288
20069,8361
20018,8451
20092,8478
20029,8321
20103,8464
20052,8422
20126,8371
20075,8399
20059,8316
20149,8434
20008,8324
20082,8375
20098,8474
20109,8378
20042,8303
20132,8429
20118,8264
20035,8324
20058,8239
20085,8380
20159,8431
20092,8386
20041,8254
20101,8354
20050,8372
20034,8263
20124,8389
19999,8317
20057,8350
20075,8459
19983,8322
20084,8299
20017,8342
20040,8433
20114,8382
20033,8246
20097,8335
20023,8457
20081,8450
20067,8435
20106,8279
20090,8240
20039,8329
20062,8250
20032,8441
20073,8361
20147,8408
20080,8405
20045,8243
19992,8321
20031,8416
20089,8297
20038,8274
20112,8400
20061,8339
20079,8436
20072,8318
20162,8416
20056,8461
20021,8363
20044,8444
20065,8257
20037,8235
20048,8342
20087,8239
20145,8314
20071,8444
20110,8290
20133,8451
20027,8314
20013,8259
20103,8385
20036,8420
20054,8463
20059,8461
20077,8358
20063,8279
20137,8401
20086,8348
19996,8332
20019,8405
20093,8294
20116,8355
20134,8454
20028,8477
20076,8305
20009,8376
20099,8250
20120,8277
20046,8407
20069,8286
20029,8470
20034,8470
20052,8297
20075,8248
20059,8393
20082,8234
20068,8297
20158,8431
20160,8410
20091,8408
20024,8335
20118,8391
20141,8414
20074,8323
19984,8359
20023,8414
20081,8307
20154,8330
20101,8471
20050,8235
20124,8280
20034,8410
20057,8299
20066,8427
20084,8446
20015,8358
20091,8452
20040,8316
20049,8434
19975,8334
20056,8284
20146,8418
20095,8389
20106,8410
20055,8237
20129,8363
20039,8450
20078,8438
20032,8308
20073,8470
20020,8491
20094,8470
20089,8438
20038,8393
20112,8267
20061,8296
20047,8245
20121,8371
20070,8446
20072,8425
20003,8371
20044,8311
20104,8356
20014,8465
20053,8335
20076,8480
20060,8279
20048,8449
20069,8463
20110,8425
20133,8328
20036,8303
20128,8472
20149,8456
20063,8408
20086,8299
19978,8352
20144,8376
20019,8286
20093,8443
20026,8372
20028,8336
20035,8254
20125,8352
20058,8389
20076,8420
20007,8380
20120,8480
20085,8274
20108,8367
20041,8340
20131,8470
20025,8293
20115,8423
20011,8278
20142,8314
20098,8420
20135,8361
20068,8348
20091,8277
20100,8343
20033,8412
20051,8365
20074,8310
19982,8343
20023,8275
20081,8424
20083,8444
20067,8237
20016,8323
20090,8342
20106,8461
20000,8306
20039,8243
20113,8373
20062,8400
20064,8351
20117,8331
20073,8263
20147,8306
20096,8346
20080,8255
20045,8345
20066,8318
20130,8313
20079,8270
20049,8303
20123,8346
20033,8472
20056,8359
20095,8270
20044,8486
20065,8367
19991,8323
20014,8416
20037,8385
20055,8358
20078,8317
20136,8366
20048,8240
20138,8382
20087,8433
20145,8352
20020,8382
20094,8349
20004,8301
20027,8388
20105,8344
20031,8478
20089,8451
20036,8478
20054,8277
20128,8407
20077,8268
19987,8348
20047,8382
20070,8309
20111,8455
20116,8453
20134,8300
20155,8425
20012,8374
20030,8365
20088,8372
20127,8327
20060,8362
20046,8301
20120,8431
19995,8327
20069,8372
19979,8340
20018,8476
20043,8371
20011,8455
20029,8316
20119,8446
20052,8387
20126,8276
20075,8418
20149,8349
20008,8361
20082,8336
20109,8341
20042,8264
20132,8394
20141,8452
20035,8363
20058,8264
20067,8474
20085,8359
20018,8352
20092,8383
20115,8304
20025,8434
20101,8269
20050,8401
20034,8288
20124,8418
20142,8449
19999,8344
20057,8321
20147,8451
19983,8361
20006,8442
20017,8297
20107,8427
20040,8406
20114,8283
20010,8344
20097,8354
20023,8484
20083,8265
20067,8406
20016,8254
20039,8356
20062,8287
20117,8464
20032,8350
20140,8343
20050,8469
20122,8464
20073,8396
20147,8447
20022,8343
20080,8362
19992,8358
20031,8399
20089,8268
20038,8311
20112,8437
20061,8334
20079,8403
20021,8278
20111,8404
20044,8409
20014,8303
20037,8246
20136,8473
20048,8363
20122,8404
20087,8266
20071,8411
20027,8273
20013,8286
20103,8412
20036,8321
20128,8290
20054,8416
20059,8480
20077,8385
20151,8432
20063,8306
20137,8436
20047,8451
20086,8369
19996,8361
20019,8440
20093,8257
20116,8328
20134,8475
20127,8456
20009,8259
20099,8385
20120,8314
20046,8440
20069,8249
20108,8465
20002,8290
20011,8432
20119,8307
20029,8433
20034,8499
20052,8278
20126,8387
20075,8287
20059,8428
20084,8487
20068,8310
20158,8432
20109,8458
20024,8436
20132,8317
20042,8447
20114,8458
20141,8441
20074,8364
20023,8437
20081,8278
20064,8313
20154,8439
20050,8260
20124,8309
20034,8439
20006,8305
20066,8388
20084,8347
20015,8333
20107,8292
20017,8422
20040,8257
20114,8398
20049,8341
20139,8471
20056,8257
20146,8447
20164,8418
20095,8480
20129,8334
20039,8473
20078,8411
20032,8297
20080,8485
20027,8494
19990,8342
20066,8456
20031,8304
20089,8409
20112,8288
20038,8418
20047,8272
20121,8406
20139,8403
20070,8403
20072,8334
20146,8451
20003,8342
20111,8281
20021,8411
20044,8268
20104,8329
20053,8426
20060,8268
20009,8460
20048,8486
20133,8339
20103,8273
20013,8403
20052,8485
20036,8308
20063,8423
20121,8466
19978,8333
20144,8349
20019,8261
20093,8406
20026,8337
20028,8333
20035,8261
20143,8364
20125,8411
20058,8430
20076,8321
20007,8347
20009,8392
20099,8266
20085,8317
20108,8324
20041,8447
20025,8264
20115,8394
20011,8301
20119,8452
20124,8452
20135,8324
19994,8286
20068,8441
20091,8264
20001,8352
20024,8319
20100,8380
20118,8375
20033,8439
20051,8336
20148,8352
20058,8482
20023,8270
20081,8387
20083,8419
20067,8240
20016,8344
20106,8470
20000,8279
20039,8270
20113,8392
20131,8377
20062,8437
20064,8436
20117,8310
20073,8298
20022,8253
20096,8383
20045,8436
20066,8283
20079,8245
20123,8369
20033,8499
20056,8396
20146,8306
20095,8277
20005,8381
20044,8451
20065,8322
20155,8448
19991,8318
20014,8389
20106,8362
20016,8484
20037,8428
20055,8349
20113,8468
20078,8294
20136,8371
20048,8277
20138,8411
20122,8298
20087,8428
20071,8253
20020,8411
20004,8266
20027,8379
20105,8291
20054,8270
20128,8396
20077,8295
19987,8323
20047,8357
20070,8270
19980,8354
20019,8466
20093,8487
20111,8482
20012,8403
20030,8374
20088,8345
20053,8319
20127,8354
20060,8391
20120,8340
20069,8351
20002,8392
20110,8345
20025,8473
20043,8342
20011,8474
20029,8279
20119,8405
20052,8360
20126,8313
20075,8441
20059,8246
20008,8398
20068,8488
20144,8456
20109,8304
20042,8277
20132,8407
20102,8337
20035,8398
20125,8272
20058,8309
20085,8386
20018,8381
20092,8340
20108,8255
20041,8292
20115,8279
20025,8405
20101,8296
20050,8426
20124,8351
20142,8426
19999,8359
20057,8356
20098,8340
20008,8458
20084,8253
20017,8268
20107,8398
20040,8379
20130,8485
20114,8308
20010,8357
20033,8268
20097,8261
20083,8300
19993,8340
20067,8381
20039,8387
20062,8288
20064,8463
20117,8443
20032,8371
20140,8364
20073,8407
20147,8418
20022,8328
20080,8335
20045,8297
20031,8362
20112,8330
20130,8425
20061,8361
20079,8382
20021,8305
20111,8435
20044,8374
20014,8272
20037,8273
20055,8470
20060,8470
20048,8384
20122,8433
20087,8289
19997,8345
20071,8374
20094,8429
20004,8445
20027,8244
20013,8313
20103,8443
20105,8424
20036,8366
20054,8389
20077,8412
20151,8431
20137,8351
20086,8362
20019,8351
20042,8452
20026,8311
20116,8437
20134,8444
20012,8262
20088,8484
20127,8471
20076,8235
20009,8294
20099,8420
20046,8349
20085,8467
20002,8287
20115,8484
20011,8343
20119,8302
20029,8428
20034,8492
20052,8243
20126,8420
20075,8306
19985,8334
20059,8323
20082,8416
20135,8302
20068,8275
20109,8421
20024,8409
20042,8408
20114,8487
20102,8460
20051,8298
20141,8340
20148,8314
20023,8336
20097,8470
20064,8286
20101,8413
20050,8289
20034,8336
20057,8241
20006,8266
20084,8320
20015,8424
20107,8315
20017,8441
20024,8469
20114,8427
19989,8307
20049,8360
20123,8283
20056,8294
20074,8461
20146,8408
20095,8463
20097,8402
20055,8295
20129,8417
20136,8301
19981,8315
20022,8455
20027,8453
19990,8331
20156,8423
20031,8287
20089,8252
20038,8327
20077,8461
20061,8254
20047,8319
20121,8441
20139,8438
20072,8339
20021,8390
20030,8300
20104,8430
20053,8405
20060,8297
20150,8431
20152,8442
20043,8304
20133,8446
20103,8300
20013,8430
20052,8450
20063,8322
19978,8342
20144,8434
20019,8296
20132,8457
20116,8312
20026,8442
20028,8426
20102,8255
20035,8296
20143,8331
20125,8438
20076,8350
20007,8438
20099,8273
20009,8403
20018,8291
20108,8417
20041,8386
20025,8243
20115,8369
20124,8481
20098,8250
20135,8419
19994,8315
20068,8390
20091,8367
20001,8347
20024,8292
20010,8283
20118,8360
20100,8409
20033,8426
20051,8439
20074,8252
20023,8293
20016,8445
20000,8268
20039,8293
20131,8348
20041,8478
20113,8419
20062,8478
20064,8425
20117,8273
20022,8278
20096,8404
20045,8399
20066,8372
20015,8317
20123,8404
19998,8302
20056,8433
20095,8368
20005,8344
20044,8472
19991,8277
20014,8366
20106,8375
20090,8464
20037,8439
20129,8318
20055,8440
20078,8267
20136,8408
20048,8298
20138,8420
20087,8459
20145,8350
20020,8384
20004,8279
20096,8464
20027,8350
20105,8262
20128,8353
19987,8294
20047,8384
20070,8355
20072,8478
20093,8450
20003,8294
20065,8481
20012,8424
20030,8347
20088,8318
20053,8282
20127,8393
19986,8293
20060,8444
20152,8453
20099,8478
20046,8251
20120,8377
20002,8357
20110,8322
20043,8429
20029,8242
20119,8368
20052,8341
20059,8237
20149,8355
20008,8403
20109,8267
20042,8254
20132,8380
20028,8317
20102,8362
20035,8405
20058,8350
20007,8299
20085,8429
20018,8342
20092,8305
20041,8271
20025,8376
20101,8307
20034,8246
20124,8372
20142,8399
19999,8386
19983,8307
20006,8368
20098,8369
20082,8458
20135,8468
20107,8357
20091,8248
20040,8320
20130,8478
20010,8398
20100,8268
20118,8487
20033,8295
20097,8312
20083,8339
20067,8320
20016,8296
20090,8419
20000,8391
20113,8280
20039,8414
20062,8325
20117,8422
20032,8360
20140,8393
20122,8486
20073,8442
19981,8353
20147,8329
20057,8459
20022,8365
20080,8292
20045,8260
19992,8304
20031,8369
20038,8237
20112,8367
20130,8386
20079,8357
20111,8350
20044,8339
20065,8434
20037,8316
20055,8461
20138,8299
20048,8421
20122,8346
20087,8348
20032,8468
19997,8372
20071,8333
20020,8267
20094,8438
20103,8342
20105,8435
20054,8382
20077,8439
20151,8330
20137,8354
19996,8291
20019,8322
20026,8272
20116,8402
20134,8401
20012,8291
20030,8454
20088,8457
20035,8450
20099,8331
20046,8326
20069,8431
20110,8457
20115,8459
20011,8362
20029,8391
20126,8329
20075,8329
19985,8353
20059,8358
20008,8286
20082,8445
19994,8337
20017,8464
20001,8289
20109,8384
20042,8357
20118,8310
20102,8481
20051,8273
20141,8367
19984,8310
20023,8335
20097,8457
20131,8310
20101,8440
20050,8314
20034,8333
20057,8404
20084,8365
20015,8407
20107,8286
20017,8412
20114,8324
19989,8286
20123,8318
19998,8324
20074,8470
20005,8318
20097,8437
20106,8301
20090,8310
20055,8258
20129,8388
20078,8481
20136,8306
20080,8479
20031,8250
20015,8459
20038,8344
20077,8488
20061,8409
20139,8333
20049,8463
20070,8457
20072,8376
20003,8384
20111,8291
20021,8417
20030,8305
20104,8435
20127,8291
20129,8448
19986,8331
20150,8448
20071,8454
20110,8280
20094,8317
20043,8279
20133,8409
20013,8329
20036,8254
20063,8361
20086,8410
20144,8407
20132,8470
20116,8293
20026,8423
20028,8391
20102,8272
20104,8463
20125,8465
20143,8438
20076,8379
20007,8397
20099,8308
20009,8438
20046,8461
20018,8316
20108,8446
20115,8340
20098,8279
20082,8304
20135,8446
19994,8292
20107,8463
20091,8322
20024,8265
20010,8292
20118,8333
20100,8422
20051,8410
20074,8409
20148,8426
20081,8249
19993,8277
20016,8402
20131,8419
20062,8483
20064,8398
20022,8267
20096,8393
20045,8490
20066,8337
20015,8280
20049,8248
20123,8395
19998,8307
20146,8360
20095,8351
20014,8339
20106,8336
20016,8478
20037,8466
20055,8407
20078,8364
19988,8348
20136,8445
20087,8486
19997,8282
20020,8429
19990,8315
20089,8364
20128,8326
20038,8471
20121,8297
20047,8431
20070,8324
20072,8483
19980,8340
20003,8269
20155,8326
20065,8452
20012,8453
20104,8318
20088,8291
20030,8444
20053,8261
20127,8404
19986,8318
20150,8351
20099,8485
20161,8428
20002,8350
20110,8359
20043,8384
20119,8367
20008,8440
20063,8466
20068,8466
20086,8273
20093,8353
20132,8345
20028,8282
20102,8399
20125,8294
20035,8440
20058,8379
20007,8262
20120,8474
20108,8305
20092,8302
20018,8435
20041,8274
20025,8355
20142,8368
20006,8341
20098,8362
20017,8250
20107,8376
19989,8372
20100,8297
20010,8427
20118,8472
20033,8346
20123,8472
20074,8268
20081,8374
20083,8374
19993,8354
20067,8295
20157,8441
20016,8269
20090,8396
20000,8380
20113,8307
20039,8437
20062,8366
20117,8385
20140,8422
20147,8364
20022,8390
20080,8313
20096,8260
20045,8287
20031,8348
20105,8474
20130,8383
20040,8481
20079,8320
20111,8325
20065,8405
20037,8327
20060,8488
20078,8251
20138,8308
20048,8442
20122,8327
20087,8379
20032,8457
19997,8367
20071,8296
20145,8430
20020,8304
20094,8411
20004,8359
20103,8365
20105,8406
20054,8339
20112,8448
20151,8353
20070,8243
20019,8361
20134,8362
20012,8312
20088,8430
20035,8489
20099,8366
20046,8363
20069,8394
20018,8482
20029,8354
20126,8338
20075,8364
20059,8285
20149,8403
20008,8291
20082,8406
20137,8449
20109,8411
20042,8334
20118,8299
20023,8362
20085,8349
20092,8417
20101,8323
20050,8343
20140,8469
20034,8358
19999,8274
20057,8447
20084,8266
20017,8375
20114,8353
19998,8361
20005,8281
20097,8424
20081,8483
20106,8310
20090,8275
20078,8458
19988,8310
20032,8408
20073,8330
20080,8436
20038,8381
20061,8436
20079,8469
20139,8352
20049,8482
20072,8285
19980,8318
20021,8332
20044,8419
20065,8290
20030,8282
20104,8408
20053,8475
19986,8356
20071,8477
20110,8317
20094,8262
20013,8356
20036,8411
20077,8327
20063,8372
20086,8447
19996,8339
20026,8384
20134,8481
20102,8309
20104,8468
20125,8460
20143,8413
20076,8272
20009,8345
20069,8319
20018,8281
20108,8411
20126,8473
20059,8406
20098,8304
20082,8269
20135,8405
20084,8473
20091,8441
20024,8366
20100,8451
20118,8422
20051,8385
20074,8418
19984,8326
20023,8255
19993,8312
20131,8390
20101,8456
20057,8260
20022,8300
20096,8430
20045,8453
20066,8330
20084,8413
20015,8263
20091,8485
20049,8403
20123,8430
20056,8251
20146,8325
20095,8442
20005,8398
20106,8445
20055,8242
20129,8372
20078,8337
20032,8275
19997,8309
20020,8458
19990,8284
20089,8343
20038,8488
20061,8265
20121,8332
20070,8345
20072,8392
20003,8272
20021,8465
20026,8467
20030,8385
20088,8264
20104,8259
20053,8352
20127,8435
20076,8455
20060,8246
20069,8480
20145,8464
20110,8392
20133,8361
20119,8330
20013,8473
20036,8270
20128,8487
20086,8266
20144,8359
20093,8348
20028,8375
20102,8416
20051,8462
20125,8321
20058,8356
20076,8395
20007,8285
20085,8243
20018,8396
20092,8267
20108,8270
20041,8373
20025,8326
20142,8341
20098,8391
20068,8371
20107,8351
20091,8306
20024,8249
19989,8351
20100,8310
20010,8436
20033,8381
20074,8297
19982,8310
20148,8346
20058,8472
20097,8246
20081,8329
20083,8413
20067,8266
20016,8354
20090,8361
20000,8337
20113,8342
20062,8371
20064,8382
20117,8364
19981,8343
20096,8313
20080,8286
20022,8443
20045,8378
20130,8344
20040,8454
20061,8474
20079,8303
20153,8425
20049,8264
20056,8326
20111,8352
20095,8303
20065,8392
20083,8473
19991,8352
20037,8354
20136,8333
20138,8337
20122,8352
20032,8494
20087,8406
20071,8263
20020,8349
20094,8380
20004,8332
20043,8468
20027,8421
20105,8377
20089,8476
20054,8308
20128,8438
20112,8485
20077,8237
20047,8351
20086,8453
20116,8484
20134,8335
20155,8438
20012,8341
20088,8403
20053,8245
20060,8329
20099,8373
20046,8268
20120,8398
19995,8292
20069,8405
20092,8474
20029,8349
20103,8460
20052,8418
20126,8375
20075,8387
20059,8304
20149,8446
20008,8328
20082,8371
20098,8470
19994,8359
20109,8374
20042,8299
20132,8425
20118,8268
20035,8328
20058,8235
20085,8376
20159,8427
20092,8414
20101,8366
20050,8368
20034,8259
20124,8385
19999,8313
20057,8418
20075,8463
19983,8334
20084,8311
20017,8330
20040,8437
20114,8378
19998,8370
20097,8323
20023,8453
20081,8454
20067,8439
20106,8275
20090,8252
20039,8325
20062,8254
20032,8445
20073,8365
20147,8412
20080,8393
20045,8239
19992,8325
20031,8428
20089,8301
20038,8278
20112,8404
20061,8431
20079,8432
20072,8290
20056,8465
20021,8375
20044,8440
20065,8261
20053,8454
20048,8330
20087,8235
20145,8318
20071,8440
20110,8294
20133,8463
20027,8318
20013,8383
20036,8416
20054,8451
20059,8449
20077,8354
20063,8275
20137,8405
20086,8336
19996,8328
20019,8409
20093,8290
20116,8367
20028,8473
20125,8487
20076,8301
20009,8380
20099,8254
20120,8281
20046,8411
20069,8282
20011,8401
20029,8466
20034,8466
20052,8309
20126,8482
20075,8252
20059,8397
20098,8301
20084,8454
20160,8414
20091,8412
20024,8339
20118,8411
20141,8410
20074,8335
19984,8347
20023,8410
20081,8311
19993,8291
20101,8467
20050,8231
20124,8276
20034,8406
20057,8303
20066,8423
20084,8442
20015,8354
20091,8472
20040,8288
20049,8438
19975,8330
20146,8350
20095,8385
20106,8390
20055,8233
20129,8367
20078,8442
20032,8264
20073,8474
20094,8474
19990,8369
20089,8442
20038,8397
20112,8271
20061,8292
20153,8451
20047,8241
20121,8375
20070,8434
20072,8429
20003,8375
20044,8307
20104,8360
20088,8237
20014,8469
20053,8331
20076,8476
20060,8275
20048,8453
20069,8459
20110,8429
20043,8250
20133,8372
20036,8299
20128,8476
20063,8388
20086,8303
20144,8380
20093,8439
20026,8368
20028,8364
20125,8380
20058,8385
20076,8416
20007,8376
20120,8484
20085,8286
20108,8363
20041,8344
20131,8474
20025,8297
20115,8427
20011,8266
20119,8485
20142,8318
20098,8416
20135,8357
20068,8344
20091,8297
20100,8339
20033,8400
20051,8369
20074,8306
19982,8347
20148,8327
20058,8453
20081,8428
20083,8384
20067,8273
20016,8327
20090,8338
20106,8457
20000,8310
20039,8239
20113,8361
20062,8404
20064,8339
20117,8343
20073,8267
20147,8310
20096,8350
20080,8243
20045,8341
20066,8314
20130,8309
20079,8266
20049,8291
20123,8350
20033,8476
20056,8363
20095,8266
20044,8482
20065,8355
19991,8351
20014,8420
20037,8397
20055,8354
20136,8338
20048,8244
20138,8378
20087,8397
20145,8356
20020,8378
20094,8321
20004,8297
20027,8408
20105,8348
20031,8474
20089,8455
20036,8474
20054,8297
20128,8427
20077,8264
19987,8352
20047,8378
20070,8297
20111,8451
20116,8449
20155,8429
20012,8370
20088,8376
20127,8323
20060,8358
20046,8305
20120,8435
19995,8347
20069,8368
19979,8328
20018,8472
20168,8415
20043,8375
20029,8312
20119,8442
20052,8399
20126,8280
20075,8422
20149,8345
20008,8365
20082,8332
20109,8337
20042,8308
20132,8438
20141,8448
20035,8367
20058,8276
20067,8478
20085,8355
20159,8438
20092,8379
20115,8308
20025,8438
20101,8265
20050,8397
20034,8316
20124,8446
20142,8453
19999,8324
20057,8325
20075,8482
20147,8455
20006,8446
20017,8301
20107,8431
20040,8410
20114,8279
20010,8324
20033,8237
20097,8358
20023,8480
20081,8473
20083,8269
20067,8410
20039,8352
20062,8259
20117,8476
20032,8338
20140,8339
20050,8465
20122,8476
20073,8368
20080,8366
19992,8362
20031,8395
20089,8272
20038,8299
20112,8425
20061,8330
20079,8415
20021,8274
20111,8400
20044,8405
20065,8248
20014,8307
20037,8242
20136,8477
20048,8367
20122,8400
20087,8262
20071,8407
20027,8277
20013,8282
20103,8408
20036,8333
20128,8294
20054,8420
20059,8484
20077,8381
20063,8318
20137,8440
20047,8463
20086,8373
19996,8357
20019,8444
20093,8285
20042,8487
20116,8340
20134,8479
20009,8263
20099,8389
20120,8318
20046,8444
20108,8461
20002,8318
20011,8436
20029,8461
20034,8463
20052,8274
20126,8391
20075,8275
20059,8416
20084,8483
20068,8306
20158,8436
20160,8435
20109,8454
20024,8440
20132,8313
20042,8443
20114,8454
20141,8437
20074,8360
20023,8433
20081,8266
20064,8317
20154,8435
20050,8256
20124,8305
20034,8435
20006,8309
20066,8384
20084,8423
20015,8329
20040,8261
20114,8394
20049,8329
20139,8459
20056,8261
20146,8443
20164,8430
20129,8322
20039,8469
20078,8415
20032,8301
20027,8482
19990,8362
20066,8452
20031,8316
20089,8413
20112,8292
20038,8422
20047,8284
20121,8410
20139,8407
20070,8407
20072,8434
20003,8346
20021,8487
20044,8264
20104,8333
20053,8438
20060,8264
20048,8474
20069,8470
20133,8351
20103,8269
20013,8399
20052,8481
20036,8304
20063,8419
20121,8470
19978,8329
20144,8337
20019,8265
20093,8402
20026,8349
20028,8329
20035,8265
20143,8360
20125,8407
20058,8426
20076,8445
20007,8343
20009,8396
20099,8270
20085,8313
20108,8320
20041,8419
20025,8268
20115,8398
20011,8289
20119,8448
20124,8448
20135,8320
19994,8282
20068,8421
20091,8268
20001,8356
20100,8376
20033,8395
20051,8340
20148,8364
20023,8266
20081,8391
20083,8423
20067,8244
20016,8348
20106,8466
20000,8299
20039,8266
20113,8396
20131,8381
20062,8441
20064,8328
20117,8306
20073,8302
20163,8428
20096,8371
20045,8432
20066,8279
20130,8302
20079,8241
20123,8373
20033,8503
20056,8400
20095,8273
20005,8377
20065,8326
20083,8483
19991,8314
20014,8393
20037,8424
20055,8345
20113,8456
20078,8298
20136,8375
20048,8265
20138,8391
20122,8310
20087,8424
20071,8249
20020,8359
20004,8310
20027,8383
20105,8295
20036,8487
20054,8258
20128,8384
20077,8291
20167,8417
19987,8327
20047,8353
20070,8258
20019,8470
20093,8483
20012,8399
20030,8378
20088,8349
20053,8315
20127,8366
20060,8387
20120,8344
20138,8475
20069,8347
20002,8388
20110,8349
20025,8477
20043,8330
20011,8478
20029,8275
20119,8401
20052,8372
20126,8317
20075,8445
20149,8324
20008,8370
20144,8460
20109,8300
20042,8273
20132,8403
20102,8341
20035,8370
20058,8305
20085,8398
20159,8413
20018,8377
20092,8336
20041,8296
20115,8283
20025,8409
20101,8276
20050,8422
20124,8347
20142,8430
19999,8355
20057,8360
20098,8336
20008,8462
20084,8249
20017,8256
20107,8386
20040,8383
20130,8481
20114,8304
20010,8353
20033,8256
20097,8281
20083,8304
19993,8344
20067,8353
20039,8383
20062,8292
20064,8451
20117,8455
19974,8336
20032,8375
20140,8360
20073,8411
20147,8422
20022,8332
20080,8323
20045,8293
20031,8406
20112,8334
20130,8421
20061,8357
20079,8378
20139,8305
20072,8236
20021,8317
20111,8447
20044,8370
20014,8276
20037,8285
20055,8466
20060,8466
20152,8307
20048,8388
20122,8445
20087,8317
19997,8341
20071,8370
20027,8264
20013,8309
20103,8439
20105,8428
20036,8362
20128,8283
20054,8409
20077,8408
20151,8427
20137,8323
20047,8490
20086,8366
20144,8315
20019,8419
20042,8448
20026,8307
20116,8433
20134,8432
20012,8258
20030,8481
20088,8488
20127,8467
20009,8298
20099,8424
20120,8291
20046,8417
20085,8479
20002,8283
20011,8331
20119,8298
20029,8424
20034,8488
20052,8255
20126,8424
20075,8310
19985,8322
20059,8327
20135,8298
20068,8287
20160,8424
20109,8417
20024,8413
20042,8388
20114,8483
20102,8448
20051,8302
20141,8336
20074,8373
20023,8428
19977,8314
20064,8274
20101,8409
20050,8285
20124,8302
20034,8428
20057,8245
20006,8270
20084,8332
20015,8436
20107,8319
20017,8445
20040,8234
20024,8473
20114,8423
19989,8319
20049,8364
20123,8287
20056,8298
20074,8457
20146,8404
20095,8459
20097,8406
20055,8291
20129,8421
20039,8496
20078,8384
19981,8311
20022,8475
20027,8473
19990,8335
20156,8419
20031,8283
20089,8384
20112,8313
20038,8443
20077,8457
20061,8250
20047,8315
20121,8445
20139,8426
20070,8488
20072,8343
20021,8386
20104,8338
20053,8401
20129,8481
20060,8293
20150,8419
20152,8446
20071,8487
20043,8308
20133,8442
20103,8296
20013,8426
20052,8462
20063,8334
19978,8338
20144,8438
20019,8300
20093,8397
20026,8326
20028,8422
20035,8300
20143,8343
20125,8434
20076,8346
20099,8277
20085,8292
20108,8349
20041,8390
20025,8247
20115,8373
20098,8246
20135,8351
20068,8386
20091,8355
20001,8351
20024,8296
20010,8263
20100,8389
20118,8364
20033,8430
20051,8443
20074,8248
19982,8353
20023,8289
20081,8410
20016,8433
20039,8289
20131,8320
20041,8450
20113,8423
20062,8450
20064,8429
20117,8285
20073,8305
20096,8360
20045,8395
20066,8368
20015,8313
20123,8360
20033,8490
19998,8274
20056,8437
20095,8380
20005,8324
20044,8468
20014,8370
20106,8371
20090,8476
20037,8435
20129,8306
20055,8436
20113,8483
20078,8271
19988,8371
20136,8412
20048,8302
20138,8416
20087,8455
20145,8338
20020,8396
20004,8275
20096,8468
20027,8338
20105,8266
20128,8357
20077,8318
19987,8298
20047,8396
20070,8359
20072,8450
20093,8478
20003,8298
20065,8485
20012,8420
20030,8351
20088,8322
20053,8294
20127,8373
20060,8440
20152,8457
20099,8450
20046,8255
20120,8381
20002,8353
20110,8326
20025,8448
20133,8303
20043,8417
20029,8270
20119,8396
20052,8337
20149,8367
20109,8263
20042,8250
20132,8376
20028,8313
20102,8366
20035,8409
20143,8472
20058,8346
20007,8295
20085,8425
20018,8338
20092,8333
20041,8307
20025,8380
20101,8319
20034,8242
20124,8368
20142,8403
19983,8319
20006,8372
20098,8333
20082,8454
20135,8464
20017,8283
20091,8252
20107,8409
20040,8324
20130,8474
20010,8394
20100,8264
20033,8315
20097,8316
20083,8343
19993,8323
20067,8324
20016,8300
20090,8431
20113,8284
20039,8410
20062,8329
20117,8418
20032,8364
20140,8389
20122,8482
20073,8446
20147,8333
20057,8463
20022,8353
20080,8344
20045,8256
19992,8308
20031,8381
20112,8355
20130,8414
20079,8353
20072,8241
20111,8346
20044,8335
20065,8438
20037,8312
20055,8457
20060,8463
20048,8409
20122,8422
20087,8344
19997,8368
20071,8329
20020,8279
20094,8442
20004,8390
20103,8338
20105,8439
20036,8375
20054,8370
20077,8435
20151,8326
20137,8358
19996,8319
20019,8326
20026,8284
20116,8414
20134,8405
20012,8287
20030,8458
20088,8461
20035,8454
20076,8252
20099,8335
20046,8330
20069,8427
20110,8461
20115,8463
20011,8366
20029,8387
20126,8333
20075,8333
19985,8357
20059,8378
20082,8441
19994,8349
20017,8468
20001,8293
20109,8444
20024,8386
20042,8353
20102,8485
20051,8277
20141,8363
19984,8298
20023,8331
20097,8461
20131,8314
20101,8420
20050,8310
20034,8329
20057,8408
20084,8361
20015,8403
20107,8274
20017,8400
20114,8320
19989,8282
20123,8306
19998,8328
20074,8466
20095,8470
20005,8314
20097,8393
20106,8297
20090,8306
20055,8286
20129,8408
20078,8485
20136,8310
20080,8467
20015,8471
20038,8348
20077,8484
20061,8405
20047,8294
20049,8451
20121,8416
20070,8461
20072,8380
20003,8388
20111,8303
20021,8429
20030,8309
20104,8439
20127,8303
20129,8452
19986,8327
20150,8452
20152,8419
20071,8450
20110,8284
20094,8289
20043,8267
20133,8389
20013,8325
20036,8250
20063,8341
20086,8414
20144,8395
20132,8466
20116,8289
20026,8419
20028,8387
20102,8276
20035,8307
20125,8429
20143,8434
20076,8375
20007,8393
20099,8312
20009,8442
20046,8465
20018,8312
20108,8442
20115,8344
20098,8275
20082,8300
20135,8442
19994,8288
20068,8239
20107,8451
20091,8326
20024,8269
20010,8288
20118,8321
20100,8418
20051,8414
20074,8389
20148,8438
20081,8253
19993,8281
20016,8406
20039,8316
20113,8442
20131,8423
20062,8487
20064,8386
20140,8303
20022,8271
20096,8397
20045,8486
20066,8365
20015,8292
20049,8252
20123,8399
19998,8311
20146,8356
20095,8347
20014,8343
20106,8348
20016,8466
20037,8478
20055,8403
20078,8368
19988,8344
20136,8417
20087,8482
19997,8278
20020,8425
20096,8457
20027,8329
19990,8319
20089,8368
20128,8346
20038,8459
20121,8301
20047,8427
20070,8376
20072,8487
19980,8336
20019,8480
20003,8305
20065,8472
20012,8449
20104,8290
20088,8295
20030,8416
20053,8257
20127,8400
19986,8314
20120,8354
20161,8416
20002,8346
20110,8363
20043,8388
20119,8363
20008,8444
20063,8478
20068,8478
20086,8277
20093,8381
20132,8325
20028,8278
20102,8387
20125,8290
20035,8444
20143,8455
20058,8327
20148,8453
20120,8478
20108,8301
20092,8298
20018,8431
20041,8278
20025,8359
20034,8239
20124,8365
20142,8372
20006,8329
20098,8358
20017,8254
20107,8380
19989,8368
20100,8277
20118,8476
20033,8350
20123,8476
20074,8264
20081,8362
20083,8378
19993,8358
20067,8299
20157,8437
20016,8257
20090,8392
20000,8368
20113,8311
20039,8433
20062,8338
20117,8397
20140,8418
20147,8368
20096,8280
20080,8317
20022,8410
20045,8283
20031,8344
20105,8478
20038,8250
20112,8376
20130,8379
20040,8485
20079,8332
20111,8321
20065,8425
20037,8323
20060,8484
20078,8255
20138,8304
20048,8446
20122,8323
20087,8375
20032,8461
19997,8363
20071,8292
20145,8418
20020,8316
20094,8415
20004,8355
20103,8361
20105,8410
20054,8343
20112,8452
20070,8247
20019,8365
20134,8366
20012,8308
20088,8434
20035,8493
20099,8338
20046,8367
20085,8485
20069,8438
20029,8382
20126,8342
20075,8352
20059,8273
20149,8415
20008,8295
20082,8402
20137,8453
19994,8326
20001,8280
20109,8407
20042,8330
20010,8454
20118,8303
20023,8358
20097,8480
20085,8345
20092,8445
20101,8335
20050,8339
20140,8465
20034,8354
19999,8286
20057,8387
20084,8278
20017,8363
20114,8349
20123,8297
19998,8365
20005,8261
20097,8428
20081,8487
20106,8306
20090,8287
20078,8462
19988,8306
20032,8412
20073,8334
20080,8424
20038,8369
20061,8432
20079,8465
20139,8356
20049,8486
20072,8257
19980,8314
20162,8415
20021,8328
20065,8294
20030,8286
20104,8412
20053,8487
19986,8352
20071,8473
20110,8257
20094,8266
20133,8480
20013,8352
20036,8391
20054,8482
20077,8323
20063,8368
20086,8435
20019,8246
20026,8396
20116,8270
20102,8297
20104,8472
20125,8456
20143,8409
20076,8268
20009,8349
20069,8315
20018,8277
20108,8407
20011,8254
20029,8499
20126,8477
20098,8268
20082,8265
20135,8401
20068,8244
20091,8445
20024,8370
20100,8463
20118,8442
20051,8389
20074,8430
20023,8251
19993,8316
20131,8394
20057,8264
20022,8288
20096,8418
20045,8449
20066,8326
20084,8409
20015,8259
20049,8407
20123,8418
20056,8255
20146,8321
20095,8422
20005,8394
20106,8441
20055,8398
20078,8341
19988,8325
20032,8279
19997,8305
20020,8470
20089,8347
20038,8492
20061,8261
20121,8336
20070,8349
20072,8396
20003,8276
20021,8477
20026,8479
20012,8478
20030,8389
20088,8268
20104,8263
20053,8364
20127,8447
20076,8451
20060,8242
20145,8468
20110,8396
20043,8411
20119,8326
20013,8469
20036,8266
20063,8485
20086,8270
20093,8344
20028,8371
20102,8420
20051,8466
20125,8349
20058,8352
20076,8391
20007,8281
20120,8451
20085,8255
20018,8392
20092,8263
20108,8266
20041,8377
20025,8330
20142,8345
20098,8387
20068,8383
20107,8339
20091,8310
20024,8253
19989,8347
20100,8306
20010,8432
20033,8369
20074,8277
19982,8314
20081,8333
20083,8353
20067,8270
20016,8358
20090,8373
20000,8341
20113,8330
20062,8375
20064,8370
20117,8360
20140,8447
19981,8339
20096,8317
20080,8274
20022,8447
20045,8374
20130,8340
20040,8458
20061,8470
20079,8299
20153,8429
20049,8268
20056,8330
20111,8364
20095,8299
20065,8396
20083,8477
20037,8366
20138,8349
20122,8364
20032,8482
20087,8402
20071,8259
20145,8389
20020,8345
20094,8352
20004,8328
20043,8456
20027,8441
20105,8381
20089,8480
20054,8328
20112,8473
20077,8233
20047,8347
20086,8473
20116,8480
20134,8323
20012,8337
20088,8407
20035,8496
20053,8241
20060,8325
20099,8377
20046,8272
20120,8402
19995,8312
20069,8401
20092,8470
20029,8345
20103,8456
20052,8430
20126,8379
20075,8391
20059,8308
20149,8442
20008,8332
20082,8367
20098,8466
19994,8355
20109,8370
20042,8343
20035,8332
20058,8247
20085,8324
20092,8410
20101,8362
20050,8364
20034,8287
20124,8413
19999,8293
20057,8422
20075,8451
19983,8330
20084,8307
20017,8334
20040,8441
20114,8374
19998,8374
20097,8327
20023,8449
20083,8234
20067,8443
20106,8287
20090,8248
20039,8321
19988,8287
20032,8433
20073,8337
20080,8397
20045,8235
19992,8329
20031,8424
20089,8305
20038,8266
20112,8392
20061,8427
20079,8444
20139,8379
20072,8294
20056,8469
20021,8371
20044,8436
20065,8281
20053,8450
20048,8334
20145,8306
20071,8436
20110,8298
20133,8459
20027,8306
20013,8379
20036,8428
20054,8455
20059,8453
20077,8350
20063,8287
20137,8409
20086,8340
19996,8324
20019,8413
20093,8318
20116,8363
20028,8469
20125,8483
20143,8388
20076,8297
20009,8352
20120,8285
20046,8415
20069,8262
20011,8405
20029,8494
20052,8305
20126,8486
20075,8240
20059,8385
20098,8297
20084,8450
20091,8400
20001,8392
20109,8487
20024,8343
20100,8468
20118,8415
20051,8232
20141,8406
20074,8331
19984,8351
20023,8406
20081,8299
19993,8295
20131,8401
20101,8479
20124,8272
20034,8402
20057,8307
20045,8476
20066,8419
20084,8390
20015,8366
20091,8476
20040,8292
20049,8426
20146,8346
20095,8397
20106,8386
20129,8355
20078,8446
20032,8268
19997,8300
20073,8478
20094,8478
19990,8373
20066,8487
20089,8446
20038,8385
20061,8288
20153,8455
20047,8253
20121,8379
20070,8438
20072,8401
20003,8379
20044,8303
20030,8238
20088,8241
20104,8364
20014,8473
20053,8343
20076,8472
20060,8239
20150,8361
20110,8433
20043,8254
20133,8368
20036,8279
20128,8464
19985,8313
20149,8464
20063,8384
20086,8291
20144,8368
20093,8435
20026,8380
20028,8360
20102,8441
20125,8376
20058,8397
20076,8412
20007,8372
20085,8282
20108,8359
20092,8252
20041,8348
20131,8478
20025,8301
20115,8431
20011,8270
20119,8481
20142,8322
20098,8444
20135,8353
20068,8324
20091,8301
19989,8326
20100,8351
20033,8404
20051,8373
20074,8318
19982,8351
20148,8323
20058,8449
20081,8416
20083,8388
20067,8277
20016,8379
20090,8350
20000,8330
20039,8235
20113,8365
20062,8408
20064,8343
20117,8339
20073,8271
20147,8314
20096,8338
20080,8247
20006,8451
20045,8337
20066,8310
20130,8305
20079,8278
20049,8295
20123,8338
20033,8464
20056,8367
20095,8310
20065,8359
20083,8448
19991,8347
20014,8424
20037,8393
20055,8382
20136,8342
20048,8232
20138,8358
20087,8393
20071,8286
20145,8408
20020,8326
20094,8325
20004,8341
20027,8412
20105,8320
20031,8454
20089,8459
20036,8454
20054,8301
20128,8431
20077,8260
19987,8356
20151,8311
20047,8326
20070,8301
20111,8463
20116,8461
20155,8417
20012,8366
20088,8380
20127,8335
20060,8354
20046,8309
20120,8439
19995,8351
20069,8380
19979,8332
20018,8468
20043,8363
20029,8308
20119,8438
20103,8487
20052,8395
20126,8284
20075,8410
20059,8299
20149,8421
20008,8337
20082,8328
20098,8463
20109,8333
20042,8304
20132,8434
20035,8339
20058,8272
20067,8450
20085,8367
20159,8434
20092,8375
20115,8312
20025,8442
20101,8373
20050,8393
20034,8312
20124,8442
20142,8457
19999,8320
20057,8329
20075,8486
20147,8459
20017,8289
20107,8419
20040,8414
20114,8275
20010,8320
20097,8378
20081,8477
20083,8273
20067,8414
20039,8348
20062,8263
20064,8482
20117,8472
20032,8342
20140,8335
20050,8461
20122,8472
20073,8372
20080,8354
19992,8366
20031,8439
20089,8276
20038,8303
20112,8429
20061,8326
20079,8411
20021,8286
20111,8412
20044,8401
20065,8252
20014,8311
20037,8254
20136,8449
20048,8355
20122,8412
20087,8258
20071,8403
20133,8470
20027,8297
20013,8278
20103,8404
20036,8329
20128,8314
20054,8440
20077,8377
20063,8314
20137,8444
20047,8459
20086,8329
19996,8353
20019,8384
20093,8281
20042,8483
20116,8336
20134,8467
20009,8267
20099,8393
20046,8384
20108,8457
20002,8314
20011,8424
20029,8457
20034,8459
20052,8286
20126,8395
20075,8279
20059,8420
20082,8255
20068,8318
20158,8440
20109,8450
20024,8444
20042,8423
20114,8450
20141,8433
20074,8340
20023,8397
20081,8270
20064,8305
20154,8447
20050,8252
20034,8399
20006,8297
20066,8412
20084,8419
20015,8341
20040,8265
20114,8390
20049,8333
20139,8463
20056,8265
20146,8439
20095,8488
20129,8326
20039,8465
20078,8419
20032,8289
20073,8481
20027,8486
19990,8366
20066,8448
20031,8312
20089,8417
20112,8280
20038,8410
20047,8280
20139,8395
20121,8414
20070,8395
20072,8438
20003,8350
20021,8483
20044,8260
20030,8243
20104,8369
20014,8450
20053,8434
20060,8260
20048,8478
20069,8466
20133,8347
20013,8395
20103,8265
20036,8316
20063,8431
20121,8474
20144,8341
20019,8269
20093,8430
20026,8345
20028,8325
20035,8269
20143,8372
20125,8403
20058,8438
20076,8441
20007,8339
20085,8261
20018,8254
20108,8380
20041,8423
20025,8272
20115,8402
20011,8293
20119,8476
20124,8476
20135,8380
20068,8417
20091,8256
20001,8376
20100,8356
20033,8399
20051,8344
19982,8320
20148,8360
20023,8262
20081,8443
20083,8427
20067,8248
20016,8336
20106,8478
20000,8303
20039,8262
20113,8384
20131,8353
20041,8483
20062,8445
20064,8332
20117,8318
20073,8274
20022,8245
20096,8375
20045,8428
20066,8275
20130,8298
20079,8253
20049,8314
20123,8329
20033,8459
19998,8269
20056,8404
20095,8285
20005,8357
20065,8346
20083,8487
19991,8310
20014,8397
20037,8404
20055,8341
20113,8460
20078,8302
20136,8379
20048,8269
20138,8387
20122,8306
20087,8420
20071,8245
20145,8371
20020,8355
20004,8306
20027,8371
20105,8299
20036,8483
20054,8262
20128,8388
20077,8287
20167,8413
19987,8331
20047,8365
20070,8262
20019,8474
20134,8313
20012,8395
20030,8382
20088,8353
20127,8362
20060,8415
20120,8348
20138,8455
19995,8370
20069,8327
20002,8384
20025,8481
20043,8334
20011,8466
20029,8303
20119,8429
20052,8368
20126,8289
20075,8433
20149,8320
20008,8374
20144,8448
20109,8296
20042,8285
20132,8415
20102,8329
20141,8471
20035,8374
20058,8317
20085,8394
20018,8373
20092,8364
20041,8300
20115,8287
20025,8413
20101,8272
20050,8418
20124,8343
20142,8434
19999,8367
20057,8364
20017,8260
20107,8390
20040,8355
20114,8300
20010,8365
20033,8260
20097,8285
20083,8308
19993,8348
20067,8357
20039,8379
20062,8296
20064,8455
20117,8451
20032,8331
20140,8356
20050,8486
20122,8453
20073,8415
20147,8426
20022,8320
20080,8327
20045,8289
20031,8402
20112,8322
20130,8417
20061,8353
20079,8390
20021,8313
20111,8443
20044,8366
20014,8280
20037,8281
20152,8311
20048,8376
20122,8441
20087,8313
19997,8337
20071,8366
20020,8246
20027,8268
20013,8305
20103,8435
20036,8342
20128,8287
20054,8413
20077,8404
20151,8423
20137,8327
20086,8354
19996,8286
20144,8319
20019,8423
20042,8460
20026,8319
20116,8445
20134,8436
20012,8254
20030,8485
20127,8479
20009,8302
20099,8428
20120,8295
20046,8421
20085,8475
20002,8279
20011,8335
20119,8294
20029,8420
20034,8484
20052,8251
20126,8428
20075,8298
19985,8326
20059,8347
20068,8283
20158,8413
20160,8428
20109,8477
20024,8417
20042,8384
20114,8479
20102,8452
20051,8306
20141,8332
20074,8369
20023,8424
19977,8318
20064,8278
20101,8389
20050,8281
20124,8298
20034,8424
20057,8249
20084,8328
20015,8432
20107,8307
20017,8433
20040,8238
20024,8477
20114,8419
19989,8315
20049,8352
20123,8275
20056,8302
20146,8400
20055,8319
20129,8441
20039,8492
20078,8388
19981,8307
20022,8479
20027,8477
19990,8323
20156,8447
20031,8263
20089,8388
20112,8317
20038,8447
20077,8453
20061,8246
20047,8263
20121,8385
20139,8430
20072,8347
20146,8468
20021,8398
20111,8268
20104,8342
20053,8413
20129,8485
20060,8289
20152,8322
20150,8423
20071,8483
20043,8296
20133,8422
20103,8292
20013,8422
20052,8458
20063,8330
20086,8249
20144,8426
20019,8304
20093,8393
20026,8322
20028,8418
20035,8272
20143,8339
20125,8398
20076,8342
20007,8430
20099,8281
20085,8288
20108,8345
20041,8394
20025,8251
20115,8377
20011,8312
20098,8242
20135,8347
20068,8398
20107,8480
20091,8359
20001,8339
20024,8300
20010,8259
20100,8385
20118,8352
20033,8418
20051,8447
19982,8357
20148,8405
20023,8317
20081,8414
20016,8437
20039,8285
20131,8324
20041,8454
20113,8411
20062,8454
20064,8417
20117,8281
20073,8309
20096,8364
20045,8391
20066,8268
20123,8364
20033,8494
19998,8278
20056,8441
20095,8376
20005,8320
20044,8464
19991,8301
20014,8374
20106,8383
20090,8472
20037,8447
20129,8310
20055,8432
20113,8487
20078,8275
20136,8384
20048,8290
20138,8428
20087,8451
20145,8342
20020,8392
20004,8287
20027,8342
20105,8270
20054,8251
20128,8377
20077,8314
19987,8302
20047,8392
20121,8270
20070,8283
20072,8454
20019,8449
20093,8474
20003,8302
20012,8416
20030,8323
20088,8326
20053,8290
20127,8369
20150,8306
20060,8436
20152,8461
20099,8454
20120,8321
19995,8361
20002,8381
20110,8330
20025,8452
20133,8299
20043,8421
20029,8266
20119,8392
20052,8349
20149,8363
20109,8259
20132,8356
20028,8309
20102,8354
20035,8413
20058,8294
20007,8291
20085,8437
20018,8334
20092,8329
20041,8311
20025,8384
20101,8315
20050,8447
20124,8332
20142,8407
20165,8414
19983,8315
20006,8360
20098,8329
20082,8450
20135,8460
20017,8287
20091,8240
20107,8413
20040,8328
20130,8470
20010,8374
20100,8244
20033,8319
20097,8304
20083,8347
19993,8327
20067,8328
20016,8288
20090,8427
20113,8272
20039,8406
20062,8333
20117,8430
20032,8352
20140,8385
20073,8418
20147,8337
20057,8467
20022,8357
20080,8348
20045,8316
19992,8312
20031,8377
20112,8359
20130,8410
20079,8365
20072,8245
20021,8292
20111,8422
20044,8331
20014,8253
20037,8292
20055,8453
20060,8459
20048,8413
20122,8418
20087,8340
19997,8332
20071,8325
20020,8275
20094,8446
20004,8386
20103,8334
20105,8443
20036,8371
20054,8374
20077,8431
20151,8322
20063,8236
20137,8362
19996,8315
20019,8330
20026,8280
20134,8393
20116,8410
20012,8283
20030,8462
20088,8465
20035,8458
20143,8309
20076,8248
20009,8305
20099,8435
20046,8334
20085,8454
20110,8465
20115,8467
20011,8354
20119,8285
20029,8415
20126,8433
20075,8321
19985,8345
20059,8382
20008,8262
20082,8437
20135,8317
19994,8345
20017,8456
20001,8313
20109,8440
20024,8390
20042,8365
20102,8473
20051,8281
20141,8359
19984,8302
20023,8327
20097,8449
20131,8318
20064,8267
20101,8416
20050,8306
20034,8325
20057,8412
20084,8373
20015,8415
20107,8278
20017,8404
20040,8243
20024,8450
20114,8444
19989,8294
20049,8379
20123,8310
19998,8332
20074,8478
20095,8466
20005,8294
20097,8397
20090,8318
20055,8282
20129,8412
20136,8314
20032,8251
20080,8471
20089,8239
20015,8467
20038,8336
20077,8480
20061,8401
20047,8290
20139,8325
20049,8455
20121,8420
20070,8449
20072,8352
20003,8392
20111,8299
20021,8425
20044,8254
20030,8313
20104,8443
20127,8299
20129,8472
19986,8323
20152,8423
20094,8293
20043,8271
20133,8385
20013,8321
20063,8337
20121,8480
20086,8402
20144,8399
20132,8478
20116,8301
20026,8431
20028,8415
20102,8264
20035,8311
20125,8425
20143,8446
20076,8371
20007,8389
20099,8316
20009,8446
20046,8469
20018,8308
20108,8438
20115,8348
20082,8296
20135,8438
19994,8300
20068,8235
20107,8455
20091,8346
20024,8273
20010,8300
20118,8325
20100,8430
20051,8418
20074,8385
20148,8434
20081,8241
20007,8457
19993,8285
20016,8394
20039,8312
20113,8446
20131,8427
20064,8390
20022,8259
20096,8385
20045,8482
20066,8361
19976,8321
20015,8288
20049,8240
20123,8387
19998,8315
20146,8352
20095,8327
20014,8347
20106,8344
20016,8470
20090,8453
20037,8474
20129,8297
20055,8431
20078,8372
19988,8356
20136,8421
19997,8274
20020,8437
20096,8461
20027,8333
19990,8307
20105,8273
20089,8372
20128,8350
20038,8463
20121,8305
20047,8439
20070,8380
19980,8332
20019,8484
20003,8309
20065,8476
20012,8445
20104,8294
20088,8299
20030,8420
20053,8269
20127,8412
19986,8310
20150,8343
20120,8358
20002,8342
20110,8367
20133,8310
20043,8440
20119,8359
20063,8474
20068,8474
20109,8286
20093,8377
20132,8321
20028,8274
20102,8391
20125,8318
20035,8416
20143,8451
20058,8323
20148,8449
20007,8318
20108,8297
20092,8294
20018,8427
20041,8282
20025,8363
20124,8361
20142,8376
20006,8333
20098,8354
20082,8479
20107,8368
20100,8273
20010,8403
20118,8464
20033,8338
20123,8464
20097,8299
20081,8366
20083,8382
19993,8362
20067,8303
20157,8433
20016,8261
20090,8404
20000,8372
20113,8299
20039,8429
20062,8342
20117,8393
20140,8414
20096,8284
20080,8305
20022,8414
20045,8279
20066,8252
20031,8324
20105,8450
20038,8254
20112,8380
20130,8375
20040,8489
20079,8328
20111,8333
20065,8429
20037,8335
20060,8480
20138,8316
20048,8434
20122,8335
20087,8371
20032,8449
19997,8359
20071,8288
20145,8422
20020,8312
20094,8387
20004,8367
20043,8489
20103,8357
20105,8414
20054,8363
20070,8235
20019,8369
20026,8261
20116,8391
20134,8354
20012,8304
20030,8467
20088,8438
20035,8465
20099,8342
20046,8371
20085,8481
19995,8281
20069,8434
20011,8377
20029,8378
20126,8346
20075,8356
20059,8277
20008,8299
20082,8398
20137,8457
19994,8322
20001,8284
20109,8403
20042,8374
20010,8450
20118,8291
20023,8354
20097,8484
20092,8441
20101,8331
20050,8335
20140,8461
20034,8382
19999,8282
20057,8391
20084,8274
19976,8315
20017,8367
20114,8345
20123,8301
19998,8337
20097,8416
20106,8318
20090,8283
20078,8466
19988,8318
20032,8400
20080,8428
20038,8373
20061,8396
20079,8477
20139,8344
20049,8474
20070,8474
20072,8261
19980,8310
20162,8411
20021,8340
20065,8314
20030,8258
20104,8384
20053,8483
20127,8310
19986,8348
20071,8469
20110,8261
20094,8270
20013,8348
20036,8387
20054,8486
20063,8380
20086,8439
20019,8250
20026,8392
20116,8266
20028,8500
20102,8301
20104,8476
20125,8452
20143,8421
20076,8264
20009,8321
20069,8295
20018,8273
20108,8403
20115,8323
20126,8449
20098,8264
20082,8261
20135,8397
20068,8240
20107,8474
20091,8433
20024,8374
20100,8459
20118,8446
20051,8393
20074,8426
20023,8247
20131,8398
20064,8251
20057,8268
20022,8292
20096,8422
20066,8322
20156,8448
20015,8271
20049,8395
20123,8422
20095,8418
20106,8421
20037,8485
20055,8394
20078,8345
19988,8321
20020,8466
20096,8482
20089,8351
20038,8480
20061,8257
20121,8340
20070,8337
20003,8280
20021,8473
20026,8475
20012,8474
20030,8393
20088,8272
20104,8267
20053,8360
20127,8443
20150,8328
20069,8488
20145,8456
20110,8400
20043,8415
20119,8322
20013,8465
20063,8481
20086,8258
20093,8340
20028,8271
20102,8408
20051,8470
20125,8345
20058,8364
20076,8387
20007,8277
20120,8455
20085,8251
19977,8322
20018,8388
20092,8259
20108,8262
20041,8381
20025,8334
20142,8349
20098,8415
20068,8379
20107,8343
19989,8359
20100,8318
20010,8444
20033,8373
20074,8273
19982,8318
20081,8321
20083,8357
20067,8306
20157,8428
20016,8282
20090,8369
20000,8361
20113,8334
20062,8379
20064,8374
20117,8372
20140,8443
19981,8335
20096,8305
20080,8278
20022,8435
20045,8370
20130,8336
20040,8462
20061,8466
20079,8311
20153,8433
20049,8256
20056,8334
20111,8360
20065,8384
19991,8376
20037,8362
20138,8345
20122,8360
20087,8366
20032,8486
20071,8319
20145,8441
20020,8293
20094,8356
20004,8372
20043,8460
20027,8445
20105,8353
20031,8487
20089,8484
20054,8332
20112,8477
20086,8477
20134,8327
20012,8333
20088,8411
20035,8500
20053,8253
20060,8321
20099,8381
20046,8276
20120,8406
19995,8316
20069,8413
20092,8466
20029,8341
20103,8452
20052,8426
20126,8383
20075,8379
20059,8264
20008,8304
20082,8363
19994,8367
20109,8366
20042,8339
20058,8243
20067,8483
20085,8320
20092,8406
20041,8234
20101,8342
20050,8360
20034,8283
20124,8409
19999,8289
20057,8426
20075,8455
19983,8342
20084,8319
20017,8322
20040,8445
20114,8370
20097,8347
20023,8477
20083,8238
20067,8447
20106,8283
20090,8260
20032,8437
20073,8341
20080,8385
19992,8333
20089,8309
20038,8270
20112,8396
20061,8423
20079,8440
20139,8383
20072,8298
20056,8473
20021,8383
20044,8432
20065,8285
20053,8462
20048,8322
20145,8310
20071,8432
20110,8302
20094,8275
20027,8310
20013,8375
20036,8424
20054,8475
20059,8473
20077,8346
20063,8283
20137,8413
20086,8424
19996,8320
20093,8314
20026,8245
20116,8375
20028,8465
20076,8293
20009,8356
20046,8483
20069,8258
20011,8393
20029,8490
20052,8317
20075,8244
20059,8389
20098,8293
20082,8286
20084,8462
20091,8404
20001,8396
20109,8483
20024,8347
20100,8464
20118,8403
20051,8236
20141,8402
20074,8439
19984,8339
20023,8402
20081,8303
19993,8299
20131,8405
20101,8475
20057,8311
20045,8472
20066,8447
20084,8386
20015,8362
20091,8464
20040,8296
20049,8430
20146,8342
20095,8393
20106,8398
20129,8359
20078,8322
20032,8256
19997,8296
20073,8450
20094,8450
20066,8483
20089,8322
20038,8389
20112,8263
20061,8316
20153,8459
20047,8249
20121,8383
20070,8426
20072,8405
20003,8383
20021,8452
20026,8452
20044,8299
20104,8272
20088,8245
20030,8402
20014,8477
20053,8339
20076,8468
20060,8235
20150,8365
20110,8437
20043,8242
20133,8380
20036,8275
20128,8468
19985,8317
20063,8396
20086,8295
20144,8372
20093,8335
20026,8376
20028,8356
20102,8445
20125,8372
20058,8393
20076,8408
20007,8368
20108,8355
20092,8248
20041,8320
20131,8450
20025,8305
20115,8435
20011,8258
20142,8326
20098,8440
20068,8320
20091,8289
19989,8322
20100,8347
20033,8360
20051,8377
20074,8314
20148,8335
20058,8461
20081,8420
20083,8392
20067,8281
20016,8383
20090,8346
20000,8334
20113,8353
20062,8412
20064,8363
20117,8351
20073,8243
20147,8318
20096,8342
20080,8235
20045,8333
20066,8306
20015,8255
20130,8333
20040,8467
20061,8461
20079,8274
20049,8283
20123,8342
20033,8468
20056,8371
20095,8306
20065,8379
20083,8452
19991,8343
20014,8428
20037,8373
20055,8378
20136,8346
20048,8236
20138,8354
20122,8277
20087,8389
20071,8282
20145,8412
20020,8322
20094,8329
20004,8337
20027,8400
20105,8324
20031,8450
20089,8463
20036,8450
20054,8289
20128,8419
20077,8256
19987,8360
20151,8307
20047,8322
20070,8289
20111,8459
20116,8457
20134,8344
20155,8421
20012,8362
20088,8384
20127,8331
20060,8382
20046,8313
20120,8443
19995,8339
20069,8376
19979,8320
20018,8464
20092,8463
20043,8367
20029,8304
20119,8434
20103,8483
20052,8407
20075,8414
20059,8303
20149,8417
20008,8341
20082,8324
20098,8459
20109,8329
20042,8316
20132,8446
20028,8255
20035,8343
20058,8284
20067,8454
20085,8363
20092,8371
20115,8316
20025,8446
20101,8369
20050,8389
20034,8308
20124,8438
20142,8461
19999,8332
20057,8333
20075,8474
20147,8463
20084,8292
20017,8293
20107,8423
20040,8386
20114,8271
20010,8332
20097,8382
20081,8465
20083,8277
20067,8386
20039,8344
20062,8267
20064,8486
20117,8484
20032,8426
20140,8331
20050,8457
20073,8376
20080,8358
19992,8370
20031,8435
20089,8280
20038,8291
20112,8417
20061,8322
20079,8423
20021,8282
20111,8408
20044,8397
20065,8240
20014,8315
20037,8250
20136,8453
20048,8359
20122,8408
20087,8286
20071,8399
20094,8244
20133,8466
20027,8301
20013,8274
20103,8400
20036,8437
20128,8318
20054,8444
20077,8373
20063,8294
20137,8416
20047,8471
20086,8333
20019,8388
20093,8277
20042,8495
20116,8348
20134,8471
20028,8462
20009,8271
20099,8397
20046,8388
20069,8237
20108,8453
20002,8310
20011,8428
20029,8453
20034,8455
20052,8282
20126,8399
20075,8267
20149,8310
20059,8440
20082,8251
20068,8314
20158,8444
20091,8395
20024,8320
20042,8419
20141,8429
20074,8336
19984,8360
20023,8393
20081,8258
20064,8309
20154,8443
20101,8486
20050,8248
20034,8395
20006,8301
20066,8408
20084,8431
20015,8337
20040,8269
20114,8386
20049,8321
20139,8451
20056,8269
20146,8435
20095,8404
20129,8346
20039,8461
20078,8423
20032,8293
20073,8485
20020,8484
19990,8354
20066,8476
20031,8292
20089,8421
20112,8284
20038,8414
20121,8354
20139,8399
20070,8399
20072,8442
20003,8322
20044,8256
20030,8247
20104,8373
20014,8454
20053,8446
20060,8256
20152,8353
20048,8466
20069,8478
20133,8327
20013,8391
20103,8261
20036,8312
20128,8457
20149,8455
20137,8301
20063,8427
20121,8478
20144,8329
20019,8273
20093,8426
20026,8357
20028,8321
20035,8241
20125,8367
20143,8368
20058,8434
20076,8437
20007,8335
20085,8257
20018,8250
20108,8376
20041,8427
20025,8276
20115,8406
20011,8281
20119,8472
20124,8472
20135,8376
20068,8429
20091,8260
20001,8380
20100,8352
20033,8387
20051,8348
19982,8324
20023,8258
20081,8447
20083,8431
20067,8252
20016,8340
20090,8327
20106,8474
20000,8291
20039,8258
20113,8388
20131,8357
20041,8487
20062,8417
20064,8320
20117,8314
20073,8278
20096,8331
20045,8424
20066,8303
20130,8294
20061,8488
20079,8249
20049,8318
20123,8333
20033,8463
20056,8408
20095,8281
20005,8353
20065,8350
19991,8306
20014,8401
20037,8400
20055,8337
20113,8448
20078,8306
20136,8383
20048,8257
20138,8399
20122,8318
20087,8416
20071,8241
20145,8375
20020,8367
20094,8338
20004,8318
20027,8375
20105,8303
20036,8495
20054,8282
20128,8408
20077,8283
19987,8335
20047,8361
20070,8314
20019,8478
20134,8317
20012,8391
20030,8354
20088,8357
20127,8342
20060,8411
20046,8290
20120,8416
20138,8451
19995,8374
20069,8323
20025,8485
20043,8322
20011,8470
20029,8299
20119,8425
20052,8380
20126,8293
20075,8437
20149,8332
20008,8378
20098,8484
20144,8452
20109,8292
20042,8281
20132,8411
20102,8333
20141,8467
20035,8378
20058,8313
20085,8406
20018,8369
20092,8360
20115,8291
20025,8417
20101,8284
20050,8414
20124,8339
20142,8438
19999,8363
20057,8368
20006,8395
20082,8485
20017,8312
20107,8442
20040,8359
20114,8296
20010,8361
20033,8280
20097,8273
20083,8312
20067,8361
20039,8375
20062,8300
20064,8475
20117,8463
20032,8335
20140,8352
20050,8482
20122,8449
20073,8387
20147,8430
20022,8324
20080,8379
19992,8279
20031,8414
20089,8259
20112,8326
20130,8445
20061,8381
20079,8386
20056,8483
20021,8261
20111,8391
20044,8362
20065,8235
20014,8284
20037,8261
20048,8380
20122,8389
20087,8309
20071,8362
20027,8256
20013,8301
20103,8431
20036,8338
20054,8401
20077,8400
20151,8419
20137,8331
20086,8358
19996,8282
20144,8307
20019,8427
20042,8456
20026,8315
20116,8441
20134,8424
20030,8489
20127,8475
20009,8274
20099,8400
20120,8299
20046,8425
20002,8275
20011,8323
20119,8290
20029,8416
20034,8480
20052,8263
20126,8400
20075,8302
20059,8351
20068,8263
20160,8416
20109,8473
20024,8421
20042,8396
20114,8475
20051,8310
20141,8328
20074,8381
20023,8420
20064,8298
20154,8420
20101,8385
20050,8277
20124,8294
20034,8420
20057,8253
20006,8262
20084,8340
20015,8444
20107,8311
20017,8437
20040,8274
20024,8481
20114,8415
20049,8356
20123,8279
20056,8306
20055,8315
20129,8445
20039,8488
20078,8392
19981,8303
20022,8467
20027,8465
19990,8327
20156,8443
20031,8259
20089,8392
20112,8305
20038,8435
20077,8449
20061,8242
20047,8259
20121,8389
20139,8418
20070,8480
20072,8351
20146,8464
20021,8394
20111,8264
20044,8285
20104,8346
20053,8409
20060,8317
20152,8326
20150,8443
20009,8451
20043,8300
20133,8418
20103,8288
20013,8418
20052,8470
20137,8304
20063,8438
20121,8449
20086,8253
19978,8346
20144,8430
20019,8308
20093,8389
20026,8334
20028,8446
20035,8276
20125,8394
20143,8351
20076,8338
20007,8426
20099,8285
20085,8300
20108,8341
20041,8398
20025,8255
20115,8381
20011,8316
20135,8343
20068,8394
20107,8484
20091,8379
20001,8343
20024,8304
20010,8271
20100,8397
20118,8356
20033,8422
20051,8323
20141,8317
19982,8361
20148,8401
20023,8313
20081,8402
20016,8425
20000,8280
20039,8281
20131,8328
20041,8458
20113,8415
20062,8458
20064,8421
20117,8293
20073,8313
20096,8352
20045,8387
20066,8264
20153,8354
20123,8352
20033,8482
19998,8282
20056,8445
20095,8356
20005,8332
20044,8460
19991,8297
20014,8378
20106,8379
20090,8484
20037,8443
20055,8332
20113,8475
20078,8279
20136,8388
20048,8294
20138,8424
20087,8479
20145,8330
20020,8404
20004,8283
20027,8362
20105,8306
20036,8500
20054,8255
20128,8381
20077,8310
19987,8306
20121,8274
20047,8404
20070,8287
20072,8458
20019,8453
20093,8470
20012,8412
20030,8327
20088,8330
20053,8302
20127,8381
20150,8310
20060,8432
20099,8458
20120,8325
19995,8365
19979,8314
20002,8377
20110,8334
20025,8456
20043,8345
20029,8262
20119,8388
20052,8345
20059,8249
20109,8319
20132,8352
20028,8305
20102,8358
20035,8385
20125,8287
20058,8290
20085,8433
20018,8330
20092,8325
20041,8315
20025,8388
20115,8262
20101,8295
20050,8443
20124,8328
20142,8411
19999,8374
20165,8410
20006,8364
20098,8325
20135,8456
20084,8238
20017,8275
20091,8244
20107,8401
20040,8332
20130,8466
20010,8370
20033,8307
20097,8308
20083,8351
19993,8331
20067,8332
20016,8292
20090,8439
20113,8276
20039,8402
20062,8305
20117,8426
20032,8356
20140,8381
20073,8422
20147,8341
20057,8471
20022,8377
20080,8336
20096,8251
20045,8312
19992,8316
20031,8357
20105,8483
20112,8347
20130,8406
20079,8361
20072,8249
20021,8288
20111,8418
20044,8327
20014,8257
20037,8288
20055,8449
20060,8455
20048,8401
20122,8430
20087,8336
19997,8328
20071,8321
20020,8287
20094,8418
20004,8398
20103,8330
20105,8447
20036,8383
20054,8394
20077,8427
20151,8350
20137,8366
19996,8311
20019,8334
20042,8469
20026,8292
20134,8397
20116,8422
20012,8279
20030,8498
20088,8469
20035,8462
20127,8486
20076,8244
20009,8309
20099,8439
20046,8338
20085,8450
20002,8268
20110,8469
20115,8471
20011,8358
20119,8281
20029,8411
20052,8236
20126,8437
20075,8325
19985,8349
20059,8370
20008,8266
20082,8433
20135,8313
20017,8460
20001,8317
20109,8436
20024,8394
20042,8361
20102,8477
20051,8285
20141,8355
20023,8323
20097,8453
20064,8271
20101,8428
20050,8302
20034,8321
20006,8283
20084,8369
20015,8411
20017,8392
20107,8266
20040,8247
20024,8454
20114,8440
19989,8290
20049,8383
20074,8474
20095,8478
20005,8290
20097,8385
20090,8314
20055,8278
20129,8400
20136,8318
20154,8453
20032,8255
20080,8459
20031,8238
20089,8243
20015,8479
20038,8340
20077,8476
20061,8237
20047,8302
20121,8424
20139,8441
20070,8453
20072,8356
20003,8396
20111,8311
20021,8437
20044,8250
20030,8317
20104,8447
20053,8388
20127,8279
20129,8476
20152,8427
20094,8297
20043,8259
20133,8397
20103,8319
20013,8445
20063,8349
20121,8484
20086,8406
20144,8387
20132,8474
20116,8297
20026,8427
20028,8411
20102,8268
20035,8315
20125,8421
20143,8442
20076,8367
20007,8385
20099,8288
20046,8473
20018,8304
20108,8434
20041,8401
20115,8352
20082,8292
20135,8434
19994,8296
20068,8407
20091,8350
20001,8330
20024,8277
20010,8296
20118,8345
20100,8426
20051,8422
20074,8397
20148,8446
20081,8245
20007,8453
20016,8398
20039,8308
20113,8434
20131,8431
20064,8410
20022,8263
20096,8389
20045,8414
20066,8357
19976,8325
20015,8300
20153,8325
20049,8244
20123,8391
19998,8319
20056,8418
20095,8323
20005,8343
20014,8351
20106,8324
20016,8458
20090,8449
20037,8454
20129,8301
20055,8427
20078,8376
19988,8352
20136,8425
20048,8315
20138,8437
20020,8433
20096,8449
20027,8321
19990,8311
20105,8277
20089,8376
20128,8338
20038,8451
20121,8309
20047,8435
20070,8368
19980,8328
20019,8488
20003,8313
20065,8464
20012,8441
20104,8298
20088,8303
20030,8424
20053,8265
20127,8408
19986,8306
20060,8429
20099,8465
20046,8232
20120,8362
20002,8338
20110,8371
20133,8306
20043,8444
20119,8355
20052,8326
20063,8454
20068,8454
20109,8282
20093,8373
20132,8333
20028,8302
20102,8379
20125,8314
20035,8420
20143,8463
20058,8335
20148,8461
20007,8314
19977,8355
20108,8293
20092,8290
20018,8423
20041,8286
20025,8367
20124,8357
20142,8380
20006,8321
20098,8382
20082,8475
20017,8246
20107,8372
20040,8337
20130,8463
20100,8285
20118,8468
20033,8342
20123,8468
20097,8303
20081,8354
20083,8322
19993,8366
20067,8339
20016,8313
20090,8400
20113,8303
20039,8425
20062,8346
20117,8405
20140,8410
20096,8272
20080,8309
20022,8402
20045,8275
19992,8289
20066,8248
20031,8320
20105,8454
20038,8242
20112,8368
20130,8371
20040,8493
20079,8340
20111,8329
20095,8244
20044,8348
20065,8417
20037,8331
20048,8438
20122,8331
20087,8335
20032,8453
19997,8355
20071,8348
20020,8260
20094,8391
20004,8363
20043,8493
20103,8353
20105,8386
20054,8367
20063,8247
20137,8369
19996,8300
20070,8239
20019,8373
20026,8257
20116,8387
20134,8358
20012,8300
20030,8471
20088,8442
20035,8469
20099,8346
20046,8375
19995,8285
20069,8446
20011,8381
20029,8374
20126,8350
20075,8344
20059,8361
20008,8303
20082,8394
20137,8461
19994,8334
20001,8272
20109,8399
20042,8370
20010,8462
20118,8295
20051,8256
20141,8382
20023,8382
20092,8437
20101,8439
20050,8331
20140,8457
20034,8378
20057,8395
20084,8286
19976,8319
20015,8390
20017,8355
20114,8341
20123,8289
19998,8341
20074,8487
20005,8269
20097,8420
20106,8314
20090,8295
20055,8269
20129,8395
20078,8470
19988,8314
20032,8404
20022,8489
20080,8416
20031,8245
20038,8361
20061,8392
20079,8473
20139,8348
20049,8478
20070,8478
20072,8265
19980,8306
20021,8336
20065,8318
20030,8262
20104,8388
20127,8306
19986,8344
20071,8465
20110,8265
20094,8306
20013,8344
20036,8399
20151,8462
20063,8376
20086,8395
20144,8408
20019,8254
20116,8278
20026,8404
20028,8496
20102,8289
20104,8448
20125,8448
20143,8417
20076,8260
20009,8325
20046,8450
20069,8291
20018,8269
20108,8399
20115,8327
20126,8453
20098,8260
20082,8257
20135,8393
20068,8252
20107,8478
20091,8437
20024,8378
20010,8309
20100,8439
20118,8434
20051,8397
20074,8406
20023,8243
20131,8434
20064,8255
20140,8316
20057,8272
20022,8312
20096,8442
20066,8350
20015,8267
20049,8399
20123,8442
20095,8430
20014,8320
20106,8417
20037,8481
20055,8390
20078,8349
19988,8333
20020,8478
20096,8486
19990,8296
20089,8355
20038,8484
20061,8285
20121,8344
20070,8341
20003,8284
20026,8487
20065,8459
20012,8470
20030,8397
20088,8276
20104,8271
20053,8372
20127,8423
20150,8332
20145,8460
20002,8335
20110,8404
20043,8403
20119,8350
20013,8461
20086,8262
19978,8311
20093,8336
20028,8267
20102,8412
20051,8474
20125,8341
20058,8360
20007,8273
20120,8459
19977,8326
20018,8384
20092,8287
20108,8258
20041,8353
20131,8483
20025,8338
20142,8353
20006,8346
20098,8411
20068,8359
20107,8331
19989,8355
20100,8314
20010,8440
20118,8457
20033,8329
20123,8459
20074,8285
20081,8325
20083,8361
20067,8310
20157,8424
20016,8286
20090,8381
20000,8365
20113,8322
20062,8383
20117,8368
20140,8439
20073,8236
19981,8331
20096,8309
20080,8266
20022,8439
20045,8366
20130,8364
20040,8498
20079,8307
20153,8437
20049,8260
20056,8338
20021,8246
20111,8372
20065,8388
19991,8372
20037,8342
20078,8232
20138,8325
20122,8372
20087,8362
20071,8315
20145,8445
20020,8289
20094,8360
20004,8368
20043,8448
20027,8433
20013,8254
20103,8380
20105,8357
20031,8483
20089,8488
20054,8320
20112,8465
20086,8465
20134,8379
20012,8329
20088,8415
20053,8249
20060,8349
20099,8353
20046,8280
20120,8410
19995,8304
20069,8409
19979,8353
20110,8483
20029,8337
20103,8448
20052,8438
20126,8355
20075,8383
20059,8268
20008,8308
20082,8359
20137,8464
19994,8363
20001,8267
20109,8362
20042,8351
20118,8280
20058,8255
20067,8487
20085,8332
20092,8402
20041,8238
20101,8338
20050,8356
20034,8279
20124,8405
19999,8301
20057,8430
19983,8338
20084,8315
20017,8326
20040,8417
20114,8366
20097,8351
20023,8473
20083,8242
20067,8419
20106,8263
20090,8256
19988,8295
20062,8234
20032,8393
20073,8345
20080,8389
19992,8337
20089,8313
20038,8258
20112,8384
20061,8419
20079,8452
20139,8371
20072,8302
20162,8432
20056,8477
20021,8379
20044,8428
20065,8273
20053,8458
20048,8326
20087,8255
20071,8428
20110,8306
20094,8279
20013,8371
20036,8404
20054,8479
20059,8477
20077,8342
20063,8263
20137,8385
20086,8428
19996,8348
20093,8310
20026,8241
20116,8371
20028,8493
20102,8314
20143,8396
20076,8289
20009,8360
20046,8487
20069,8270
20108,8484
20011,8397
20029,8486
20052,8313
20075,8232
20059,8409
20098,8289
20082,8282
20084,8458
20091,8424
20001,8384
20024,8351
20100,8476
20118,8407
20051,8240
20141,8398
20074,8435
19984,8343
20081,8291
19993,8303
20131,8409
20101,8455
20057,8315
20045,8468
20066,8443
20084,8398
20015,8374
20091,8468
20040,8300
20049,8418
20056,8236
20146,8338
20095,8437
20106,8394
20055,8253
20129,8379
20078,8326
20032,8260
19997,8292
20073,8454
20094,8454
20089,8326
20061,8312
20121,8323
20070,8430
20072,8409
20003,8355
20021,8448
20026,8448
20044,8295
20104,8276
20088,8249
20030,8406
20014,8481
20053,8351
20076,8464
20150,8353
20110,8441
20043,8246
20133,8376
20036,8287
19985,8305
20063,8392
20086,8315
20144,8360
20093,8331
20028,8352
20102,8433
20051,8449
20125,8368
20035,8238
20058,8405
20076,8404
20007,8364
20108,8287
20092,8244
20018,8413
20041,8324
20131,8454
20025,8309
20115,8439
20011,8262
20142,8330
20098,8436
20068,8332
20091,8293
19989,8334
20100,8327
20033,8364
20051,8381
20074,8294
20148,8331
20058,8457
20081,8344
20083,8396
20067,8285
20016,8371
20090,8358
20000,8322
20113,8357
20062,8384
20064,8367
20117,8347
20073,8247
20096,8298
20080,8239
20022,8424
20045,8329
20015,8251
20130,8329
20040,8471
20061,8457
20079,8286
20049,8287
20056,8375
20095,8318
20065,8383
20083,8456
19991,8339
20014,8432
20037,8369
20055,8374
20136,8350
20138,8366
20122,8273
20087,8385
20071,8278
20145,8400
20020,8334
20094,8333
20004,8349
20027,8404
20105,8328
20031,8462
20089,8467
20036,8462
20054,8293
20128,8423
20077,8252
19987,8364
20047,8334
20086,8458
20070,8293
20111,8471
20116,8469
20134,8348
20155,8441
20012,8358
20088,8388
20060,8378
20046,8317
20120,8447
19995,8343
20069,8356
19979,8324
20018,8460
20092,8459
20043,8355
20029,8332
20103,8479
20052,8403
20075,8402
20059,8291
20149,8429
20008,8345
20082,8320
20098,8455
20109,8325
20042,8312
20132,8442
20028,8251
20035,8347
20058,8280
20067,8458
20085,8375
20092,8399
20041,8241
20101,8381
20050,8385
20034,8304
20124,8434
20142,8465
19999,8328
20057,8337
20075,8478
20147,8467
20084,8288
20017,8345
20040,8390
20114,8267
20010,8328
20033,8249
20097,8370
20081,8469
20083,8281
20067,8390
20039,8340
20062,8271
20117,8480
20032,8430
20140,8327
20050,8453
20073,8380
20147,8399
20080,8410
20045,8254
19992,8374
20031,8447
20089,8284
20038,8295
20112,8421
20061,8350
20079,8419
20072,8307
20162,8429
20056,8450
20021,8358
20044,8393
20065,8244
20014,8319
20136,8457
20048,8347
20087,8282
20071,8395
20094,8248
20133,8478
20027,8289
20013,8270
20103,8396
20036,8433
20128,8306
20054,8432
20077,8369
20063,8290
20137,8420
20047,8467
20086,8321
20019,8392
20093,8273
20042,8491
20116,8344
20134,8459
20028,8458
20076,8318
20009,8371
20046,8392
20108,8449
20002,8306
20029,8449
20034,8451
20052,8294
20075,8271
20149,8306
20059,8444
20082,8247
20068,8294
20158,8416
20091,8399
20024,8324
20132,8301
20042,8431
20118,8392
20141,8425
20074,8348
19984,8364
20023,8389
20081,8262
20154,8327
20101,8482
20050,8244
20034,8391
20006,8289
20066,8404
20084,8427
20015,8349
20091,8459
20040,8305
20049,8325
20139,8455
19975,8341
20056,8273
20146,8431
20095,8400
20106,8407
20129,8350
20039,8457
20078,8427
20032,8313
20020,8480
19990,8358
20066,8472
20031,8288
20089,8425
20112,8272
20038,8402
20121,8358
20139,8387
20070,8387
20072,8446
20003,8326
20021,8491
20044,8316
20030,8251
20104,8377
20014,8458
20053,8442
20060,8284
20152,8357
20048,8470
20069,8474
20110,8418
20133,8323
20013,8387
20103,8257
20036,8292
20128,8461
20149,8451
20063,8407
20144,8333
20019,8277
20093,8422
20026,8353
20028,8349
20035,8245
20125,8363
20143,8380
20058,8446
20076,8433
20007,8331
20085,8269
20018,8246
20108,8372
20041,8431
20025,8280
20115,8410
20011,8285
20119,8468
20124,8468
20135,8372
20068,8425
20091,8280
20001,8368
20100,8364
20033,8391
20051,8352
19982,8328
20148,8368
20023,8286
20081,8435
20083,8435
20016,8328
20090,8323
20106,8454
20000,8295
20039,8254
20113,8376
20131,8361
20041,8491
20062,8421
20064,8324
20117,8326
20073,8282
20096,8335
20045,8420
20066,8299
20061,8484
20079,8261
20049,8306
20123,8321
20033,8451
20056,8412
20095,8261
20005,8365
20065,8338
19991,8334
20014,8405
20037,8412
20055,8365
20113,8452
20078,8310
20136,8355
20048,8261
20138,8395
20122,8314
20087,8444
20071,8237
20145,8363
20020,8363
20094,8342
20004,8314
20027,8395
20105,8339
20031,8469
20036,8491
20054,8286
20128,8412
20077,8279
19987,8339
20047,8373
20070,8318
20134,8305
20012,8387
20030,8358
20088,8361
20127,8338
20060,8407
20046,8294
20120,8420
20138,8463
19995,8330
20069,8335
19979,8347
20025,8489
20043,8326
20011,8458
20029,8295
20119,8421
20052,8376
20126,8297
20075,8425
20149,8328
20008,8382
20082,8349
20098,8480
20109,8288
20042,8261
20132,8391
20102,8321
20141,8463
20035,8382
20058,8261
20067,8465
20085,8402
20018,8365
20092,8356
20115,8295
20025,8421
20101,8280
20050,8410
20034,8301
20124,8431
20142,8442
19999,8343
20057,8372
19983,8356
20006,8399
20082,8481
20017,8316
20107,8446
20040,8363
20114,8292
20010,8341
20033,8284
20097,8277
20083,8316
20067,8365
20039,8371
20062,8272
20064,8479
20117,8459
20032,8323
20140,8348
20050,8478
20122,8461
20073,8391
20147,8434
20022,8344
20080,8383
19992,8283
20031,8410
20089,8263
20038,8312
20112,8442
20130,8441
20061,8377
20079,8398
20139,8301
20056,8487
20021,8257
20111,8387
20044,8358
20065,8239
20014,8288
20037,8257
20055,8486
20048,8368
20122,8385
20087,8305
20071,8358
20020,8254
20027,8260
20013,8297
20103,8427
20036,8350
20128,8279
20054,8405
20077,8396
20151,8447
20137,8335
20086,8378
19996,8278
20144,8311
20019,8431
20093,8268
20116,8325
20134,8428
20030,8493
20127,8455
20009,8278
20099,8404
20120,8303
20046,8429
20069,8244
20108,8478
20002,8303
20011,8327
20119,8318
20029,8444
20052,8259
20126,8404
20075,8290
20059,8339
20068,8259
20160,8420
20109,8469
20024,8425
20042,8392
20114,8471
20051,8314
20141,8324
20074,8377
20023,8416
20081,8281
20064,8302
20101,8397
20050,8273
20124,8290
20034,8416
20006,8314
20084,8336
20015,8440
20107,8299
20017,8425
20040,8278
20024,8485
20114,8411
20049,8344
20139,8474
20056,8310
20055,8311
20129,8433
20039,8484
20078,8396
20022,8471
20027,8469
19990,8347
20156,8439
20031,8271
20089,8396
20112,8309
20038,8439
20047,8271
20121,8393
20139,8422
20070,8484
20072,8323
20146,8460
20111,8276
20021,8406
20044,8281
20104,8350
20053,8421
20060,8313
20152,8330
20150,8447
20009,8455
20043,8288
20133,8430
20103,8284
20013,8414
20052,8466
20137,8308
20063,8434
20121,8453
20086,8241
19978,8326
20144,8418
20019,8312
20093,8385
20026,8330
20028,8442
20035,8280
20125,8390
20143,8347
20076,8334
20009,8387
20099,8257
20085,8296
20108,8337
20041,8434
20025,8259
20115,8385
20011,8304
20135,8339
20068,8438
20091,8383
20001,8363
20024,8308
20010,8267
20100,8393
20118,8376
20033,8442
20051,8327
20074,8236
20148,8413
20023,8309
20081,8406
20016,8429
20000,8284
20039,8277
20131,8332
20041,8462
20113,8403
20062,8462
20064,8441
20117,8289
20073,8317
20096,8356
20045,8447
20066,8260
20153,8358
20123,8356
20033,8486
19998,8286
20056,8385
20146,8319
20095,8352
20005,8328
20044,8456
19991,8293
20014,8382
20106,8359
20090,8480
20037,8423
20055,8328
20113,8479
20078,8283
20136,8392
20048,8282
20138,8404
20122,8295
20087,8475
20145,8334
20020,8400
20004,8263
20027,8366
20105,8310
20036,8496
20054,8243
20128,8369
20077,8306
19987,8310
20121,8278
20047,8400
20070,8275
20072,8462
20019,8457
20093,8466
20030,8331
20088,8334
20053,8298
20127,8377
20060,8396
20099,8462
20120,8329
19995,8353
19979,8318
20002,8373
20110,8338
20025,8460
20043,8349
20029,8258
20119,8384
20052,8357
20126,8306
20059,8253
20008,8387
20068,8485
20109,8315
20042,8238
20132,8364
20102,8346
20125,8283
20035,8389
20058,8302
20085,8445
20018,8326
20092,8321
20041,8319
20025,8392
20115,8266
20101,8291
20050,8439
20124,8324
20142,8415
19999,8370
20006,8352
20098,8321
20135,8452
20084,8234
20017,8279
20107,8405
20040,8368
20010,8382
20100,8252
20033,8311
20097,8264
20083,8291
19993,8335
20067,8368
20090,8435
20039,8398
20113,8264
20062,8309
20117,8438
20032,8376
20140,8377
20073,8426
20147,8345
20057,8475
20022,8381
20080,8340
20096,8255
20045,8308
20031,8353
20105,8487
20112,8351
20130,8402
20079,8373
20072,8253
20021,8300
20111,8430
20044,8323
20014,8261
20037,8300
20055,8477
20060,8451
20048,8405
20122,8426
20087,8300
19997,8324
20071,8381
20020,8283
20094,8422
20004,8394
20027,8251
20103,8326
20105,8419
20036,8379
20054,8398
20077,8423
20151,8346
20137,8338
20047,8485
19996,8307
20019,8338
20042,8465
20026,8288
20134,8385
20116,8418
20012,8275
20030,8502
20088,8473
20143,8317
20127,8482
20076,8240
20009,8313
20099,8443
20046,8342
20085,8462
20110,8473
20115,8475
20011,8346
20119,8277
20029,8407
20052,8232
20126,8441
20075,8313
19985,8337
20059,8374
20008,8270
20082,8429
20135,8309
20017,8448
20001,8305
20109,8432
20024,8398
20042,8405
20102,8465
20051,8289
20141,8351
20148,8311
20023,8351
20097,8473
20064,8259
20101,8424
20050,8298
20034,8349
20006,8287
20084,8381
20015,8423
20017,8396
20107,8270
20040,8251
20024,8458
20114,8436
19989,8302
20049,8371
20074,8454
20095,8474
20005,8302
20097,8389
20055,8274
20129,8404
20154,8449
20032,8243
20022,8456
20080,8463
20027,8456
20156,8428
20089,8247
20015,8475
20038,8328
20077,8472
20061,8233
20047,8298
20121,8428
20139,8445
20072,8360
20111,8307
20021,8433
20044,8246
20030,8289
20104,8419
20053,8384
20127,8275
20129,8464
20150,8464
20152,8431
20094,8301
20043,8263
20133,8393
20103,8315
20013,8441
20036,8238
20063,8345
20086,8234
20144,8391
20093,8252
20132,8454
20116,8309
20026,8439
20028,8407
20102,8256
20035,8319
20143,8326
20125,8417
20076,8363
20007,8445
20099,8292
20009,8422
20046,8477
20018,8300
20108,8430
20041,8405
20115,8356
20082,8288
20135,8430
19994,8308
20068,8403
20091,8338
20001,8334
20024,8281
20010,8276
20118,8349
20100,8406
20051,8426
20074,8393
20148,8442
20081,8233
20007,8449
20016,8386
20039,8304
20131,8339
20041,8465
20113,8438
20062,8467
20064,8414
20117,8268
20022,8283
20096,8409
20045,8410
20066,8353
19976,8329
20015,8296
20153,8329
20049,8232
20123,8411
19998,8291
20056,8422
20095,8335
20005,8339
20014,8355
20106,8320
20016,8462
20090,8461
20037,8450
20129,8289
20055,8423
20078,8380
19988,8364
20136,8429
20048,8319
20138,8433
20020,8445
20096,8453
20027,8325
20105,8281
20089,8380
20128,8342
20038,8455
20121,8313
20047,8447
20070,8372
20072,8467
19980,8324
20093,8461
20003,8317
20065,8468
20012,8437
20104,8302
20088,8307
20030,8428
20053,8277
20127,8388
19986,8302
20060,8425
20099,8469
20046,8236
20120,8366
20002,8366
20110,8375
20133,8318
20043,8432
20029,8253
20119,8383
20052,8322
20008,8424
20063,8450
20068,8450
20109,8278
20093,8369
20132,8329
20028,8298
20102,8383
20125,8310
20035,8424
20143,8459
20058,8331
20148,8457
20007,8310
20108,8289
20092,8318
20018,8419
20041,8258
20025,8371
20124,8353
20165,8417
19983,8302
20006,8325
20098,8378
20082,8471
20107,8360
20091,8239
20040,8341
20130,8459
20100,8281
20033,8298
20097,8291
20081,8358
20083,8326
19993,8370
20067,8343
20016,8317
20090,8412
20113,8291
20039,8421
20062,8350
20117,8401
20140,8406
20096,8276
20080,8297
20022,8406
20045,8271
19992,8293
20066,8244
20031,8332
20105,8458
20038,8246
20112,8372
20130,8399
20079,8336
20111,8341
20044,8344
20065,8421
20037,8311
20048,8426
20122,8343
20087,8331
20032,8473
20071,8344
20020,8256
20094,8395
20043,8481
20103,8349
20105,8390
20054,8355
20063,8243
20137,8373
19996,8296
20019,8377
20026,8269
20116,8399
20134,8410
20012,8296
20030,8475
20088,8446
20035,8473
20099,8350
20046,8379
19995,8273
20069,8442
20110,8450
20011,8369
20029,8370
20126,8322
20075,8348
20059,8365
20008,8275
20082,8390
19994,8330
20017,8475
20001,8276
20109,8395
20042,8382
20010,8458
20118,8315
20051,8260
20141,8378
19984,8315
20023,8378
20092,8433
20101,8435
20050,8327
20140,8453
20034,8374
20057,8399
20084,8282
20015,8386
20017,8359
20114,8337
20123,8293
19998,8345
20074,8483
20005,8265
20097,8440
20106,8294
20090,8291
20055,8265
20129,8399
20078,8474
20022,8493
20080,8420
20031,8241
20015,8454
20038,8365
20061,8388
20079,8485
20139,8336
20049,8466
20070,8466
20072,8269
19980,8302
20021,8348
20065,8306
20030,8266
20104,8392
20127,8318
20129,8459
19986,8340
20071,8461
20110,8269
20094,8310
20043,8282
20133,8404
20013,8340
20036,8395
20151,8458
20063,8356
20086,8399
20144,8412
20116,8274
20026,8400
20028,8396
20102,8293
20104,8452
20125,8476
20143,8429
20076,8256
20009,8329
20046,8454
20069,8303
20018,8265
20108,8395
20115,8331
20126,8457
20098,8256
20082,8317
20135,8389
20068,8248
20107,8466
20091,8329
20024,8382
20010,8305
20100,8435
20118,8438
20051,8401
20074,8402
20148,8423
20131,8438
20064,8243
20057,8276
20022,8316
20096,8446
20066,8346
20015,8279
20049,8387
20123,8446
20146,8373
20095,8426
20005,8446
20014,8324
20106,8429
20037,8493
20055,8386
20078,8353
19988,8329
20136,8434
20020,8474
20094,8481
19990,8300
20089,8359
20128,8331
20038,8472
20061,8281
20121,8348
20070,8329
20026,8483
20065,8463
20012,8466
20104,8307
20088,8280
20030,8433
20053,8368
20127,8419
20150,8320
20145,8448
20002,8331
20110,8408
20043,8407
20119,8346
20013,8457
20086,8282
20093,8364
20132,8342
20028,8263
20102,8400
20051,8478
20125,8337
20058,8372
20007,8269
20120,8463
19977,8330
20108,8318
20092,8283
20018,8444
20041,8357
20025,8342
20142,8357
20006,8350
20098,8407
20068,8355
20107,8335
19989,8367
20100,8294
20118,8461
20033,8333
20123,8463
20074,8281
20081,8377
20083,8365
20067,8314
20157,8420
20016,8274
20090,8377
20000,8353
20113,8326
20062,8355
20117,8380
20140,8435
19981,8327
20147,8355
20057,8481
20022,8395
20080,8270
20096,8265
20045,8362
20130,8360
20079,8319
20153,8441
20056,8342
20111,8368
20065,8408
19991,8368
20037,8338
20078,8236
20138,8321
20122,8368
20087,8358
20071,8311
20145,8433
20020,8301
20094,8364
20004,8380
20043,8452
20027,8437
20103,8376
20105,8361
20031,8495
20054,8324
20112,8469
20151,8364
20086,8469
20134,8383
20012,8325
20088,8419
20060,8345
20099,8357
20046,8284
20120,8414
19995,8308
20069,8389
19979,8357
20110,8487
20029,8365
20052,8434
20126,8359
20075,8371
20059,8256
20008,8312
20082,8355
20137,8468
19994,8375
20001,8271
20109,8358
20042,8347
20010,8471
20118,8284
20058,8251
20085,8328
20092,8430
20101,8350
20050,8352
20034,8275
20124,8401
19999,8297
20057,8434
19983,8350
20084,8263
20017,8378
20040,8421
20114,8362
19998,8354
20005,8276
20097,8339
20023,8469
20083,8246
20067,8423
20106,8259
20090,8268
19988,8291
20062,8238
20032,8397
20073,8349
20080,8441
19992,8341
20089,8317
20038,8262
20112,8388
20061,8447
20079,8448
20139,8375
20072,8274
20021,8327
20044,8424
20065,8277
20053,8470
20087,8251
20071,8424
20110,8310
20094,8283
20013,8367
20036,8400
20054,8467
20059,8465
20077,8338
20063,8259
20137,8389
20086,8416
19996,8344
20093,8306
20026,8253
20116,8383
20028,8489
20102,8318
20143,8392
20076,8285
20166,8411
20009,8364
20046,8491
20069,8266
20108,8480
20011,8385
20029,8482
20126,8466
20075,8236
20059,8413
20098,8317
20082,8278
20084,8470
20091,8428
20001,8388
20024,8355
20100,8472
20118,8427
20051,8244
20141,8394
20074,8447
19984,8331
20081,8295
19993,8307
20131,8413
20064,8232
20101,8451
20057,8319
20045,8464
20066,8439
20084,8394
20015,8370
20091,8488
20049,8422
20056,8240
20146,8334
20095,8433
20106,8438
20055,8249
20129,8383
20078,8330
20032,8280
19997,8288
20073,8458
20020,8455
20094,8458
20089,8330
20061,8308
20121,8327
20070,8418
20072,8413
20003,8359
20021,8460
20026,8460
20044,8291
20104,8280
20088,8253
20030,8410
20053,8347
20076,8460
20150,8357
20110,8445
20043,8234
20133,8356
20036,8283
19985,8309
20086,8319
20144,8364
20093,8327
20028,8380
20102,8437
20051,8453
20125,8332
20058,8401
20076,8400
20007,8360
20085,8238
20108,8283
20092,8240
20018,8409
20041,8328
20131,8458
20025,8313
20115,8443
20142,8334
20098,8432
20068,8328
20091,8313
19989,8330
20100,8323
20033,8352
20123,8482
20074,8290
19982,8299
20148,8343
20058,8469
20097,8249
20081,8348
20083,8400
20067,8257
20016,8375
20090,8354
20000,8326
20113,8345
20062,8388
20064,8355
20117,8359
20073,8251
20096,8302
20022,8428
20045,8325
20130,8325
20040,8475
20061,8453
20079,8282
20049,8275
20056,8379
20095,8314
20065,8371
20083,8460
19991,8367
20014,8436
20037,8381
20055,8370
20136,8322
20138,8362
20122,8285
20087,8413
20071,8274
20145,8404
20020,8330
20094,8369
20004,8345
20043,8475
20027,8424
20105,8332
20031,8458
20089,8471
20036,8458
20054,8313
20128,8443
20077,8248
20047,8330
20086,8462
20111,8467
20116,8465
20134,8336
20155,8445
20012,8354
20088,8392
20060,8374
20046,8257
20120,8387
19995,8299
20069,8352
20018,8456
20092,8455
20043,8359
20029,8328
20103,8475
20052,8415
20075,8406
20059,8295
20149,8425
20008,8349
20082,8380
20098,8451
20109,8321
20042,8292
20132,8422
20028,8247
20035,8351
20067,8462
20085,8371
20159,8422
20092,8395
20041,8245
20101,8377
20050,8381
20034,8268
20124,8398
20142,8469
19999,8308
20057,8341
20075,8466
19983,8325
20084,8300
20017,8349
20040,8394
20114,8263
20033,8253
20097,8374
20081,8457
20083,8285
20067,8394
20039,8336
20062,8243
20032,8418
20140,8323
20050,8449
20073,8352
20147,8403
20080,8414
20045,8250
20031,8443
20089,8288
20038,8283
20112,8409
20061,8346
20079,8431
20072,8311
20162,8425
20056,8454
20021,8354
20044,8389
20065,8264
20136,8461
20048,8351
20087,8278
20071,8391
20094,8252
20133,8474
20027,8293
20013,8266
20103,8392
20036,8445
20128,8310
20054,8436
20077,8365
20063,8302
20137,8424
20047,8479
20086,8325
19996,8373
20019,8396
20093,8301
20116,8356
20134,8463
20028,8454
20076,8314
20009,8375
20099,8245
20046,8396
20120,8270
20069,8277
20029,8477
20034,8479
20052,8290
20075,8259
20149,8318
20059,8432
20082,8243
20068,8290
20158,8420
20091,8387
20024,8328
20132,8297
20042,8427
20100,8485
20118,8396
20141,8421
20074,8344
19984,8352
20023,8385
20081,8314
20154,8323
20050,8240
20034,8387
20057,8290
20006,8293
20066,8400
20084,8439
20015,8345
20091,8463
20040,8309
20049,8441
19975,8337
20056,8277
20146,8427
20164,8414
20095,8412
20106,8403
20129,8338
20039,8453
20078,8431
20032,8317
20020,8492
20027,8498
20066,8468
20031,8300
20089,8429
20112,8276
20038,8406
20061,8303
20047,8236
20121,8362
20139,8391
20070,8391
20072,8418
20003,8330
20044,8312
20030,8255
20104,8381
20014,8462
20053,8326
20060,8280
20152,8361
20048,8458
20069,8454
20110,8422
20133,8335
20036,8288
20128,8449
20149,8463
20063,8403
20144,8321
20019,8281
20093,8418
20026,8365
20028,8345
20035,8249
20125,8359
20143,8376
20058,8442
20076,8429
20007,8327
20085,8265
20108,8368
20041,8339
20131,8465
20025,8284
20115,8414
20011,8273
20119,8464
20124,8464
20098,8429
20135,8368
20068,8341
20091,8284
20001,8372
20100,8360
20033,8411
20051,8356
19982,8332
20023,8282
20081,8439
20083,8439
20016,8332
20090,8335
20106,8450
20000,8315
20039,8250
20113,8380
20131,8365
20041,8495
20062,8425
20064,8344
20117,8322
20073,8286
20163,8412
20096,8323
20080,8248
20045,8416
20066,8295
20130,8318
20061,8480
20079,8257
20049,8310
20123,8325
20033,8455
20056,8352
20095,8257
20005,8361
20065,8342
19991,8330
20014,8409
20037,8408
20055,8361
20078,8314
20136,8359
20048,8249
20138,8375
20087,8440
20071,8233
20145,8367
20020,8375
20094,8346
20004,8294
20027,8399
20105,8343
20031,8465
20036,8471
20054,8274
20128,8400
20077,8275
19987,8343
20047,8369
20086,8483
20070,8306
20134,8309
20012,8383
20030,8362
20088,8365
20127,8350
20060,8403
20046,8298
20120,8424
20138,8459
19995,8334
20069,8331
19979,8351
20025,8493
20043,8378
20011,8462
20029,8291
20119,8417
20052,8388
20126,8301
20075,8429
20149,8340
20008,8354
20082,8345
20109,8348
20042,8257
20132,8387
20102,8325
20141,8459
20035,8354
20058,8257
20067,8469
20085,8414
20018,8361
20092,8352
20115,8299
20025,8425
20101,8260
20050,8406
20034,8297
20124,8427
20142,8446
19999,8339
20057,8376
19983,8352
20006,8387
20017,8304
20107,8434
20040,8367
20114,8288
20010,8337
20033,8272
20097,8361
20083,8256
20067,8401
20039,8367
20062,8276
20064,8467
20117,8471
20032,8327
20140,8344
20050,8474
20122,8457
20073,8395
20147,8438
20022,8348
20080,8371
19992,8287
20031,8390
20089,8267
20038,8316
20112,8446
20130,8437
20061,8373
20079,8394
20021,8269
20111,8399
20044,8354
20014,8292
20037,8269
20055,8482
20136,8466
20048,8372
20122,8397
20087,8269
20071,8354
20020,8250
20027,8280
20013,8293
20103,8423
20036,8346
20128,8299
20054,8425
20077,8392
20151,8443
20063,8309
20137,8435
20086,8382
19996,8274
20019,8435
20093,8264
20042,8496
20116,8321
20134,8416
20127,8451
20009,8282
20099,8408
20120,8307
20046,8433
20069,8240
20108,8474
20002,8299
20011,8443
20119,8314
20029,8440
20034,8504
20052,8271
20126,8408
20075,8294
20059,8343
20068,8271
20017,8481
20109,8465
20024,8429
20132,8310
20042,8436
20114,8467
20051,8318
20141,8320
20074,8357
20023,8444
20081,8285
20157,8448
20064,8290
20154,8428
20101,8393
20050,8269
20124,8318
20034,8444
20006,8318
20066,8397
20084,8348
20015,8324
20107,8303
20017,8429
20040,8282
20024,8489
20114,8407
20049,8348
20056,8314
20055,8307
20129,8437
20039,8480
20078,8400
20027,8489
19990,8351
20156,8435
20031,8267
20089,8400
20112,8297
20038,8427
20047,8267
20121,8397
20139,8410
20070,8408
20072,8327
20146,8456
20003,8337
20111,8272
20021,8402
20044,8277
20104,8322
20053,8417
20060,8309
20150,8435
20009,8459
20043,8292
20133,8426
20103,8280
20013,8410
20052,8478
20063,8446
20121,8457
20086,8245
19978,8322
20144,8422
20019,8316
20093,8413
20026,8342
20028,8438
20035,8284
20125,8386
20143,8359
20058,8423
20076,8330
20009,8391
20099,8261
20085,8308
20108,8333
20041,8438
20025,8263
20115,8389
20011,8308
20119,8463
20124,8461
20135,8335
19994,8279
20068,8434
20091,8371
20001,8367
20024,8312
20100,8373
20118,8380
20033,8446
20051,8331
20074,8232
20148,8409
20023,8305
20081,8394
20016,8417
20000,8272
20039,8273
20131,8368
20113,8407
20062,8434
20064,8445
20117,8301
20073,8289
20163,8419
20022,8250
20096,8376
20045,8443
20066,8256
20079,8236
20123,8376
20056,8389
20146,8315
20095,8364
20005,8372
20044,8452
20065,8329
20155,8459
19991,8289
20014,8386
20106,8355
20037,8419
20055,8324
20113,8467
20078,8287
20136,8396
20048,8286
20138,8400
20122,8291
20087,8471
20145,8322
20020,8412
20027,8354
20105,8314
20054,8247
20128,8373
20077,8302
19987,8314
20121,8282
20047,8412
20070,8279
20019,8461
20111,8485
20012,8404
20030,8335
20088,8338
20053,8310
20127,8357
20060,8392
20120,8333
20138,8468
19995,8357
20069,8342
20161,8413
19979,8306
20002,8369
20110,8342
20025,8464
20043,8337
20029,8286
20119,8412
20052,8353
20126,8310
20059,8241
20008,8391
20068,8481
20144,8465
20109,8311
20042,8234
20132,8360
20102,8350
20125,8279
20035,8393
20058,8298
20085,8441
20018,8322
20092,8349
20041,8291
20025,8396
20115,8270
20101,8303
20050,8435
20124,8320
20142,8419
19999,8382
20057,8355
20006,8356
20098,8349
20008,8451
20135,8448
20084,8246
20017,8267
20107,8393
20040,8372
20114,8317
20010,8378
20100,8248
20033,8267
20097,8268
20083,8295
19993,8339
20067,8372
20090,8447
20039,8394
20113,8268
20062,8313
20064,8456
20117,8434
20032,8380
20140,8373
20073,8430
20147,8349
20057,8479
20022,8369
20080,8328
20096,8243
20045,8304
20031,8365
20112,8339
20130,8430
20079,8369
20021,8296
20111,8426
20044,8383
20014,8265
20037,8296
20055,8473
20060,8479
20048,8393
20122,8438
20087,8296
19997,8320
20071,8377
20094,8426
20027,8255
20103,8322
20105,8423
20036,8359
20054,8386
20077,8419
20137,8342
20047,8481
19996,8271
20019,8342
20042,8477
20026,8300
20134,8389
20116,8430
20012,8271
20088,8477
20076,8236
20009,8317
20099,8447
20046,8346
20085,8458
20110,8477
20115,8479
20011,8350
20119,8273
20029,8403
20052,8244
20126,8445
20075,8317
19985,8341
20059,8330
20082,8425
20135,8305
20068,8276
20017,8452
20001,8309
20109,8428
20024,8402
20042,8401
20102,8469
20051,8293
20141,8347
20148,8307
20023,8347
20097,8477
20131,8298
20064,8263
20101,8404
20050,8294
20034,8345
20006,8275
20084,8377
20015,8419
20017,8384
20107,8258
20040,8255
20024,8462
20114,8432
19989,8298
20049,8375
20074,8450
20095,8454
20005,8298
20097,8409
20055,8302
20129,8424
20154,8461
20032,8247
20022,8460
20080,8451
20027,8460
20156,8424
20031,8278
20089,8251
20038,8332
20077,8468
20047,8310
20121,8432
20139,8433
20072,8364
20111,8319
20021,8445
20044,8242
20030,8293
20104,8423
20053,8396
20127,8287
20129,8468
20152,8435
20043,8315
20133,8437
20103,8311
20013,8437
20063,8325
20086,8238
20144,8443
20019,8291
20093,8248
20132,8450
20116,8305
20026,8435
20028,8403
20102,8260
20104,8483
20035,8291
20143,8322
20125,8445
20076,8359
20007,8441
20099,8296
20009,8426
20018,8296
20108,8426
20041,8409
20115,8360
20135,8426
19994,8304
20068,8415
20091,8342
20001,8322
20024,8285
20010,8272
20118,8337
20100,8402
20051,8430
20074,8245
20023,8300
20081,8237
20016,8390
20039,8300
20131,8343
20041,8469
20113,8426
20062,8471
20064,8402
20117,8264
20022,8287
20096,8413
20045,8406
20066,8381
19976,8333
20015,8308
20049,8236
20123,8415
19998,8295
20056,8426
20095,8331
20005,8351
19991,8284
20014,8359
20106,8332
20016,8450
20090,8457
20037,8462
20129,8293
20055,8419
20078,8256
19988,8360
20136,8401
20048,8307
20138,8445
20020,8441
20096,8473
20027,8345
20105,8285
20054,8232
20128,8362
19987,8289
20121,8317
20047,8443
20070,8360
20072,8471
19980,8320
20093,8457
20003,8289
20065,8488
20012,8433
20030,8336
20088,8311
20053,8273
20127,8384
19986,8298
20060,8421
20099,8473
20046,8240
20120,8370
20161,8432
20002,8362
20110,8379
20133,8314
20043,8436
20029,8249
20119,8379
20052,8334
20008,8428
20063,8462
20068,8462
20109,8274
20042,8247
20132,8373
20028,8294
20102,8371
20125,8306
20035,8428
20143,8471
20058,8343
20007,8306
20085,8420
20018,8351
20092,8314
20041,8262
20025,8375
20034,8255
20124,8381
20142,8388
19983,8298
20006,8377
20098,8374
20082,8467
20135,8479
20107,8364
20040,8345
20130,8455
20010,8391
20100,8261
20033,8302
20097,8295
20083,8330
19993,8374
20067,8347
20016,8305
20090,8408
20000,8384
20113,8295
20039,8417
20062,8322
20117,8413
20140,8402
20073,8433
19981,8360
20147,8320
20057,8450
20022,8362
20080,8301
20045,8267
19992,8297
20066,8240
20031,8328
20105,8462
20038,8234
20112,8360
20130,8395
20079,8348
20111,8337
20095,8252
20044,8340
20065,8441
20037,8307
20048,8430
20122,8339
20087,8327
20032,8477
20071,8340
20020,8268
20094,8399
20043,8485
20103,8345
20105,8394
20054,8359
20077,8446
20063,8255
20137,8377
19996,8292
20019,8381
20026,8265
20116,8395
20134,8414
20012,8292
20030,8479
20088,8450
20035,8477
20099,8322
20046,8383
19995,8277
20069,8422
20110,8454
20115,8450
20011,8373
20029,8398
20119,8268
20126,8326
20075,8336
19985,8360
20059,8353
20008,8279
20082,8386
19994,8342
20017,8479
20001,8296
20109,8391
20042,8378
20118,8319
20051,8264
20141,8374
19984,8319
20023,8374
20131,8305
20101,8447
20050,8323
20140,8449
20034,8370
19999,8270
20057,8403
20084,8358
20015,8398
20107,8281
20017,8411
20114,8333
20123,8313
19998,8349
20005,8309
20097,8444
20106,8290
20090,8303
20055,8261
20129,8387
20078,8478
20032,8236
20022,8481
20080,8472
20031,8253
20015,8450
20038,8353
20061,8384
20079,8481
20139,8340
20049,8470
20070,8470
20072,8369
20021,8344
20065,8310
20030,8270
20104,8396
20127,8314
20129,8463
19986,8336
20150,8457
20071,8457
20110,8273
20094,8314
20043,8286
20133,8400
20013,8336
20036,8247
20151,8454
20063,8352
20086,8387
20144,8400
20116,8286
20026,8412
20028,8392
20102,8281
20104,8456
20125,8472
20143,8425
20076,8380
20009,8333
20046,8458
20069,8299
20018,8261
20108,8391
20115,8335
20126,8461
20098,8284
20082,8313
20135,8385
20107,8470
20091,8333
20024,8258
20010,8317
20118,8330
20100,8447
20051,8405
20074,8414
20148,8419
20016,8411
20131,8442
20064,8247
20057,8280
20022,8304
20096,8434
20066,8342
19976,8338
20015,8275
20049,8391
20123,8434
20146,8369
20095,8342
20005,8442
20014,8328
20106,8425
20037,8489
20055,8414
20078,8357
19988,8341
20136,8438
20020,8422
20094,8485
19990,8288
20089,8363
20128,8335
20038,8476
20061,8277
20121,8288
20047,8422
20070,8333
19980,8349
20026,8495
20065,8451
20012,8462
20104,8311
20088,8284
20030,8437
20053,8380
20127,8431
20150,8324
20161,8427
20145,8452
20002,8327
20110,8412
20043,8395
20119,8342
20013,8453
20063,8469
20086,8286
19978,8319
20093,8360
20132,8338
20028,8259
20102,8404
20051,8482
20125,8301
20035,8435
20058,8368
20007,8265
20120,8467
19977,8334
20108,8314
20092,8279
20018,8440
20041,8361
20025,8346
20142,8361
20006,8338
20098,8403
20068,8367
20107,8323
19989,8363
20100,8290
20118,8449
20033,8321
20123,8451
20074,8261
20081,8381
20083,8369
20067,8318
20016,8278
20090,8389
20000,8357
20113,8314
20039,8444
20062,8359
20117,8376
20140,8431
19981,8323
20147,8359
20057,8485
20096,8269
20080,8258
20022,8399
20045,8358
20066,8237
20031,8343
20105,8465
20130,8356
20079,8315
20153,8445
20056,8346
20021,8254
20111,8380
20065,8412
20037,8350
20078,8240
20138,8333
20122,8380
20087,8354
20032,8498
20071,8307
20145,8437
20020,8297
20094,8400
20004,8376
20103,8372
20105,8365
20031,8491
20054,8344
20112,8457
20151,8360
20070,8248
20019,8352
20134,8371
20012,8321
20088,8423
20035,8480
20060,8341
20099,8361
20046,8352
20069,8385
20092,8486
20029,8361
20052,8446
20126,8363
20075,8375
20059,8260
20008,8316
20082,8415
20137,8472
19994,8371
20109,8354
20042,8327
20010,8467
20118,8272
20023,8365
20085,8340
20092,8426
20101,8346
20050,8348
20034,8367
19999,8277
20057,8438
19983,8346
20084,8259
20017,8382
20040,8425
20114,8358
19998,8358
20005,8272
20097,8343
20023,8465
20083,8250
20067,8427
20106,8271
20090,8264
20078,8451
19988,8303
20032,8385
20073,8321
20080,8445
19992,8345
20038,8378
20061,8443
20079,8460
20139,8363
20049,8489
20072,8278
20021,8323
20044,8420
20065,8297
20030,8275
20104,8401
20053,8466
19986,8365
20087,8247
20071,8420
20110,8314
20094,8287
20013,8363
20036,8412
20054,8471
20059,8469
20077,8334
20063,8271
20137,8393
20086,8420
19996,8340
20026,8249
20116,8379
20028,8485
20102,8306
20143,8404
20076,8281
20166,8415
20009,8336
20069,8310
20018,8286
20108,8412
20011,8389
20126,8470
20059,8401
20098,8313
20082,8274
20135,8412
20084,8466
20091,8416
20024,8359
20100,8452
20118,8431
20051,8248
20141,8390
20074,8443
19984,8335
19993,8311
20131,8385
20064,8236
20101,8463
20057,8259
20045,8460
20066,8435
20084,8406
20015,8382
20049,8410
20123,8425
20056,8244
20146,8330
20095,8445
20005,8389
20106,8434
20037,8500
20055,8245
20129,8371
20078,8334
20032,8284
19997,8316
20073,8462
20020,8451
20094,8462
20089,8334
20038,8497
20061,8304
20121,8331
20070,8422
20072,8385
20003,8363
20021,8456
20026,8456
20104,8284
20088,8257
20030,8414
20053,8359
20076,8456
20060,8255
20069,8487
20110,8385
20043,8238
20133,8352
20119,8333
20013,8480
20036,8263
20128,8480
19985,8297
20086,8307
20144,8352
20093,8323
20028,8376
20102,8425
20051,8457
20125,8328
20058,8413
20076,8396
20007,8356
20085,8234
19977,8337
20108,8279
20092,8268
20018,8405
20041,8332
20131,8462
20025,8317
20115,8447
20142,8338
20098,8396
20068,8372
20091,8317
20024,8242
19989,8342
20100,8335
20033,8356
20123,8486
20074,8302
19982,8303
20148,8339
20058,8465
20097,8253
20081,8336
20083,8404
20067,8261
20016,8363
20090,8366
20106,8485
20000,8346
20113,8349
20062,8392
20064,8359
20117,8355
20073,8255
19981,8350
20096,8290
20022,8416
20045,8321
20130,8321
20040,8479
20061,8449
20079,8294
20049,8279
20056,8383
20095,8294
20065,8375
20083,8464
19991,8363
20014,8440
20037,8377
20136,8326
20138,8342
20122,8281
20087,8409
20071,8270
20145,8392
20020,8342
20094,8373
20004,8325
20043,8479
20027,8428
20105,8368
20031,8502
20089,8475
20054,8317
20128,8447
20077,8244
19987,8372
20047,8342
20086,8450
20111,8479
20116,8477
20134,8340
20155,8433
20012,8350
20088,8396
20053,8236
20060,8370
20046,8261
20120,8391
19995,8303
20069,8364
20018,8452
20092,8451
20029,8324
20103,8471
20052,8411
20075,8394
20059,8315
20149,8437
20008,8321
20082,8376
20098,8479
20109,8381
20042,8288
20132,8418
20028,8243
20035,8323
20085,8383
20159,8418
20092,8391
20041,8249
20101,8357
20050,8377
20034,8264
20124,8394
20142,8473
19999,8304
20057,8345
20075,8470
19983,8321
20084,8296
20017,8337
20040,8398
20033,8241
20097,8330
20023,8460
20081,8461
20067,8398
20090,8245
20039,8332
20062,8247
20032,8422
20073,8356
20147,8407
20080,8402
20045,8246
20031,8423
20089,8292
20038,8287
20112,8413
20061,8342
20079,8427
20072,8315
20056,8458
20021,8366
20044,8385
20065,8268
20037,8238
20048,8339
20087,8274
20071,8387
20133,8454
20027,8313
20013,8262
20103,8388
20036,8441
20054,8456
20059,8456
20077,8361
20063,8298
20137,8428
20047,8475
20086,8345
19996,8369
20019,8400
20093,8297
20116,8352
20134,8451
20028,8450
20076,8310
20009,8379
20099,8249
20120,8274
20046,8400
20069,8273
20029,8473
20034,8475
20052,8302
20075,8263
20059,8436
20082,8239
20068,8302
20158,8424
20091,8391
20024,8332
20100,8481
20118,8384
20141,8417
20074,8324
19984,8356
20023,8413
20081,8318
20050,8236
20124,8285
20034,8415
20057,8294
20066,8428
20084,8435
20015,8357
20091,8451
20040,8313
20049,8445
19975,8333
20056,8281
20146,8423
20164,8410
20095,8408
20106,8415
20129,8342
20039,8449
20078,8435
20032,8305
20073,8465
20020,8488
20094,8467
20066,8464
20031,8296
20089,8433
20038,8394
20112,8264
20061,8299
20047,8232
20121,8366
20070,8443
20072,8422
20003,8334
20044,8308
20104,8353
20014,8466
20053,8322
20076,8485
20060,8276
20048,8462
20069,8450
20110,8426
20133,8331
20036,8300
20128,8453
20149,8459
20063,8415
19978,8357
20144,8325
20019,8285
20093,8446
20026,8361
20028,8341
20035,8253
20125,8355
20058,8390
20076,8425
20007,8323
20085,8277
20108,8364
20041,8343
20131,8469
20025,8288
20115,8418
20011,8277
20098,8425
20135,8364
20068,8337
20091,8272
20100,8340
20033,8415
20051,8360
19982,8336
20023,8278
20081,8427
20083,8443
20016,8320
20090,8331
20106,8462
20000,8319
20039,8246
20113,8368
20062,8429
20064,8348
20117,8334
20073,8258
20147,8305
20096,8327
20080,8252
20045,8348
20066,8291
20130,8314
20079,8269
20049,8298
20123,8345
20033,8475
20056,8356
20095,8269
20044,8491
20065,8362
19991,8326
20014,8413
20037,8388
20055,8357
20078,8318
20136,8363
20048,8253
20138,8371
20087,8436
20145,8355
20020,8371
20094,8350
20004,8290
20027,8387
20105,8347
20031,8477
20036,8467
20054,8278
20128,8404
20077,8271
19987,8347
20047,8381
20086,8487
20070,8310
20012,8379
20030,8366
20088,8369
20127,8346
20060,8367
20046,8302
20120,8428
19995,8322
20069,8375
19979,8339
20043,8382
20011,8450
20029,8319
20119,8445
20052,8384
20126,8273
20075,8417
20149,8336
20008,8358
20082,8341
20109,8344
20042,8269
20132,8399
20141,8455
20035,8358
20058,8269
20067,8473
20085,8410
20018,8357
20092,8380
20115,8303
20025,8429
20101,8256
20050,8402
20034,8293
20124,8423
20142,8450
19999,8351
20057,8380
19983,8364
20006,8391
20017,8308
20107,8438
20040,8403
20114,8284
20010,8349
20033,8276
20097,8365
20023,8491
20083,8260
20067,8405
20016,8251
20039,8363
20062,8280
20064,8471
20117,8467
20032,8347
20140,8340
20050,8470
20122,8469
20073,8399
20147,8442
20022,8336
20080,8375
19992,8355
20031,8386
20089,8271
20038,8304
20112,8434
20130,8433
20061,8369
20079,8406
20021,8265
20111,8395
20044,8414
20014,8296
20037,8265
20136,8470
20048,8360
20122,8393
20087,8265
20071,8414
20027,8284
20013,8289
20103,8419
20036,8326
20128,8303
20054,8429
20077,8388
20151,8439
20063,8305
20137,8439
20047,8454
20086,8370
19996,8366
20019,8439
20093,8260
20116,8333
20134,8420
20127,8463
20009,8286
20099,8412
20120,8311
20046,8437
20069,8252
20108,8470
20002,8295
20011,8447
20119,8310
20029,8436
20034,8500
20052,8267
20126,8412
20075,8282
20059,8427
20084,8484
20068,8267
20109,8461
20024,8433
20132,8306
20042,8432
20114,8463
20141,8444
20074,8353
20023,8440
20081,8273
20064,8294
20154,8424
20050,8265
20124,8314
20034,8440
20006,8306
20066,8393
20084,8344
20015,8320
20107,8291
20017,8417
20040,8286
20024,8493
20114,8403
20049,8336
20139,8466
20056,8318
20095,8487
20129,8329
20039,8476
20078,8404
20080,8482
20027,8493
19990,8339
20066,8461
20031,8311
20089,8404
20112,8301
20038,8431
20047,8279
20121,8401
20139,8414
20070,8412
20072,8331
20146,8452
20003,8341
20111,8284
20021,8414
20044,8273
20104,8326
20053,8429
20060,8305
20150,8439
20009,8463
20048,8483
20133,8342
20103,8276
20013,8406
20052,8474
20137,8316
20063,8442
20121,8461
19978,8334
20144,8346
20019,8256
20093,8409
20132,8481
20026,8338
20028,8434
20035,8256
20143,8355
20125,8414
20058,8419
20076,8326
20007,8350
20009,8395
20099,8265
20085,8304
20108,8329
20041,8442
20025,8267
20115,8393
20011,8296
20119,8459
20124,8457
20135,8331
19994,8275
20068,8446
20091,8375
20001,8355
20024,8316
20100,8369
20118,8368
20033,8434
20051,8335
20148,8357
20058,8487
20023,8269
20081,8398
20016,8421
20000,8276
20039,8269
20113,8395
20131,8372
20062,8438
20064,8433
20117,8297
20073,8293
20022,8254
20096,8380
20045,8439
20066,8284
20123,8380
20056,8393
20146,8311
20095,8360
20005,8368
20044,8448
20065,8333
19991,8317
20014,8390
20106,8367
20016,8481
20090,8488
20037,8431
20055,8320
20113,8471
20078,8291
20136,8368
20048,8274
20138,8412
20122,8303
20087,8467
20145,8326
20020,8408
20004,8271
20027,8358
20105,8318
20054,8267
20128,8393
20077,8298
19987,8318
20121,8286
20047,8408
20070,8267
19980,8359
20019,8465
20111,8481
20012,8400
20030,8371
20088,8342
20053,8306
20127,8353
20060,8388
20120,8337
20138,8464
19995,8377
20069,8338
19979,8310
20002,8397
20110,8346
20025,8468
20043,8341
20011,8473
20029,8282
20119,8408
20052,8365
20126,8314
20059,8245
20008,8395
20144,8469
20109,8307
20042,8278
20132,8404
20102,8338
20035,8397
20125,8275
20058,8310
20085,8389
20018,8382
20092,8345
20041,8295
20115,8274
20025,8400
20101,8299
20050,8431
20124,8348
20142,8423
20057,8359
20098,8345
20008,8455
20084,8242
20017,8271
20107,8397
20040,8376
20114,8313
20010,8358
20033,8271
20097,8256
20083,8299
19993,8343
20067,8376
20090,8443
20039,8390
20062,8317
20064,8460
20117,8446
20032,8368
20140,8369
20073,8402
20147,8417
20022,8373
20080,8332
20096,8247
20045,8300
20031,8361
20112,8343
20130,8426
20061,8364
20079,8381
20021,8308
20111,8438
20044,8379
20014,8269
20037,8276
20055,8469
20060,8475
20048,8397
20122,8434
20087,8292
19997,8348
20071,8373
20094,8430
20027,8243
20013,8316
20103,8446
20105,8427
20036,8355
20054,8390
20077,8415
20137,8346
20019,8346
20042,8473
20026,8296
20116,8426
20134,8441
20012,8267
20088,8481
20076,8232
20009,8289
20099,8419
20046,8350
20085,8470
20115,8483
20011,8338
20119,8301
20029,8431
20052,8240
20126,8417
20075,8305
19985,8329
20059,8334
20082,8421
20135,8301
20068,8272
20109,8424
20024,8406
20042,8413
20102,8457
20051,8297
20141,8343
20148,8319
20023,8343
20097,8465
20131,8302
20064,8283
20101,8400
20050,8290
20034,8341
20057,8236
20006,8279
20084,8325
20015,8431
20017,8388
20107,8262
20024,8466
20114,8428
19989,8310
20049,8363
20056,8291
20074,8462
20146,8413
20095,8450
20097,8413
20055,8298
20129,8428
20154,8457
19981,8318
20022,8448
20080,8455
20027,8448
20156,8420
20031,8274
20089,8255
20015,8483
20038,8320
20077,8464
20047,8306
20121,8436
20139,8437
20072,8336
20111,8315
20021,8441
20044,8238
20030,8297
20104,8427
20053,8392
20127,8283
20060,8302
20150,8424
20152,8439
20009,8466
20043,8319
20133,8433
20103,8307
20013,8433
20052,8455
20063,8321
20144,8447
20019,8295
20093,8244
20132,8462
20116,8317
20026,8447
20028,8431
20104,8487
20035,8295
20143,8334
20125,8441
20076,8355
20099,8300
20009,8430
20018,8292
20108,8422
20041,8413
20115,8364
20124,8486
20098,8255
20135,8422
19994,8316
20068,8411
20091,8362
20001,8326
20024,8289
20010,8284
20118,8341
20100,8414
20051,8434
20074,8241
20023,8296
20016,8442
20039,8296
20131,8347
20041,8473
20113,8430
20062,8475
20064,8406
20117,8276
20022,8275
20096,8401
20045,8402
20066,8377
20015,8304
20123,8403
19998,8299
20056,8430
20095,8375
20005,8347
20044,8477
19991,8280
20014,8363
20106,8328
20016,8454
20090,8469
20037,8458
20129,8313
20055,8447
20078,8260
19988,8372
20136,8405
20048,8311
20138,8441
20087,8462
20145,8345
20020,8389
20004,8276
20096,8477
20027,8349
20105,8257
20054,8236
20128,8366
19987,8293
20047,8391
20070,8364
20072,8475
20093,8453
20003,8293
20012,8429
20030,8340
20088,8315
20053,8285
20127,8396
20060,8417
20152,8450
20099,8477
20046,8244
20120,8374
20161,8436
20002,8358
20110,8383
20043,8424
20029,8245
20119,8375
20052,8330
20149,8358
20008,8400
20063,8458
20068,8458
20109,8270
20042,8243
20132,8369
20028,8290
20102,8375
20035,8400
20143,8467
20058,8339
20148,8465
20007,8302
20085,8416
20018,8347
20092,8310
20041,8266
20025,8379
20101,8310
20034,8251
20124,8377
20142,8392
19983,8310
20006,8381
20098,8370
20082,8463
20135,8475
20107,8352
20040,8349
20130,8451
20010,8387
20100,8257
20118,8480
20033,8290
20097,8315
20083,8334
20067,8351
20016,8309
20090,8420
20000,8388
20113,8283
20039,8413
20062,8326
20117,8409
20140,8398
20073,8437
19981,8356
20147,8324
20057,8454
20022,8366
20080,8289
20045,8263
19992,8301
20031,8372
20038,8238
20112,8364
20130,8391
20079,8344
20111,8349
20095,8248
20005,8448
20044,8336
20065,8445
20037,8319
20138,8300
20048,8418
20122,8351
20087,8323
20032,8465
19997,8375
20071,8336
20020,8264
20094,8435
20103,8341
20105,8398
20054,8379
20077,8442
20151,8329
20063,8251
20137,8381
19996,8288
20019,8321
20026,8277
20116,8407
20134,8402
20012,8288
20030,8451
20088,8454
20035,8449
20099,8326
20046,8323
20069,8418
20110,8458
20115,8454
20011,8361
20029,8394
20126,8330
20075,8340
19985,8364
20059,8357
20008,8283
20082,8446
19994,8338
20017,8467
20001,8300
20109,8387
20042,8358
20118,8307
20102,8482
20051,8268
20141,8370
19984,8307
20023,8370
20131,8309
20101,8443
20050,8319
20034,8334
20057,8407
20084,8354
20015,8394
20107,8285
20017,8415
20114,8329
20123,8317
19998,8321
20005,8305
20097,8432
20106,8302
20090,8299
20055,8257
20129,8391
20078,8482
20022,8485
20080,8476
20031,8249
20015,8462
20038,8357
20061,8412
20139,8328
20049,8458
20070,8458
20072,8373
20111,8294
20021,8420
20030,8306
20104,8432
20127,8294
20129,8451
19986,8332
20150,8461
20071,8453
20110,8277
20094,8318
20043,8274
20133,8412
20013,8332
20036,8243
20151,8450
20063,8364
20086,8391
20144,8404
20116,8282
20026,8408
20028,8388
20102,8285
20104,8460
20125,8468
20143,8437
20076,8376
20007,8400
20099,8307
20009,8433
20046,8462
20018,8257
20108,8387
20115,8339
20098,8280
20082,8309
20135,8445
20107,8458
20091,8321
20024,8262
20010,8313
20118,8334
20100,8443
20051,8409
20074,8410
20148,8431
20016,8415
20131,8446
20064,8395
20140,8304
20057,8284
20022,8308
20096,8438
20045,8493
20066,8338
19976,8342
20015,8287
20049,8251
20123,8438
20146,8365
20095,8338
20014,8332
20106,8341
20016,8475
20037,8469
20129,8284
20055,8410
20078,8361
19988,8337
20136,8442
20087,8485
19997,8285
20020,8418
19990,8292
20089,8367
20128,8323
20038,8464
20061,8273
20121,8292
20047,8418
20070,8321
20072,8480
19980,8345
20003,8264
20026,8491
20065,8455
20012,8458
20104,8315
20088,8288
20030,8441
20053,8376
20127,8427
20150,8344
20099,8480
20161,8431
20002,8323
20110,8352
20043,8399
20119,8338
20013,8449
20008,8437
20063,8465
20068,8471
20086,8274
19978,8315
20093,8356
20132,8350
20028,8287
20102,8392
20051,8486
20125,8297
20035,8439
20058,8380
20007,8261
20120,8471
20108,8310
20092,8275
20018,8436
20041,8365
20025,8350
20142,8365
20006,8342
20098,8367
20068,8363
20107,8327
19989,8375
20100,8302
20010,8428
20118,8453
20033,8325
20123,8455
20074,8257
20081,8369
20083,8373
20067,8290
20157,8444
20016,8266
20090,8385
20000,8377
20113,8318
20039,8440
20062,8363
20117,8388
20140,8427
20147,8363
20022,8387
20080,8262
20096,8257
20045,8354
20066,8233
20031,8339
20105,8469
20130,8352
20079,8327
20056,8350
20021,8250
20111,8376
20065,8400
20037,8346
20078,8244
20138,8329
20122,8376
20087,8382
20032,8502
20071,8303
20145,8425
20020,8309
20094,8404
20004,8356
20103,8368
20105,8401
20054,8348
20112,8461
20151,8356
20070,8252
20019,8356
20134,8375
20012,8317
20088,8427
20035,8484
20060,8337
20099,8365
20046,8356
20069,8397
20018,8487
20092,8482
20029,8357
20052,8442
20126,8367
20075,8363
20059,8280
20008,8288
20082,8411
20137,8476
20109,8414
20042,8323
20118,8276
20023,8361
20085,8336
20092,8422
20101,8326
20050,8344
20140,8474
20034,8363
19999,8273
20057,8442
20084,8271
20017,8370
20040,8429
20114,8354
19998,8362
20005,8284
20097,8427
20083,8254
20067,8431
20106,8267
20090,8276
20078,8455
19988,8299
20032,8389
20073,8325
20080,8433
19992,8349
20038,8382
20061,8439
20079,8456
20139,8367
20072,8282
20021,8335
20044,8416
20065,8301
20030,8279
20104,8405
20053,8478
19986,8361
20087,8243
20071,8416
20110,8318
20094,8259
20013,8359
20036,8408
20077,8330
20063,8267
20137,8397
20086,8440
19996,8336
20026,8389
20116,8263
20028,8481
20102,8310
20104,8465
20125,8463
20143,8400
20076,8277
20009,8340
20069,8306
20018,8282
20108,8408
20126,8474
20059,8405
20098,8309
20082,8270
20135,8408
20084,8478
20091,8420
20024,8363
20100,8448
20118,8419
20051,8252
20141,8386
20074,8423
19984,8323
19993,8315
20131,8389
20101,8459
20057,8263
20022,8297
20096,8427
20045,8456
20066,8335
20084,8402
20015,8378
20091,8480
20049,8414
20123,8429
20056,8248
20146,8326
20095,8441
20005,8385
20106,8446
20037,8496
20055,8241
20129,8375
20078,8338
20032,8272
19997,8312
20020,8463
19990,8281
20089,8338
20061,8268
20121,8335
20070,8346
20072,8389
20003,8367
20021,8468
20026,8468
20030,8386
20088,8261
20104,8256
20053,8355
20127,8438
20076,8452
20060,8251
20069,8483
20145,8467
20110,8389
20133,8364
20119,8329
20013,8476
20036,8259
20128,8484
19985,8301
20086,8311
20144,8356
20093,8351
20028,8372
20102,8429
20051,8461
20125,8324
20058,8409
20076,8392
20007,8352
20085,8246
19977,8341
20108,8275
20092,8264
20018,8401
20041,8368
20025,8321
20142,8342
20098,8392
20068,8368
20107,8346
20091,8305
20024,8246
19989,8338
20100,8331
20033,8376
20074,8298
19982,8307
20148,8351
20058,8477
20081,8340
20083,8408
20067,8265
20016,8367
20090,8362
20106,8481
20000,8350
20113,8337
20062,8396
20064,8379
20117,8367
19981,8346
20096,8294
20080,8283
20022,8420
20045,8381
20130,8349
20040,8451
20061,8477
20079,8290
20153,8420
20049,8267
20056,8323
20111,8359
20095,8290
20065,8395
20083,8468
19991,8359
20014,8444
20037,8357
20136,8330
20138,8338
20122,8357
20032,8491
20087,8405
20071,8266
20145,8396
20020,8338
20094,8377
20004,8321
20043,8467
20027,8416
20105,8372
20031,8498
20089,8479
20054,8305
20128,8435
20112,8482
20077,8240
20047,8338
20086,8454
20111,8475
20116,8473
20134,8328
20155,8437
20012,8346
20088,8400
20053,8232
20060,8334
20099,8368
20046,8265
20120,8395
19995,8291
20069,8360
20018,8448
20092,8479
20029,8320
20103,8467
20052,8423
20126,8368
20075,8398
20059,8319
20149,8433
20008,8325
20082,8372
20098,8475
20109,8377
20042,8300
20132,8430
20118,8265
20035,8327
20058,8236
20085,8379
20159,8430
20092,8387
20041,8253
20101,8353
20050,8373
20034,8260
20124,8390
19999,8316
20057,8349
20075,8458
19983,8333
20084,8308
20017,8341
20040,8434
20114,8383
20033,8245
20097,8334
20023,8456
20081,8449
20067,8434
20106,8276
20090,8241
20039,8328
20062,8251
20032,8442
20073,8360
20147,8411
20080,8406
20045,8242
19992,8322
20031,8419
20089,8296
20038,8275
20112,8401
20061,8338
20079,8439
20072,8319
20162,8417
20056,8462
20021,8362
20044,8445
20065,8256
20048,8343
20087,8238
20145,8313
20071,8447
20110,8291
20133,8450
20027,8317
20013,8258
20103,8384
20036,8421
20054,8460
20059,8460
20077,8357
20063,8278
20137,8400
20086,8349
19996,8333
20019,8404
20093,8293
20116,8364
20134,8455
20028,8478
20076,8306
20009,8383
20099,8253
20120,8278
20046,8404
20069,8285
20029,8469
20034,8471
20052,8298
20075,8251
20059,8392
20098,8302
20082,8235
20068,8298
20158,8428
20160,8411
20091,8411
20024,8336
20118,8388
20141,8413
20074,8320
19984,8344
20023,8409
20081,8306
20101,8470
20050,8232
20124,8281
20034,8411
20057,8298
20066,8424
20084,8447
20015,8353
20091,8455
20040,8317
20049,8433
20056,8285
20146,8419
20095,8388
20106,8411
20055,8236
20129,8362
20078,8439
20032,8309
20073,8469
20094,8471
19990,8370
20089,8437
20038,8398
20112,8268
20061,8295
20047,8244
20121,8370
20070,8447
20072,8426
20003,8370
20044,8304
20104,8357
20014,8470
20053,8334
20076,8481
20060,8272
20048,8450
20069,8462
20110,8430
20043,8249
20133,8375
20036,8296
20128,8473
20063,8411
20086,8296
19978,8353
20144,8377
20093,8442
20026,8373
20028,8337
20125,8383
20058,8386
20076,8421
20007,8383
20120,8481
20085,8273
20108,8360
20041,8347
20131,8473
20025,8292
20115,8422
20011,8265
20142,8315
20098,8421
20135,8360
20068,8349
20091,8276
20100,8336
20033,8403
20051,8364
20074,8311
19982,8340
20148,8324
20058,8454
20023,8274
20081,8431
20083,8447
20067,8236
20016,8324
20090,8343
20106,8458
20000,8307
20039,8242
20113,8372
20062,8401
20064,8336
20117,8330
20073,8262
20147,8309
20096,8347
20080,8240
20045,8344
20066,8319
20130,8310
20079,8265
20049,8302
20123,8349
20033,8479
20056,8360
20095,8265
20044,8487
20065,8366
19991,8322
20014,8417
20037,8384
20055,8353
20136,8367
20048,8241
20138,8383
20122,8270
20087,8432
20145,8359
20020,8383
20094,8322
20004,8302
20027,8391
20105,8351
20031,8473
20089,8450
20036,8479
20054,8298
20128,8424
20077,8267
19987,8351
20047,8377
20070,8298
20111,8454
20116,8454
20134,8301
20155,8424
20012,8375
20088,8373
20127,8326
20060,8363
20046,8306
20120,8432
19995,8326
20069,8371
19979,8343
20018,8477
20168,8412
20043,8370
20011,8454
20029,8315
20119,8441
20052,8396
20126,8277
20075,8421
20149,8348
20008,8362
20082,8337
20109,8340
20042,8265
20132,8395
20141,8451
20035,8362
20058,8265
20067,8477
20085,8358
20159,8437
20018,8353
20092,8376
20115,8307
20025,8433
20101,8268
20050,8398
20034,8289
20124,8419
20142,8454
19999,8347
20057,8320
20075,8481
19983,8360
20147,8450
20006,8443
20017,8296
20107,8426
20040,8407
20114,8280
20010,8345
20097,8353
20023,8487
20083,8264
20067,8409
20016,8255
20039,8359
20062,8284
20117,8479
20032,8351
20140,8336
20050,8466
20122,8465
20073,8371
20147,8446
20022,8340
20080,8363
19992,8359
20031,8398
20089,8275
20038,8308
20112,8438
20061,8333
20079,8402
20021,8277
20111,8407
20044,8410
20065,8251
20014,8300
20037,8245
20136,8474
20048,8364
20122,8405
20087,8261
20071,8410
20027,8272
20013,8285
20103,8415
20036,8322
20128,8291
20054,8417
20059,8483
20077,8384
20151,8435
20063,8317
20137,8443
20047,8450
20086,8374
19996,8362
20019,8443
20093,8256
20116,8329
20134,8472
20127,8459
20009,8258
20099,8384
20120,8315
20046,8441
20069,8248
20108,8466
20002,8291
20011,8435
20119,8306
20029,8432
20034,8496
20052,8279
20126,8384
20075,8286
20059,8431
20084,8480
20068,8311
20158,8433
20160,8432
20109,8457
20024,8437
20132,8318
20042,8444
20114,8459
20141,8440
20074,8365
20023,8436
20081,8277
20064,8314
20154,8436
20050,8261
20124,8310
20034,8436
20006,8310
20066,8389
20084,8420
20015,8332
20107,8295
20017,8421
20040,8258
20114,8399
20049,8340
20139,8470
20056,8258
20146,8444
20164,8419
20095,8483
20129,8333
20039,8472
20078,8408
20032,8298
20080,8486
20027,8481
19990,8343
20066,8457
20031,8307
20089,8408
20112,8289
20038,8419
20047,8275
20121,8405
20139,8402
20070,8400
20072,8335
20146,8448
20003,8345
20111,8280
20021,8410
20044,8269
20104,8330
20053,8425
20060,8269
20048,8487
20133,8338
20103,8272
20013,8402
20052,8486
20036,8309
20063,8422
20121,8465
19978,8330
20144,8350
20019,8260
20093,8405
20026,8350
20028,8334
20035,8260
20143,8367
20125,8410
20058,8431
20076,8322
20007,8346
20009,8399
20099,8269
20085,8316
20108,8325
20041,8446
20025,8271
20115,8397
20011,8300
20119,8455
20124,8453
20135,8327
19994,8287
20068,8442
20091,8267
20001,8359
20010,8255
20100,8381
20118,8372
20033,8438
20051,8339
20148,8353
20058,8483
20023,8265
20081,8386
20083,8418
20067,8243
20016,8345
20106,8471
20000,8296
20039,8265
20131,8376
20113,8399
20062,8442
20064,8437
20117,8309
20073,8297
20163,8427
20096,8368
20045,8435
20066,8280
20079,8244
20123,8368
20033,8498
20056,8397
20146,8307
20095,8276
20005,8380
20065,8321
20155,8451
19991,8313
20014,8394
20106,8363
20037,8427
20055,8348
20113,8459
20078,8295
20136,8372
20048,8278
20138,8408
20122,8299
20087,8431
20071,8252
20020,8356
20004,8267
20027,8378
20105,8290
20036,8484
20054,8271
20128,8397
20077,8294
19987,8322
20047,8356
20070,8271
19980,8355
20019,8469
20093,8486
20012,8396
20030,8375
20088,8346
20053,8318
20127,8365
20060,8384
20120,8341
20138,8476
20069,8350
20002,8393
20110,8350
20025,8472
20043,8329
20011,8477
20029,8278
20119,8404
20052,8361
20126,8318
20075,8440
20149,8327
20008,8399
20144,8457
20109,8303
20042,8274
20132,8400
20102,8342
20035,8369
20058,8306
20085,8385
20018,8378
20092,8341
20041,8299
20115,8278
20025,8404
20101,8279
20050,8427
20124,8344
20142,8427
19999,8358
20057,8363
20098,8341
20008,8459
20084,8254
20017,8259
20107,8385
20040,8380
20130,8482
20114,8309
20010,8354
20033,8259
20097,8260
20083,8303
19993,8347
20067,8380
20039,8386
20062,8289
20064,8448
20117,8442
20032,8372
20140,8365
20073,8406
20147,8421
20022,8329
20080,8320
20045,8296
20031,8405
20112,8331
20130,8422
20061,8360
20079,8377
20072,8233
20021,8304
20111,8434
20044,8375
20014,8273
20037,8272
20055,8465
20060,8471
20048,8385
20122,8446
20087,8288
19997,8344
20071,8369
20027,8247
20013,8312
20103,8442
20105,8431
20036,8367
20128,8280
20054,8410
20077,8411
20151,8430
20137,8350
20047,8489
20086,8363
20144,8312
20019,8350
20042,8453
20026,8308
20116,8438
20134,8445
20012,8263
20030,8482
20088,8485
20127,8470
20009,8293
20099,8423
20120,8288
20046,8418
20085,8466
20002,8284
20115,8487
20011,8342
20119,8297
20029,8427
20034,8493
20052,8252
20126,8421
20075,8309
19985,8333
20059,8322
20082,8417
20068,8284
20109,8420
20024,8410
20042,8409
20114,8484
20102,8461
20051,8301
20141,8339
20074,8374
20148,8315
20023,8339
20097,8469
20064,8287
20101,8412
20050,8286
20034,8337
20057,8240
20006,8267
20084,8321
20015,8427
20107,8314
20017,8440
20024,8470
20114,8424
19989,8306
20049,8367
20123,8282
20056,8295
20074,8458
20146,8409
20095,8462
20097,8401
20055,8294
20129,8416
20136,8302
19981,8314
20022,8452
20027,8452
19990,8328
20031,8286
20089,8387
20038,8324
20077,8460
20061,8253
20047,8318
20121,8440
20139,8425
20072,8340
20021,8389
20111,8263
20044,8234
20030,8301
20104,8431
20053,8404
20060,8298
20150,8428
20152,8443
20043,8307
20133,8445
20103,8303
20013,8429
20052,8451
20063,8333
19978,8343
20144,8435
20019,8299
20132,8458
20116,8313
20026,8443
20028,8427
20035,8299
20143,8330
20125,8437
20076,8351
20099,8272
20009,8402
20085,8295
20018,8288
20108,8418
20041,8385
20025,8242
20115,8368
20124,8482
20098,8251
20135,8418
19994,8312
20068,8391
20091,8366
20001,8346
20024,8293
20010,8280
20118,8361
20100,8410
20033,8425
20051,8438
20074,8253
19982,8354
20023,8292
20016,8446
20000,8269
20039,8292
20131,8351
20041,8477
20113,8418
20062,8479
20064,8426
20117,8272
20022,8279
20096,8405
20045,8398
20066,8373
20015,8316
20123,8407
19998,8303
20056,8434
20095,8371
20005,8327
20044,8473
20014,8367
20106,8372
20090,8465
20037,8438
20129,8317
20055,8443
20078,8264
19988,8368
20136,8409
20048,8299
20138,8421
20087,8458
20145,8349
20020,8385
20004,8272
20096,8465
20027,8337
20105,8261
20128,8354
19987,8297
20047,8387
20070,8352
20072,8479
20093,8449
20003,8297
20065,8480
20012,8425
20030,8344
20088,8319
20053,8281
20127,8392
19986,8290
20060,8445
20152,8454
20099,8449
20046,8248
20120,8378
20002,8354
20110,8323
20025,8451
20043,8428
20029,8241
20119,8371
20052,8342
20059,8236
20149,8354
20109,8266
20042,8255
20132,8381
20028,8318
20102,8363
20035,8404
20058,8351
20007,8298
20085,8428
20018,8343
20092,8306
20041,8270
20025,8383
20101,8306
20034,8247
20124,8373
20142,8396
19983,8306
20006,8369
20098,8334
20082,8459
20135,8471
20107,8356
20091,8251
20040,8321
20130,8479
20010,8399
20100,8269
20118,8484
20033,8294
20097,8319
20083,8338
20067,8323
20016,8297
20090,8416
20113,8287
20039,8409
20062,8330
20117,8421
20032,8361
20140,8394
20122,8487
20073,8441
19981,8352
20147,8328
20057,8458
20022,8354
20080,8293
20045,8259
19992,8305
20031,8368
20112,8352
20130,8387
20079,8356
20111,8345
20044,8332
20065,8433
20037,8315
20055,8460
20060,8460
20048,8422
20122,8347
20087,8351
20032,8469
19997,8371
20071,8332
20020,8276
20094,8439
20103,8337
20105,8434
20036,8372
20054,8383
20077,8438
20151,8325
20137,8353
19996,8316
20019,8325
20026,8273
20116,8403
20134,8406
20012,8284
20030,8455
20088,8458
20035,8453
20099,8330
20046,8327
20069,8430
20110,8462
20115,8458
20011,8365
20029,8390
20126,8334
20075,8328
19985,8352
20059,8377
20008,8287
20082,8442
19994,8350
20017,8471
20001,8288
20109,8447
20042,8354
20118,8311
20102,8486
20051,8272
20141,8366
19984,8311
20023,8334
20097,8456
20131,8313
20101,8423
20050,8315
20034,8330
20057,8411
20084,8366
20015,8406
20107,8273
20017,8403
20114,8325
19989,8285
20123,8305
19998,8325
20074,8471
20095,8469
20005,8317
20097,8436
20106,8298
20090,8311
20055,8285
20129,8411
20078,8486
20136,8307
20080,8464
20015,8458
20038,8345
20077,8487
20061,8408
20047,8293
20139,8332
20049,8462
20121,8419
20070,8462
20072,8377
20003,8387
20111,8290
20021,8416
20030,8310
20104,8436
20127,8290
20129,8455
19986,8328
20150,8449
20152,8416
20071,8449
20110,8281
20094,8290
20043,8278
20133,8408
20013,8328
20036,8255
20063,8360
20086,8411
20144,8392
20132,8471
20116,8294
20026,8420
20028,8384
20102,8273
20125,8464
20143,8433
20076,8372
20007,8396
20099,8311
20009,8437
20046,8466
20018,8317
20108,8447
20115,8343
20098,8276
20082,8305
20135,8441
19994,8293
20068,8236
20107,8462
20091,8325
20024,8266
20010,8293
20118,8322
20100,8423
20051,8413
20074,8390
20148,8427
20081,8248
19993,8276
20016,8403
20131,8418
20062,8480
20064,8399
20022,8264
20096,8394
20045,8489
20066,8366
20015,8283
20049,8255
20123,8394
19998,8304
20146,8361
20095,8350
20014,8336
20106,8337
20016,8479
20037,8465
20055,8406
20078,8365
19988,8349
20136,8446
20087,8481
19997,8281
20020,8430
19990,8312
20089,8371
20128,8327
20038,8468
20121,8296
20047,8430
20070,8325
20072,8484
19980,8341
20003,8268
20065,8475
20012,8454
20104,8319
20088,8292
20030,8445
20053,8260
20127,8407
19986,8319
20150,8348
20099,8484
20002,8351
20110,8356
20043,8387
20119,8366
20008,8441
20063,8477
20068,8467
20086,8278
20093,8352
20132,8346
20028,8283
20102,8396
20125,8293
20035,8443
20058,8376
20120,8475
20108,8306
20092,8303
20018,8432
20041,8273
20025,8354
20142,8369
20006,8330
20098,8363
20017,8249
20107,8379
19989,8371
20100,8298
20010,8424
20118,8473
20033,8345
20123,8475
20074,8269
20081,8373
20083,8377
19993,8353
20067,8294
20157,8440
20016,8270
20090,8397
20000,8381
20113,8306
20039,8436
20062,8367
20117,8384
20140,8423
20147,8367
20022,8391
20080,8314
20096,8261
20045,8286
20031,8351
20105,8473
20130,8380
20040,8482
20079,8323
20111,8324
20065,8404
20037,8326
20078,8248
20048,8443
20122,8324
20087,8378
20032,8458
19997,8366
20071,8299
20145,8429
20020,8305
20094,8408
20004,8352
20103,8364
20105,8405
20054,8336
20112,8449
20151,8352
20070,8240
20019,8360
20134,8363
20012,8313
20088,8431
20035,8488
20099,8337
20046,8360
20069,8393
20018,8483
20029,8353
20126,8339
20075,8367
20059,8284
20008,8292
20082,8407
20137,8448
20001,8283
20109,8410
20042,8335
20118,8296
20023,8357
20097,8483
20085,8348
20092,8418
20101,8322
20050,8340
20140,8470
20034,8359
19999,8285
20057,8446
20084,8267
20017,8374
20114,8350
19998,8366
20005,8280
20097,8431
20081,8482
20106,8311
20090,8272
20078,8459
19988,8311
20032,8409
20073,8329
20080,8437
20038,8370
20061,8435
20079,8468
20139,8355
20049,8481
20072,8286
19980,8319
20021,8331
20065,8289
20030,8283
20104,8409
20053,8474
19986,8357
20071,8476
20110,8258
20094,8263
20013,8355
20036,8388
20077,8326
20063,8375
20086,8444
20019,8245
20026,8385
20102,8298
20104,8469
20125,8459
20143,8412
20076,8273
20009,8344
20069,8318
20018,8278
20108,8404
20029,8502
20126,8478
20098,8305
20082,8266
20135,8404
20084,8474
20091,8440
20024,8367
20100,8460
20118,8423
20051,8384
20074,8419
19984,8327
20023,8254
19993,8319
20131,8393
20057,8267
20022,8301
20096,8431
20045,8452
20066,8331
20084,8414
20015,8262
20091,8484
20049,8402
20123,8417
20056,8252
20146,8322
20095,8421
20005,8397
20106,8442
20055,8397
20078,8342
20032,8276
19997,8308
20020,8459
19990,8285
20089,8342
20038,8489
20061,8264
20121,8339
20070,8350
20072,8393
20003,8275
20021,8464
20026,8464
20030,8390
20088,8265
20104,8260
20053,8367
20127,8434
20076,8448
20060,8247
20110,8393
20133,8360
20119,8325
20013,8472
20036,8271
20086,8267
20093,8347
20028,8368
20102,8417
20051,8465
20125,8320
20058,8357
20076,8388
20007,8284
20120,8448
20085,8242
20018,8397
20092,8260
20108,8271
20041,8372
20025,8325
20101,8248
20142,8346
20098,8388
20068,8380
20107,8350
20091,8309
20024,8250
19989,8350
20100,8311
20010,8437
20033,8380
20074,8278
19982,8311
20148,8347
20058,8473
20097,8245
20081,8328
20083,8412
20067,8269
20016,8355
20090,8374
20000,8338
20113,8341
20062,8368
20064,8383
20117,8363
20140,8444
19981,8342
20096,8314
20080,8287
20022,8440
20045,8377
20130,8345
20040,8455
20061,8473
20079,8302
20153,8424
20049,8271
20056,8327
20111,8355
20095,8302
20065,8399
20083,8472
19991,8355
20037,8353
20136,8334
20138,8350
20122,8353
20032,8495
20087,8401
20071,8262
20020,8350
20094,8381
20004,8333
20043,8471
20027,8420
20105,8376
20089,8483
20054,8309
20128,8439
20112,8486
20077,8236
20047,8350
20086,8474
20116,8485
20134,8332
20012,8342
20088,8404
20053,8244
20060,8330
20099,8372
20046,8269
20120,8399
19995,8295
20069,8404
20092,8475
20029,8348
20103,8463
20052,8419
20126,8372
20075,8386
20059,8307
20149,8445
20008,8329
20082,8368
20098,8471
19994,8356
20109,8373
20042,8296
20132,8426
20118,8269
20035,8331
20085,8327
20159,8426
20092,8415
20101,8365
20050,8369
20034,8256
20124,8386
19999,8312
20057,8417
20075,8462
19983,8329
20084,8304
20017,8329
20040,8438
20114,8379
19998,8371
20097,8322
20023,8452
20081,8453
20083,8233
20067,8438
20106,8272
20090,8253
20039,8324
20062,8255
20032,8446
20073,8364
20147,8415
20080,8394
20045,8238
19992,8326
20031,8431
20089,8300
20038,8279
20112,8405
20061,8430
20153,8309
20079,8435
20072,8291
20056,8466
20021,8374
20044,8441
20065,8260
20053,8453
20048,8331
20145,8317
20071,8443
20110,8295
20133,8462
20027,8305
20013,8382
20036,8417
20054,8448
20059,8448
20077,8353
20063,8274
20137,8404
20086,8337
19996,8329
20019,8408
20093,8289
20116,8360
20028,8474
20125,8486
20076,8302
20009,8355
20120,8282
20046,8408
20069,8281
20011,8400
20029,8465
20034,8467
20052,8310
20126,8483
20075,8255
20059,8396
20098,8298
20084,8455
20160,8415
20091,8415
20024,8340
20118,8408
20141,8409
20074,8332
19984,8348
20023,8405
20081,8310
19993,8290
20101,8466
20124,8277
20034,8407
20057,8302
20045,8479
20066,8420
20084,8443
20015,8365
20091,8475
20040,8289
20049,8437
20146,8351
20095,8384
20106,8391
20055,8232
20129,8366
20078,8443
20032,8265
19997,8303
20073,8473
20094,8475
19990,8374
20066,8488
20089,8441
20038,8386
20061,8291
20153,8450
20047,8240
20121,8374
20070,8435
20072,8430
20003,8374
20044,8300
20104,8361
20088,8238
20014,8474
20053,8330
20076,8477
20060,8236
20150,8362
20048,8454
20069,8458
20110,8434
20043,8253
20133,8371
20036,8276
20128,8477
20063,8391
20086,8300
20093,8438
20026,8369
20028,8365
20102,8442
20125,8379
20058,8398
20076,8417
20007,8379
20120,8485
20085,8285
20108,8356
20041,8351
20131,8477
20025,8296
20115,8426
20011,8269
20119,8484
20142,8319
20098,8417
20135,8356
20068,8345
20091,8296
20100,8348
20033,8407
20051,8368
20074,8307
19982,8344
20148,8320
20058,8450
20081,8419
20083,8387
20067,8272
20016,8376
20090,8339
20000,8311
20039,8238
20113,8360
20062,8405
20064,8340
20117,8342
20073,8266
20147,8313
20096,8351
20080,8244
20045,8340
20066,8315
20130,8306
20079,8277
20049,8290
20123,8337
20033,8467
20056,8364
20095,8309
20044,8483
20065,8354
19991,8350
20014,8421
20037,8396
20055,8381
20136,8339
20048,8245
20138,8379
20087,8396
20071,8285
20145,8411
20020,8379
20094,8326
20004,8298
20027,8411
20105,8323
20031,8453
20089,8454
20036,8475
20054,8302
20128,8428
20077,8263
19987,8355
20047,8325
20070,8302
20111,8450
20116,8450
20155,8428
20012,8371
20088,8377
20127,8322
20060,8359
20046,8310
20120,8436
19995,8346
20069,8383
19979,8331
20018,8473
20043,8374
20029,8311
20119,8437
20052,8392
20126,8281
20075,8409
20149,8344
20008,8366
20082,8333
20109,8336
20042,8309
20132,8439
20035,8366
20058,8277
20067,8449
20085,8354
20159,8433
20092,8372
20115,8311
20025,8437
20101,8264
20050,8394
20034,8317
20124,8447
20142,8458
19999,8327
20057,8324
20075,8485
20147,8454
20006,8447
20017,8300
20107,8430
20040,8411
20114,8276
20010,8325
20033,8236
20097,8357
20023,8483
20081,8472
20083,8268
20067,8413
20039,8355
20062,8256
20117,8475
20032,8339
20140,8332
20050,8462
20122,8477
20073,8375
20080,8367
19992,8363
20031,8394
20089,8279
20038,8296
20112,8426
20061,8329
20079,8414
20021,8273
20111,8403
20044,8406
20065,8255
20014,8304
20037,8241
20136,8478
20048,8352
20122,8401
20087,8257
20071,8406
20027,8276
20013,8281
20103,8411
20036,8334
20128,8295
20054,8421
20059,8487
20077,8380
20063,8313
20137,8447
20047,8462
20086,8330
19996,8358
20019,8447
20093,8284
20042,8484
20116,8341
20134,8476
20009,8262
20099,8388
20120,8319
20046,8445
20108,8462
20002,8319
20011,8439
20029,8460
20034,8460
20052,8275
20126,8388
20075,8274
20059,8419
20068,8307
20158,8437
20160,8436
20109,8453
20024,8441
20132,8314
20042,8440
20114,8455
20141,8436
20074,8361
20023,8432
20081,8265
20064,8318
20154,8432
20050,8257
20124,8306
20034,8432
20006,8298
20066,8385
20084,8416
20015,8328
20040,8262
20114,8395
20049,8328
20139,8458
20056,8262
20146,8440
20129,8321
20039,8468
20078,8412
20032,8302
20027,8485
19990,8363
20066,8453
20031,8319
20089,8412
20112,8293
20038,8423
20047,8287
20121,8409
20139,8406
20070,8404
20072,8435
20003,8349
20021,8486
20044,8265
20104,8334
20053,8437
20060,8265
20048,8475
20069,8469
20133,8350
20013,8398
20103,8268
20052,8482
20036,8305
20063,8418
20121,8469
20144,8338
20019,8264
20093,8401
20026,8346
20028,8330
20035,8264
20143,8363
20125,8406
20058,8427
20076,8446
20007,8342
20085,8312
20108,8321
20041,8418
20025,8275
20115,8401
20011,8288
20119,8451
20124,8449
20135,8323
19994,8283
20068,8422
20091,8271
20001,8379
20100,8377
20033,8394
20051,8343
20148,8365
20023,8261
20081,8390
20083,8422
20067,8247
20016,8349
20106,8467
20000,8300
20039,8261
20113,8387
20131,8380
20062,8446
20064,8329
20117,8305
20073,8301
20163,8431
20022,8246
20096,8372
20045,8431
20066,8276
20130,8303
20079,8240
20123,8372
20033,8502
19998,8270
20056,8401
20095,8272
20005,8376
20065,8325
20083,8482
19991,8309
20014,8398
20037,8407
20055,8344
20113,8463
20078,8299
20136,8376
20048,8266
20138,8388
20122,8311
20087,8427
20071,8248
20020,8352
20004,8311
20027,8382
20105,8294
20036,8480
20054,8259
20128,8385
20077,8290
20167,8416
19987,8326
20047,8352
20070,8259
20019,8473
20093,8482
20134,8314
20012,8392
20030,8379
20088,8350
20053,8314
20127,8361
20060,8412
20120,8345
20138,8472
19995,8369
20069,8346
20002,8389
20025,8476
20043,8333
20011,8465
20029,8274
20119,8400
20052,8373
20126,8290
20075,8444
20149,8323
20008,8371
20144,8461
20109,8299
20042,8286
20132,8412
20102,8330
20141,8474
20035,8373
20058,8318
20085,8397
20159,8412
20018,8374
20092,8337
20041,8303
20115,8282
20025,8408
20101,8275
20050,8423
20124,8340
20142,8431
19999,8354
20057,8367
20006,8400
20098,8337
20008,8463
20084,8250
20017,8263
20107,8389
20040,8352
20114,8305
20010,8366
20033,8263
20097,8280
20083,8307
19993,8351
20067,8352
20039,8382
20062,8293
20064,8452
20117,8454
19974,8337
20032,8328
20140,8361
20122,8454
20073,8410
20147,8425
20022,8333
20080,8324
20045,8292
20031,8401
20112,8335
20130,8418
20061,8356
20079,8389
20139,8304
20072,8237
20021,8316
20111,8446
20044,8371
20014,8277
20037,8284
20060,8467
20152,8308
20048,8389
20122,8442
20087,8316
19997,8340
20071,8365
20027,8267
20013,8308
20103,8438
20036,8363
20128,8284
20054,8414
20077,8407
20151,8426
20137,8322
20086,8367
20144,8316
20019,8418
20042,8449
20026,8304
20116,8434
20134,8433
20012,8259
20030,8486
20127,8466
20009,8297
20099,8427
20120,8292
20046,8422
20085,8478
20002,8280
20011,8330
20119,8293
20029,8423
20034,8489
20052,8248
20126,8425
20075,8297
19985,8321
20059,8326
20068,8280
20158,8414
20160,8425
20109,8416
20024,8414
20042,8389
20114,8480
20102,8449
20051,8305
20141,8335
20074,8370
20023,8431
19977,8313
20064,8275
20101,8408
20050,8282
20124,8303
20034,8429
20057,8244
20006,8271
20084,8333
20015,8439
20107,8318
20017,8444
20040,8235
20024,8474
20114,8420
19989,8318
20049,8355
20123,8286
20056,8299
20146,8405
20095,8458
20097,8405
20055,8290
20129,8420
20039,8499
20078,8385
19981,8310
20022,8472
20027,8472
19990,8332
20156,8444
20031,8282
20089,8391
20112,8314
20038,8440
20077,8456
20061,8249
20047,8314
20121,8444
20139,8429
20072,8344
20021,8385
20111,8259
20104,8339
20053,8400
20129,8480
20060,8294
20150,8416
20152,8447
20071,8486
20043,8311
20133,8441
20103,8299
20013,8425
20052,8463
20063,8329
20086,8250
19978,8339
20144,8439
20019,8303
20093,8396
20026,8327
20028,8423
20035,8303
20143,8342
20125,8433
20076,8347
20007,8429
20099,8276
20085,8291
20108,8350
20041,8389
20025,8246
20115,8372
20098,8247
20135,8350
20068,8387
20091,8354
20001,8350
20024,8297
20010,8260
20100,8390
20118,8365
20033,8429
20051,8442
20074,8249
19982,8358
20023,8288
20081,8409
20016,8434
20039,8288
20131,8323
20041,8449
20113,8422
20062,8451
20064,8430
20117,8284
20073,8304
20096,8361
20045,8394
20066,8369
20015,8312
20123,8363
20033,8489
19998,8275
20056,8438
20095,8383
20005,8323
20044,8469
20014,8371
20106,8368
20090,8477
20037,8434
20129,8305
20055,8439
20113,8482
20078,8268
20136,8413
20048,8303
20138,8417
20087,8454
20145,8337
20020,8397
20004,8284
20096,8469
20027,8341
20105,8265
20128,8358
20077,8317
19987,8301
20047,8399
20070,8356
20072,8451
20093,8477
20003,8301
20065,8484
20012,8421
20030,8348
20088,8323
20053,8293
20127,8372
20060,8441
20152,8458
20099,8453
20046,8252
20120,8382
20002,8382
20110,8327
20025,8455
20133,8302
20043,8416
20029,8269
20119,8399
20052,8338
20149,8366
20109,8262
20042,8251
20132,8377
20028,8314
20102,8367
20035,8408
20058,8347
20007,8294
20085,8424
20018,8339
20092,8334
20041,8306
20025,8387
20101,8318
20034,8243
20124,8369
20142,8400
19983,8318
20006,8373
20098,8330
20082,8455
20135,8467
20017,8282
20091,8255
20107,8408
20040,8325
20130,8475
20010,8395
20100,8265
20033,8314
20097,8307
20083,8342
19993,8322
20067,8327
20016,8301
20090,8428
20113,8275
20039,8405
20062,8334
20117,8417
20032,8365
20140,8390
20122,8483
20073,8445
20147,8332
20057,8462
20022,8358
20080,8345
20045,8319
19992,8309
20031,8380
20112,8356
20130,8415
20079,8352
20072,8242
20021,8295
20111,8421
20044,8328
20065,8437
20014,8254
20037,8295
20055,8456
20060,8456
20048,8410
20122,8423
20087,8347
19997,8335
20071,8328
20020,8272
20094,8443
20004,8391
20103,8333
20105,8438
20036,8368
20054,8371
20077,8434
20151,8321
20137,8357
19996,8312
20019,8329
20026,8285
20134,8394
20116,8415
20012,8280
20030,8459
20088,8462
20035,8457
20076,8253
20099,8334
20046,8331
20069,8426
20110,8466
20115,8462
20011,8353
20029,8386
20126,8434
20075,8332
19985,8356
20059,8381
20008,8259
20082,8438
19994,8346
20017,8459
20001,8292
20109,8443
20024,8387
20042,8366
20102,8474
20051,8276
20141,8362
19984,8299
20023,8330
20097,8460
20131,8317
20064,8264
20101,8419
20050,8311
20034,8326
20057,8415
20084,8362
20015,8402
20107,8277
20017,8407
20040,8240
20114,8321
20123,8309
19998,8329
20074,8467
20095,8465
20005,8313
20097,8392
20090,8307
20055,8281
20129,8415
20136,8311
20032,8248
20080,8468
20015,8470
20038,8349
20077,8483
20061,8404
20047,8289
20049,8450
20121,8423
20070,8450
20072,8381
20003,8391
20111,8302
20021,8428
20030,8314
20104,8440
20127,8302
20129,8475
19986,8324
20150,8453
20152,8420
20110,8285
20094,8294
20043,8266
20133,8388
20013,8324
20036,8251
20063,8340
20121,8483
20086,8415
20144,8396
20132,8467
20116,8290
20026,8416
20028,8412
20102,8277
20035,8306
20125,8428
20143,8445
20076,8368
20007,8392
20099,8315
20009,8441
20046,8470
20018,8313
20108,8443
20115,8347
20098,8272
20082,8301
20135,8437
19994,8289
20107,8450
20091,8345
20024,8270
20010,8289
20118,8326
20100,8419
20051,8417
20074,8386
20148,8439
20081,8252
20007,8460
19993,8280
20016,8407
20039,8319
20113,8441
20131,8422
20062,8484
20064,8387
20117,8263
20022,8268
20096,8398
20045,8485
20066,8362
20015,8295
20049,8243
20123,8398
19998,8308
20146,8357
20095,8346
20014,8340
20106,8349
20016,8467
20090,8454
20037,8477
20055,8402
20078,8369
19988,8345
20136,8418
19997,8277
20020,8426
20096,8458
20027,8328
19990,8316
20089,8375
20128,8347
20038,8456
20121,8300
20047,8426
20070,8377
20072,8488
19980,8337
20019,8483
20003,8304
20065,8479
20012,8450
20104,8291
20088,8296
20030,8417
20053,8256
20127,8403
19986,8315
20120,8355
20161,8423
20002,8347
20110,8360
20043,8391
20119,8362
20008,8445
20063,8473
20068,8479
20093,8380
20132,8326
20028,8279
20102,8384
20125,8289
20035,8447
20143,8454
20058,8324
20148,8454
20007,8317
20120,8479
20108,8302
20092,8299
20018,8428
20041,8277
20025,8358
20034,8236
20124,8366
20142,8373
20006,8334
20098,8359
20017,8253
20107,8383
20100,8278
20010,8404
20118,8477
20033,8349
20123,8479
20074,8265
20081,8361
20083,8381
19993,8357
20067,8298
20157,8436
20016,8258
20090,8393
20000,8369
20113,8310
20039,8432
20062,8339
20117,8396
20140,8419
20147,8371
20096,8281
20080,8318
20022,8411
20045,8282
20031,8347
20105,8477
20038,8251
20112,8377
20130,8376
20040,8486
20079,8335
20111,8320
20065,8424
20037,8322
20060,8485
20078,8252
20138,8305
20048,8447
20122,8320
20087,8374
20032,8462
19997,8362
20071,8295
20145,8417
20020,8317
20094,8412
20004,8364
20103,8360
20105,8409
20054,8340
20112,8453
20070,8244
20019,8364
20026,8262
20116,8388
20134,8367
20012,8309
20088,8435
20035,8492
20099,8341
20046,8364
20085,8484
20069,8437
20029,8381
20126,8343
20075,8355
20059,8272
20149,8414
20008,8296
20082,8403
20137,8452
19994,8327
20001,8287
20109,8406
20042,8331
20010,8455
20118,8300
20023,8353
20097,8487
20085,8344
20092,8446
20101,8334
20050,8336
20140,8466
20034,8355
19999,8281
20057,8386
20084,8279
20017,8362
20114,8346
20123,8296
19998,8338
20097,8419
20081,8486
20106,8307
20090,8284
20078,8463
19988,8307
20032,8413
20073,8333
20080,8425
20038,8374
20061,8399
20079,8464
20139,8359
20049,8485
20072,8258
19980,8315
20162,8412
20021,8343
20065,8293
20030,8287
20104,8413
20053,8486
20127,8309
19986,8353
20071,8472
20110,8262
20094,8267
20013,8351
20036,8384
20054,8483
20077,8322
20063,8371
20086,8432
20019,8249
20026,8397
20116,8271
20102,8302
20104,8473
20125,8455
20143,8408
20076,8269
20009,8348
20069,8314
20018,8274
20108,8400
20029,8498
20126,8450
20098,8269
20082,8262
20135,8400
20068,8245
20107,8473
20091,8444
20024,8371
20100,8456
20118,8443
20051,8388
20074,8431
20023,8250
20131,8397
20064,8248
20057,8271
20022,8289
20096,8419
20045,8448
20066,8327
20084,8410
20015,8258
20049,8406
20123,8421
20095,8417
20005,8393
20106,8422
20055,8393
20078,8346
19988,8326
19997,8304
20020,8471
20089,8346
20038,8493
20061,8260
20121,8343
20070,8338
20072,8397
20003,8279
20021,8476
20026,8476
20012,8479
20030,8394
20088,8269
20104,8264
20053,8363
20127,8446
20060,8243
20145,8459
20110,8397
20043,8410
20119,8321
20013,8468
20036,8267
20063,8484
20086,8271
20093,8343
20028,8268
20102,8421
20051,8469
20125,8348
20058,8353
20076,8384
20007,8280
20120,8452
20085,8254
20018,8393
20092,8256
20108,8267
20041,8376
20025,8329
20142,8350
20098,8384
20068,8376
20107,8338
20024,8254
19989,8346
20100,8307
20010,8433
20033,8368
20074,8274
19982,8315
20081,8332
20083,8352
20067,8305
20157,8431
20016,8359
20090,8370
20000,8342
20113,8329
20062,8372
20064,8371
20117,8375
20140,8440
20073,8235
19981,8338
20096,8318
20080,8275
20022,8444
20045,8373
20130,8341
20040,8459
20061,8469
20079,8298
20153,8428
20049,8259
20056,8331
20111,8367
20095,8298
20065,8387
20083,8476
20037,8365
20138,8346
20122,8365
20087,8365
20032,8483
20071,8258
20145,8388
20020,8346
20094,8353
20004,8329
20043,8459
20027,8440
20105,8380
20089,8487
20054,8329
20112,8474
20077,8232
20047,8346
20086,8478
20116,8481
20134,8320
20012,8338
20088,8408
20035,8499
20053,8240
20060,8326
20099,8376
20046,8273
20120,8403
19995,8315
20069,8400
20092,8471
20029,8344
20103,8459
20052,8431
20126,8376
20075,8390
20059,8311
20149,8441
20008,8333
20082,8364
20098,8467
19994,8352
20109,8369
20042,8340
20035,8335
20058,8244
20085,8323
20092,8411
20101,8361
20050,8365
20034,8284
20124,8414
19999,8292
20057,8421
20075,8450
19983,8341
20084,8316
20017,8333
20040,8442
20114,8375
19998,8375
20097,8326
20023,8448
20083,8237
20067,8442
20106,8284
20090,8249
20039,8320
20032,8434
20073,8336
20080,8398
20045,8234
19992,8330
20031,8427
20089,8304
20038,8267
20112,8393
20061,8426
20079,8447
20139,8378
20072,8295
20056,8470
20021,8370
20044,8437
20065,8280
20053,8449
20048,8335
20071,8439
20110,8299
20133,8458
20027,8309
20013,8378
20036,8429
20054,8452
20059,8452
20077,8349
20063,8286
20137,8408
20086,8341
19996,8325
20019,8412
20093,8317
20026,8246
20116,8372
20028,8470
20125,8482
20143,8391
20076,8298
20009,8359
20120,8286
20046,8412
20069,8261
20011,8404
20029,8493
20052,8306
20126,8487
20075,8243
20059,8384
20098,8294
20084,8451
20091,8403
20109,8486
20024,8344
20100,8469
20118,8412
20051,8235
20141,8405
20074,8328
19984,8336
20023,8401
20081,8298
19993,8294
20131,8400
20101,8478
20124,8273
20034,8403
20057,8306
20045,8475
20066,8416
20084,8391
20015,8361
20091,8479
20040,8293
20049,8425
20146,8347
20095,8396
20106,8387
20129,8354
20078,8447
20032,8269
19997,8299
20073,8477
20094,8479
20066,8484
20089,8445
20038,8390
20061,8319
20153,8454
20047,8252
20121,8378
20070,8439
20072,8402
20003,8378
20021,8455
20044,8296
20030,8239
20088,8242
20104,8365
20014,8478
20053,8342
20076,8473
20150,8366
20110,8438
20043,8241
20133,8383
20036,8272
20128,8465
19985,8312
20063,8387
20086,8288
20144,8369
20093,8434
20026,8381
20028,8361
20102,8446
20125,8375
20058,8394
20076,8413
20007,8375
20085,8281
20108,8352
20092,8253
20041,8323
20131,8449
20025,8300
20115,8430
20011,8257
20119,8480
20142,8323
20098,8445
20135,8352
20068,8325
20091,8300
19989,8325
20100,8344
20033,8363
20051,8372
20074,8319
19982,8348
20148,8332
20058,8462
20081,8423
20083,8391
20067,8276
20016,8380
20090,8351
20000,8331
20039,8234
20113,8364
20062,8409
20064,8360
20117,8338
20073,8270
20147,8317
20096,8339
20080,8232
20006,8448
20045,8336
20066,8311
20130,8334
20040,8464
20079,8273
20049,8294
20123,8341
20033,8471
20056,8368
20095,8305
20065,8358
20083,8451
19991,8346
20014,8425
20037,8392
20055,8377
20136,8343
20048,8233
20138,8359
20122,8278
20087,8392
20071,8281
20145,8415
20020,8327
20094,8330
20004,8342
20027,8415
20105,8327
20031,8449
20089,8458
20036,8455
20054,8290
20128,8416
20077,8259
19987,8359
20151,8310
20047,8321
20070,8290
20111,8462
20116,8462
20012,8367
20088,8381
20127,8334
20060,8355
20046,8314
20120,8440
19995,8350
20069,8379
19979,8335
20018,8469
20092,8460
20043,8362
20029,8307
20119,8433
20103,8486
20052,8404
20126,8285
20075,8413
20059,8298
20149,8420
20008,8338
20082,8329
20098,8460
20109,8332
20042,8305
20132,8435
20028,8252
20035,8338
20058,8273
20067,8453
20085,8366
20092,8368
20115,8315
20025,8441
20101,8372
20050,8390
20034,8313
20124,8443
20142,8462
19999,8323
20057,8328
20075,8473
20147,8458
20017,8288
20107,8418
20040,8415
20114,8272
20010,8321
20097,8377
20081,8476
20083,8272
20067,8385
20016,8247
20039,8351
20062,8260
20064,8483
20117,8487
20032,8343
20140,8328
20050,8458
20122,8473
20073,8379
20080,8355
19992,8367
20031,8438
20089,8283
20038,8300
20112,8430
20061,8325
20079,8410
20021,8285
20111,8415
20044,8402
20065,8243
20014,8308
20037,8253
20136,8450
20048,8356
20122,8413
20087,8285
20071,8402
20133,8469
20027,8296
20013,8277
20103,8407
20036,8330
20128,8315
20054,8441
20077,8376
20063,8293
20137,8419
20047,8458
20086,8334
19996,8354
20019,8387
20093,8280
20042,8480
20116,8337
20134,8464
20009,8266
20099,8392
20046,8385
20108,8458
20002,8315
20011,8427
20029,8456
20034,8456
20052,8287
20126,8392
20075,8278
20059,8423
20082,8252
20084,8488
20068,8319
20158,8441
20109,8449
20024,8445
20042,8420
20114,8451
20141,8432
20074,8341
20023,8396
20081,8269
20064,8306
20154,8444
20050,8253
20034,8396
20006,8302
20066,8413
20084,8428
20015,8340
20040,8266
20114,8391
20049,8332
20139,8462
20056,8266
20146,8436
20129,8325
20039,8464
20078,8416
20032,8290
20073,8480
19990,8367
20066,8449
20031,8315
20089,8416
20112,8281
20038,8411
20047,8283
20139,8394
20121,8413
20070,8392
20072,8439
20003,8321
20021,8482
20044,8261
20030,8240
20104,8370
20014,8451
20053,8433
20060,8261
20152,8350
20048,8479
20069,8465
20133,8346
20013,8394
20103,8264
20036,8317
20063,8430
20121,8473
20144,8342
20019,8268
20093,8429
20026,8358
20028,8326
20035,8268
20143,8375
20125,8402
20058,8439
20076,8442
20007,8338
20085,8260
20018,8255
20108,8381
20041,8422
20025,8279
20115,8405
20011,8292
20119,8479
20124,8477
20135,8383
20068,8418
20091,8259
20001,8383
20100,8357
20033,8398
20051,8347
19982,8321
20148,8361
20023,8257
20081,8442
20083,8426
20067,8251
20016,8337
20106,8479
20000,8288
20039,8257
20113,8391
20131,8352
20041,8482
20062,8418
20064,8333
20117,8317
20073,8273
20096,8328
20045,8427
20066,8272
20130,8299
20079,8252
20049,8313
20123,8328
20033,8458
20056,8405
20095,8284
20005,8356
20065,8345
20083,8486
19991,8305
20014,8402
20037,8403
20055,8340
20113,8451
20078,8303
20136,8380
20048,8270
20138,8384
20122,8307
20087,8423
20071,8244
20145,8370
20020,8364
20004,8307
20027,8370
20105,8298
20036,8492
20054,8263
20128,8389
20077,8286
20167,8412
19987,8330
20047,8364
20070,8263
20019,8477
20134,8318
20012,8388
20030,8383
20088,8354
20127,8341
20060,8408
20120,8349
20138,8452
19995,8373
20069,8326
20002,8385
20025,8480
20043,8321
20011,8469
20029,8302
20119,8428
20052,8369
20126,8294
20075,8432
20149,8335
20008,8375
20144,8449
20109,8295
20042,8282
20132,8408
20102,8334
20141,8470
20035,8377
20058,8314
20085,8393
20018,8370
20092,8365
20115,8286
20025,8412
20101,8287
20050,8419
20124,8336
20142,8435
19999,8366
20057,8371
20082,8486
20017,8315
20107,8441
20040,8356
20114,8301
20010,8362
20033,8283
20097,8284
20083,8311
20067,8356
20039,8378
20062,8297
20064,8472
20117,8450
20032,8332
20140,8357
20050,8487
20122,8450
20073,8414
20147,8429
20022,8321
20080,8376
20045,8288
19992,8276
20031,8413
20112,8323
20130,8446
20061,8352
20079,8385
20056,8480
20021,8312
20111,8442
20044,8367
20014,8281
20037,8280
20048,8377
20122,8390
20087,8312
19997,8336
20071,8361
20020,8247
20027,8271
20013,8304
20103,8434
20036,8343
20054,8402
20077,8403
20151,8422
20137,8326
20086,8355
19996,8287
20019,8422
20042,8461
20026,8316
20116,8446
20134,8437
20012,8255
20030,8490
20127,8478
20009,8301
20099,8431
20120,8296
20046,8426
20085,8474
20002,8276
20011,8334
20119,8289
20029,8419
20034,8485
20052,8260
20126,8429
20075,8301
19985,8325
20059,8346
20068,8260
20160,8429
20109,8476
20024,8418
20042,8385
20114,8476
20102,8453
20051,8309
20141,8331
20074,8382
20023,8427
19977,8317
20064,8279
20101,8388
20050,8278
20124,8299
20034,8425
20057,8248
20084,8329
20015,8435
20107,8306
20017,8432
20040,8239
20024,8478
20114,8416
19989,8314
20049,8359
20123,8274
20056,8303
20146,8401
20055,8318
20129,8440
20039,8495
20078,8389
19981,8306
20022,8476
20027,8476
19990,8320
20156,8440
20031,8262
20089,8395
20112,8318
20038,8444
20077,8452
20061,8245
20047,8262
20121,8384
20139,8417
20072,8348
20146,8469
20021,8397
20111,8271
20104,8343
20053,8412
20129,8484
20060,8290
20152,8323
20150,8420
20071,8482
20043,8299
20133,8421
20103,8295
20013,8421
20052,8459
20137,8307
20063,8437
20086,8254
19978,8351
20144,8427
20019,8307
20093,8392
20026,8323
20028,8419
20035,8275
20125,8397
20143,8338
20076,8343
20007,8425
20099,8280
20085,8303
20108,8346
20041,8393
20025,8250
20115,8376
20011,8315
20098,8243
20135,8346
20068,8399
20107,8483
20091,8358
20001,8338
20024,8301
20010,8256
20100,8386
20118,8353
20033,8417
20051,8446
19982,8362
20148,8406
20023,8316
20081,8413
20016,8438
20039,8284
20131,8327
20041,8453
20113,8410
20062,8455
20064,8418
20117,8280
20073,8308
20096,8365
20045,8390
20066,8269
20123,8367
20033,8493
19998,8279
20056,8442
20095,8379
20005,8335
20044,8465
19991,8300
20014,8375
20106,8380
20090,8473
20037,8446
20129,8309
20055,8435
20113,8486
20078,8272
20136,8385
20048,8291
20138,8429
20087,8450
20145,8341
20020,8393
20004,8280
20027,8361
20105,8269
20054,8248
20128,8378
20077,8313
19987,8305
20047,8395
20121,8269
20070,8280
20072,8455
20019,8448
20093,8473
20012,8417
20030,8320
20088,8327
20053,8289
20127,8368
20150,8307
20060,8437
20152,8462
20099,8457
20120,8322
19995,8360
19979,8313
20002,8378
20110,8331
20025,8459
20133,8298
20043,8420
20029,8265
20119,8395
20052,8350
20149,8362
20109,8258
20132,8357
20028,8310
20102,8355
20035,8412
20058,8295
20007,8290
20085,8436
20018,8335
20092,8330
20041,8310
20025,8391
20101,8314
20050,8444
20124,8333
20142,8404
19999,8373
20165,8413
19983,8314
20006,8361
20098,8326
20082,8451
20135,8463
20017,8286
20091,8243
20107,8412
20040,8329
20130,8471
20010,8375
20100,8245
20033,8318
20097,8311
20083,8346
19993,8326
20067,8331
20016,8289
20090,8424
20113,8279
20039,8401
20062,8306
20117,8429
20032,8353
20140,8386
20073,8417
20147,8336
20057,8466
20022,8378
20080,8349
20096,8248
20045,8315
19992,8313
20031,8376
20112,8344
20130,8411
20079,8364
20072,8246
20021,8291
20111,8417
20044,8324
20014,8258
20037,8291
20055,8452
20060,8452
20048,8414
20122,8419
20087,8343
19997,8331
20071,8324
20020,8284
20094,8447
20004,8387
20103,8329
20105,8442
20036,8380
20054,8375
20077,8430
20151,8349
20063,8239
20137,8361
19996,8308
20019,8333
20042,8470
20026,8281
20116,8411
20134,8398
20012,8276
20030,8463
20088,8466
20035,8461
20127,8485
20076,8249
20009,8304
20099,8434
20046,8335
20085,8453
20110,8470
20115,8466
20011,8357
20119,8284
20029,8414
20126,8438
20075,8320
19985,8344
20059,8369
20008,8263
20082,8434
20135,8316
20017,8463
20001,8312
20109,8439
20024,8391
20042,8362
20102,8478
20051,8280
20141,8358
19984,8303
20023,8326
20097,8448
20064,8268
20101,8431
20050,8307
20034,8322
20084,8374
20015,8414
20017,8395
20107,8265
20040,8244
20024,8451
20114,8445
19989,8293
20049,8378
19998,8333
20074,8479
20095,8477
20005,8293
20097,8396
20090,8319
20055,8277
20129,8403
20136,8315
20154,8454
20032,8252
20080,8456
20031,8237
20089,8238
20015,8466
20038,8337
20077,8479
20061,8400
20047,8301
20139,8324
20049,8454
20121,8427
20070,8454
20072,8353
20003,8395
20111,8298
20021,8424
20044,8255
20030,8318
20104,8444
20053,8391
20127,8298
20129,8479
19986,8320
20152,8424
20094,8298
20043,8270
20133,8384
20013,8320
20063,8336
20121,8487
20086,8403
20132,8479
20116,8302
20026,8428
20028,8408
20102,8265
20035,8310
20125,8424
20143,8441
20076,8364
20007,8388
20099,8319
20009,8445
20046,8474
20018,8309
20108,8439
20115,8351
20082,8297
20135,8433
19994,8301
20068,8404
20107,8454
20091,8349
20024,8274
20010,8301
20118,8346
20100,8431
20051,8421
20074,8398
20148,8435
20081,8240
20007,8456
19993,8284
20016,8395
20039,8315
20113,8445
20131,8426
20062,8488
20064,8391
20022,8256
20096,8386
20045,8481
20066,8358
19976,8322
20015,8291
20049,8247
20123,8386
19998,8312
20146,8353
20095,8326
20014,8344
20106,8345
20016,8471
20090,8450
20037,8473
20129,8296
20055,8430
20078,8373
19988,8357
20136,8422
20048,8312
20138,8438
19997,8273
20020,8438
20096,8462
20027,8332
19990,8304
20105,8272
20089,8379
20128,8351
20038,8460
20121,8304
20047,8438
20070,8381
19980,8333
20019,8487
20003,8308
20065,8467
20012,8446
20104,8295
20088,8300
20030,8421
20053,8268
20127,8415
19986,8311
20120,8359
20002,8343
20110,8364
20133,8309
20043,8443
20119,8358
20063,8453
20068,8475
20109,8285
20093,8376
20132,8322
20028,8275
20102,8388
20125,8317
20035,8419
20143,8450
20058,8320
20148,8450
20007,8313
20108,8298
20092,8295
20018,8424
20041,8281
20025,8362
20124,8362
20142,8377
20006,8322
20098,8355
20082,8476
20107,8371
20100,8274
20010,8400
20118,8465
20033,8337
20123,8467
20097,8298
20081,8365
20083,8321
19993,8361
20067,8302
20157,8432
20016,8262
20090,8405
20000,8373
20113,8298
20039,8428
20062,8343
20117,8392
20140,8415
20096,8285
20080,8306
20022,8415
20045,8278
20066,8253
20031,8327
20105,8449
20038,8255
20112,8381
20130,8372
20040,8490
20079,8331
20111,8332
20065,8428
20037,8334
20060,8481
20048,8435
20122,8332
20087,8370
20032,8450
19997,8358
20071,8291
20145,8421
20020,8313
20094,8384
20004,8360
20043,8488
20103,8356
20105,8413
20054,8360
20019,8368
20026,8258
20116,8384
20134,8355
20012,8305
20030,8464
20088,8439
20035,8464
20099,8345
20046,8368
20085,8480
19995,8280
20069,8433
20011,8376
20029,8377
20126,8347
20075,8359
20059,8276
20008,8300
20082,8399
20137,8456
19994,8323
20001,8275
20109,8402
20042,8375
20010,8451
20118,8288
20023,8381
20092,8442
20101,8330
20050,8332
20140,8462
20034,8383
20057,8390
20084,8275
19976,8316
20015,8389
20017,8366
20114,8342
20123,8300
19998,8342
20097,8423
20106,8319
20090,8280
20078,8467
19988,8319
20032,8401
20022,8490
20080,8429
20038,8362
20061,8395
20079,8476
20139,8347
20049,8473
20070,8475
20072,8262
19980,8311
20021,8339
20065,8313
20030,8259
20104,8385
20053,8482
20127,8305
19986,8349
20071,8468
20110,8266
20094,8271
20013,8347
20036,8396
20054,8487
20151,8461
20063,8383
20086,8436
20019,8253
20026,8393
20116,8267
20102,8290
20104,8477
20125,8451
20143,8420
20076,8265
20009,8320
20069,8294
20018,8270
20108,8396
20115,8322
20126,8454
20098,8265
20082,8258
20135,8396
20068,8241
20107,8477
20091,8432
20024,8375
20010,8310
20100,8436
20118,8447
20051,8392
20074,8427
20023,8246
20131,8433
20064,8252
20057,8275
20022,8293
20096,8423
20066,8323
20156,8449
20015,8270
20049,8394
20123,8441
20095,8429
20106,8418
20037,8484
20055,8389
20078,8350
19988,8322
20020,8467
20096,8483
20089,8350
20038,8481
20061,8256
20121,8347
20070,8342
20003,8283
20021,8472
20026,8472
20012,8475
20030,8398
20088,8273
20104,8268
20053,8375
20127,8442
20150,8329
20145,8463
20110,8401
20043,8414
20119,8349
20013,8464
20063,8480
20086,8259
20093,8339
20028,8264
20102,8409
20051,8473
20125,8344
20058,8365
20007,8276
20120,8456
20085,8250
19977,8321
20018,8389
20092,8284
20108,8263
20041,8380
20025,8333
20142,8354
20098,8412
20068,8356
20107,8342
19989,8358
20100,8319
20010,8445
20118,8458
20033,8372
20074,8286
19982,8319
20081,8320
20083,8356
20067,8309
20157,8427
20016,8283
20090,8382
20000,8362
20113,8333
20062,8376
20064,8375
20117,8371
20140,8436
20073,8239
19981,8334
20096,8306
20080,8279
20022,8432
20045,8369
20130,8337
20040,8463
20061,8465
20079,8310
20153,8432
20049,8263
20056,8335
20111,8363
20065,8391
20037,8361
20138,8326
20122,8361
20087,8361
20032,8487
20071,8318
20145,8440
20020,8294
20094,8357
20004,8373
20043,8463
20027,8444
20105,8352
20031,8486
20054,8333
20112,8478
20086,8466
20134,8324
20012,8334
20088,8412
20035,8503
20053,8252
20060,8322
20099,8380
20046,8277
20120,8407
19995,8319
20069,8412
20092,8467
20029,8340
20103,8455
20052,8427
20126,8380
20075,8378
20059,8267
20008,8305
20082,8360
20137,8467
19994,8364
20109,8365
20042,8336
20058,8240
20067,8482
20085,8335
20092,8407
20101,8341
20050,8361
20034,8280
20124,8410
19999,8288
20057,8425
20075,8454
19983,8337
20084,8312
20017,8321
20040,8446
20114,8371
20097,8346
20023,8476
20083,8241
20067,8446
20106,8280
20090,8261
19988,8292
20032,8438
20073,8340
20080,8386
19992,8334
20089,8308
20038,8271
20112,8397
20061,8422
20079,8443
20139,8382
20072,8299
20056,8474
20021,8382
20044,8433
20065,8284
20053,8461
20048,8323
20145,8309
20071,8435
20110,8303
20094,8272
20013,8374
20036,8425
20054,8472
20059,8472
20077,8345
20063,8282
20137,8412
20086,8425
19996,8321
20093,8313
20026,8242
20116,8368
20028,8466
20143,8387
20076,8294
20166,8416
20009,8363
20046,8480
20069,8257
20011,8392
20029,8489
20052,8318
20075,8247
20059,8388
20098,8290
20082,8287
20084,8463
20091,8407
20001,8387
20109,8482
20024,8348
20100,8465
20118,8400
20051,8239
20141,8401
20074,8436
19984,8340
20081,8302
19993,8298
20131,8404
20101,8474
20057,8310
20045,8471
20066,8444
20084,8387
20015,8373
20091,8467
20040,8297
20049,8429
20056,8233
20146,8343
20095,8392
20005,8400
20106,8399
20129,8358
20078,8323
20032,8257
19997,8295
20073,8449
20094,8451
20066,8480
20089,8321
20061,8315
20153,8458
20047,8248
20121,8382
20070,8427
20072,8406
20003,8382
20021,8451
20026,8453
20044,8292
20104,8273
20088,8246
20030,8403
20014,8482
20053,8338
20076,8469
20150,8354
20110,8442
20043,8245
20133,8379
20036,8284
20128,8469
19985,8316
20063,8399
20086,8292
20144,8373
20093,8334
20026,8377
20028,8357
20102,8434
20035,8237
20125,8371
20058,8406
20076,8409
20007,8371
20108,8284
20092,8249
20018,8414
20041,8327
20131,8453
20025,8304
20115,8434
20011,8261
20142,8327
20098,8441
20068,8321
20091,8288
19989,8321
20100,8324
20033,8367
20051,8376
20074,8315
20148,8328
20058,8458
20081,8347
20083,8395
20067,8280
20016,8368
20090,8347
20000,8335
20113,8352
20062,8413
20064,8364
20117,8350
20073,8242
20096,8343
20080,8236
20006,8452
20045,8332
20066,8307
20015,8254
20130,8330
20040,8468
20061,8460
20079,8285
20049,8282
20056,8372
20095,8317
20065,8378
20083,8455
19991,8342
20014,8429
20037,8372
20055,8373
20136,8347
20048,8237
20138,8355
20122,8274
20087,8388
20071,8277
20145,8403
20020,8323
20094,8334
20004,8338
20027,8403
20105,8331
20031,8461
20089,8462
20036,8451
20054,8294
20128,8420
20077,8255
19987,8363
20151,8306
20047,8333
20070,8294
20111,8458
20116,8458
20134,8345
20155,8420
20012,8363
20088,8385
20127,8330
20060,8383
20046,8318
20120,8444
19995,8338
20069,8359
19979,8323
20018,8465
20092,8456
20043,8366
20029,8335
20103,8482
20052,8400
20075,8401
20059,8302
20149,8416
20008,8342
20082,8325
20098,8456
20109,8328
20042,8317
20132,8447
20028,8248
20035,8342
20058,8285
20067,8457
20085,8362
20092,8396
20115,8319
20025,8445
20101,8368
20050,8386
20034,8309
20124,8439
20142,8466
19999,8335
20057,8332
20075,8477
20147,8462
20084,8293
20017,8292
20107,8422
20040,8387
20114,8268
20010,8333
20097,8381
20081,8464
20083,8276
20067,8389
20090,8238
20039,8347
20062,8264
20064,8487
20117,8483
20032,8427
20140,8324
20050,8454
20073,8383
20080,8359
19992,8371
20031,8434
20089,8287
20038,8288
20112,8418
20061,8321
20079,8422
20072,8304
20162,8430
20021,8281
20111,8411
20044,8398
20065,8247
20014,8312
20037,8249
20136,8454
20048,8344
20122,8409
20087,8281
20071,8398
20094,8245
20133,8465
20027,8300
20013,8273
20103,8403
20036,8438
20128,8319
20054,8445
20077,8372
20063,8289
20137,8423
20047,8470
20086,8322
20019,8391
20093,8276
20042,8492
20116,8349
20134,8468
20028,8463
20009,8270
20099,8396
20046,8389
20069,8236
20108,8454
20002,8311
20011,8431
20029,8452
20034,8452
20052,8283
20126,8396
20075,8266
20149,8309
20059,8443
20082,8248
20068,8315
20158,8445
20091,8394
20024,8321
20042,8416
20141,8428
20074,8337
19984,8361
20023,8392
20081,8257
20064,8310
20154,8440
20101,8485
20050,8249
20034,8392
20006,8290
20066,8409
20084,8424
20015,8336
20040,8270
20114,8387
20049,8320
20139,8450
20056,8270
20146,8432
20095,8407
20129,8345
20039,8460
20078,8420
20032,8294
20073,8484
20020,8485
19990,8355
20066,8477
20031,8295
20089,8420
20112,8285
20038,8415
20121,8353
20139,8398
20070,8396
20072,8443
20003,8325
20044,8257
20030,8244
20104,8374
20014,8455
20053,8445
20060,8257
20152,8354
20048,8467
20069,8477
20133,8326
20013,8390
20103,8260
20036,8313
20128,8458
20149,8454
20137,8300
20063,8426
20121,8477
20144,8330
20019,8272
20093,8425
20026,8354
20028,8322
20035,8240
20125,8366
20143,8371
20058,8435
20076,8438
20007,8334
20085,8256
20018,8251
20108,8377
20041,8426
20025,8283
20115,8409
20011,8280
20119,8475
20124,8473
20135,8379
20068,8430
20091,8263
20001,8371
20100,8353
20033,8386
20051,8351
19982,8325
20023,8285
20081,8446
20083,8430
20067,8255
20016,8341
20090,8324
20106,8475
20000,8292
20039,8253
20113,8379
20131,8356
20041,8486
20062,8422
20064,8321
20117,8313
20073,8277
20096,8332
20045,8423
20066,8300
20130,8295
20061,8487
20079,8248
20049,8317
20123,8332
20033,8462
20056,8409
20095,8280
20005,8352
20065,8349
19991,8333
20014,8406
20037,8415
20055,8336
20113,8455
20078,8307
20136,8352
20048,8258
20138,8396
20122,8319
20087,8419
20071,8240
20145,8374
20020,8360
20094,8339
20004,8319
20027,8374
20105,8302
20036,8488
20054,8283
20128,8409
20077,8282
19987,8334
20047,8360
20086,8488
20070,8315
20134,8306
20012,8384
20030,8355
20088,8358
20127,8337
20060,8404
20046,8291
20120,8417
20138,8448
19995,8329
20069,8322
20025,8484
20043,8325
20011,8457
20029,8298
20119,8424
20052,8381
20126,8298
20075,8436
20149,8331
20008,8379
20082,8350
20098,8485
20144,8453
20109,8291
20042,8262
20132,8388
20102,8322
20141,8466
20035,8381
20058,8262
20085,8405
20018,8366
20092,8361
20115,8290
20025,8416
20101,8283
20050,8415
20034,8302
20124,8428
20142,8439
19999,8362
20057,8375
20006,8392
20082,8482
20017,8319
20107,8445
20040,8360
20114,8297
20010,8342
20033,8287
20097,8272
20083,8315
20067,8360
20039,8374
20062,8301
20064,8476
20117,8462
20032,8320
20140,8353
20050,8483
20122,8462
20073,8386
20147,8433
20022,8325
20080,8380
19992,8280
20031,8409
20089,8258
20112,8327
20130,8442
20061,8380
20079,8397
20056,8484
20021,8260
20111,8390
20044,8363
20065,8234
20014,8285
20037,8260
20055,8485
20048,8381
20122,8386
20087,8308
20071,8357
20027,8259
20013,8300
20103,8430
20036,8339
20128,8276
20054,8406
20077,8399
20151,8418
20137,8330
20086,8359
19996,8283
20144,8308
20019,8426
20093,8271
20042,8457
20026,8312
20116,8442
20134,8425
20030,8494
20127,8474
20009,8273
20099,8403
20120,8300
20046,8430
20069,8247
20002,8272
20011,8322
20119,8317
20029,8447
20034,8481
20052,8256
20126,8401
20075,8289
20059,8350
20068,8256
20160,8417
20017,8488
20109,8472
20024,8422
20042,8397
20114,8472
20051,8313
20141,8327
20074,8378
20023,8423
20064,8299
20154,8421
20101,8384
20050,8274
20124,8295
20034,8421
20057,8252
20006,8263
20084,8341
20015,8447
20107,8310
20017,8436
20040,8275
20024,8482
20114,8412
20049,8347
20139,8473
20123,8278
20056,8307
20055,8314
20129,8444
20039,8491
20078,8393
19981,8302
20022,8464
20027,8464
19990,8324
20156,8436
20031,8258
20089,8399
20112,8306
20038,8432
20077,8448
20061,8241
20047,8258
20121,8388
20139,8421
20070,8481
20072,8320
20146,8465
20021,8393
20111,8267
20044,8286
20104,8347
20053,8408
20060,8318
20152,8327
20150,8440
20009,8450
20048,8488
20043,8303
20133,8417
20103,8291
20013,8417
20052,8471
20063,8433
20121,8448
20086,8242
19978,8347
20144,8431
20019,8311
20093,8388
20026,8335
20028,8447
20035,8279
20125,8393
20143,8350
20076,8339
20099,8284
20085,8299
20108,8342
20041,8397
20025,8254
20115,8380
20011,8319
20135,8342
20068,8395
20107,8487
20091,8378
20001,8342
20024,8305
20010,8268
20118,8357
20100,8398
20033,8421
20051,8322
20141,8316
20148,8402
20023,8312
20081,8401
20016,8426
20000,8281
20039,8280
20131,8331
20041,8457
20113,8414
20062,8459
20064,8422
20117,8292
20073,8312
20096,8353
20045,8386
20066,8265
20153,8353
20123,8355
20033,8481
19998,8283
20056,8446
20095,8359
20005,8331
20044,8461
19991,8296
20014,8379
20106,8376
20090,8485
20037,8442
20055,8335
20113,8474
20078,8276
20136,8389
20048,8295
20138,8425
20087,8478
20145,8329
20020,8405
20027,8365
20105,8305
20036,8501
20054,8252
20128,8382
20077,8309
19987,8309
20121,8273
20047,8407
20070,8284
20072,8459
20019,8452
20093,8469
20012,8413
20030,8324
20088,8331
20053,8301
20127,8380
20150,8311
20060,8433
20099,8461
20120,8326
19995,8364
19979,8317
20002,8374
20110,8335
20025,8463
20043,8344
20029,8261
20119,8391
20052,8346
20059,8248
20008,8384
20109,8318
20132,8353
20028,8306
20102,8359
20035,8384
20125,8286
20058,8291
20085,8432
20018,8331
20092,8326
20041,8314
20025,8395
20115,8265
20101,8294
20050,8440
20124,8329
20142,8408
19999,8369
20006,8365
20098,8322
20135,8459
20084,8239
20017,8274
20091,8247
20107,8400
20040,8333
20130,8467
20010,8371
20033,8306
20097,8267
20083,8350
19993,8330
20067,8335
20016,8293
20090,8436
20039,8397
20113,8267
20062,8310
20117,8425
20032,8357
20140,8382
20073,8421
20147,8340
20057,8470
20022,8382
20080,8337
20096,8252
20045,8311
19992,8317
20031,8356
20105,8482
20112,8348
20130,8407
20079,8360
20072,8250
20021,8303
20111,8429
20044,8320
20014,8262
20037,8303
20055,8448
20060,8448
20048,8402
20122,8431
20087,8339
19997,8327
20071,8320
20020,8280
20094,8419
20004,8399
20103,8325
20105,8446
20036,8376
20054,8395
20077,8426
20063,8235
20137,8365
19996,8304
20019,8337
20042,8466
20026,8293
20134,8386
20116,8423
20012,8272
20030,8499
20088,8470
20127,8481
20076,8245
20009,8308
20099,8438
20046,8339
20085,8449
20002,8269
20110,8474
20115,8470
20011,8345
20119,8280
20029,8410
20052,8237
20126,8442
20075,8324
19985,8348
20059,8373
20008,8267
20082,8430
20135,8312
20017,8451
20001,8316
20109,8435
20024,8395
20042,8406
20102,8466
20051,8284
20141,8354
20148,8308
20023,8322
20097,8452
20064,8256
20101,8427
20050,8303
20034,8350
20006,8280
20084,8370
20015,8410
20107,8269
20017,8399
20040,8248
20024,8455
20114,8441
19989,8289
20049,8382
20074,8475
20095,8473
20005,8289
20097,8384
20090,8315
20055,8273
20129,8407
20136,8319
20154,8450
20032,8240
20080,8460
20089,8242
20015,8478
20038,8341
20077,8475
20061,8236
20047,8297
20121,8431
20139,8440
20072,8357
20003,8399
20111,8310
20021,8436
20044,8251
20030,8290
20104,8416
20053,8387
20127,8278
20129,8467
20152,8428
20094,8302
20043,8258
20133,8396
20103,8318
20013,8444
20063,8348
20086,8407
20144,8388
20093,8255
20132,8475
20116,8298
20026,8424
20028,8404
20102,8269
20035,8314
20143,8325
20125,8420
20076,8360
20007,8384
20099,8291
20046,8478
20018,8305
20108,8435
20041,8400
20115,8355
20082,8293
20135,8429
19994,8297
20068,8400
20091,8337
20001,8329
20024,8278
20010,8297
20118,8350
20100,8427
20051,8425
20074,8394
20148,8447
20081,8244
20007,8452
20016,8399
20039,8311
20113,8433
20131,8430
20064,8411
20117,8271
20022,8260
20096,8390
20045,8413
20066,8354
19976,8326
20015,8303
20153,8324
20049,8235
20123,8390
19998,8316
20056,8419
20095,8322
20005,8342
20014,8348
20106,8325
20016,8459
20090,8462
20037,8453
20129,8300
20055,8426
20078,8377
19988,8353
20136,8426
20048,8316
20138,8434
20020,8434
20096,8450
20027,8320
19990,8308
20105,8276
20089,8383
20128,8339
20038,8448
20121,8308
20047,8434
20070,8369
20072,8464
19980,8329
20019,8491
20003,8312
20065,8471
20012,8442
20104,8299
20088,8304
20030,8425
20053,8264
20127,8411
19986,8307
20060,8430
20099,8464
20046,8233
20120,8363
20002,8339
20110,8368
20133,8305
20043,8447
20119,8354
20052,8327
20063,8449
20068,8455
20109,8281
20093,8372
20132,8334
20028,8303
20102,8376
20125,8313
20035,8423
20143,8462
20058,8332
20148,8462
20007,8309
19977,8354
20108,8294
20092,8291
20018,8420
20041,8285
20025,8366
20124,8358
20142,8381
19983,8301
20006,8326
20098,8383
20082,8472
20107,8375
20040,8338
20130,8460
20100,8286
20118,8469
20033,8341
20123,8471
20097,8302
20081,8353
20083,8325
19993,8365
20067,8338
20016,8314
20090,8401
20113,8302
20039,8424
20062,8347
20117,8404
20140,8411
20096,8273
20080,8310
20022,8403
20045,8274
19992,8290
20066,8249
20031,8323
20105,8453
20038,8243
20112,8369
20130,8368
20040,8494
20079,8343
20111,8328
20095,8247
20044,8349
20065,8416
20037,8330
20048,8439
20122,8328
20087,8334
20032,8454
19997,8354
20071,8351
20020,8261
20094,8388
20043,8492
20103,8352
20105,8385
20054,8364
20063,8246
20137,8368
19996,8301
20070,8236
20019,8372
20026,8270
20116,8396
20134,8359
20012,8301
20030,8468
20088,8443
20035,8468
20099,8349
20046,8372
19995,8284
20069,8445
20011,8380
20029,8373
20126,8351
20075,8347
20059,8360
20008,8272
20082,8395
20137,8460
19994,8335
20001,8279
20109,8398
20042,8371
20010,8463
20118,8292
20051,8259
20141,8381
19984,8312
20023,8377
20092,8438
20101,8438
20050,8328
20140,8458
20034,8379
20057,8394
20084,8287
20015,8385
20017,8354
20114,8338
20123,8288
19998,8346
20074,8484
20005,8268
20097,8443
20106,8315
20090,8292
20055,8268
20129,8394
20078,8471
19988,8315
20032,8405
20080,8417
20031,8244
20015,8453
20038,8366
20061,8391
20079,8472
20139,8351
20049,8477
20070,8479
20072,8266
19980,8307
20021,8351
20065,8317
20030,8263
20104,8389
20127,8317
19986,8345
20071,8464
20110,8270
20094,8307
20043,8281
20133,8407
20013,8343
20036,8392
20151,8457
20063,8379
20086,8392
20144,8409
20116,8279
20026,8405
20028,8497
20102,8294
20104,8449
20125,8479
20143,8416
20076,8261
20009,8324
20046,8451
20069,8290
20018,8266
20108,8392
20115,8326
20126,8458
20098,8261
20082,8318
20135,8392
20068,8253
20107,8465
20091,8436
20024,8379
20010,8306
20100,8432
20118,8435
20051,8396
20074,8407
20148,8420
20023,8242
20131,8437
20064,8240
20140,8317
20057,8279
20022,8313
20096,8443
20066,8351
20015,8266
20049,8398
20123,8445
20146,8374
20095,8425
20014,8321
20106,8430
20037,8480
20055,8385
20078,8354
19988,8334
20020,8479
20094,8482
20096,8487
19990,8297
20105,8255
20089,8354
20128,8328
20038,8485
20061,8284
20121,8351
20070,8330
20003,8287
20026,8484
20065,8458
20012,8471
20104,8304
20088,8277
20030,8434
20053,8371
20127,8422
20150,8333
20145,8451
20002,8332
20110,8405
20043,8402
20119,8345
20013,8460
20086,8263
20093,8367
20028,8260
20102,8413
20051,8477
20125,8340
20058,8361
20007,8272
20120,8460
19977,8325
20018,8385
20092,8280
20108,8259
20041,8352
20131,8482
20025,8337
20142,8358
20006,8347
20098,8408
20068,8352
20107,8330
19989,8354
20100,8315
20010,8441
20118,8462
20033,8328
20123,8458
20074,8282
20081,8324
20083,8360
20067,8313
20157,8423
20016,8287
20090,8378
20000,8366
20113,8321
20062,8380
20117,8383
20140,8432
19981,8330
20096,8310
20080,8267
20022,8436
20045,8365
20130,8365
20079,8306
20153,8436
20056,8339
20021,8245
20111,8375
20065,8411
19991,8375
20037,8341
20078,8233
20138,8322
20122,8373
20087,8357
20071,8314
20145,8444
20020,8290
20094,8361
20004,8369
20043,8451
20027,8432
20013,8253
20103,8383
20105,8356
20031,8482
20054,8321
20112,8466
20086,8470
20134,8376
20012,8330
20088,8416
20053,8248
20060,8350
20099,8352
20046,8281
20120,8411
19995,8307
20069,8408
19979,8352
20110,8480
20029,8336
20103,8451
20052,8439
20126,8352
20075,8382
20059,8271
20008,8309
20082,8356
20137,8471
19994,8360
20001,8266
20109,8361
20042,8348
20118,8281
20058,8252
20067,8486
20085,8331
20092,8403
20041,8237
20101,8337
20050,8357
20034,8276
20124,8406
19999,8300
20057,8429
19983,8349
20084,8260
20017,8325
20040,8418
20114,8367
20005,8279
20097,8350
20023,8472
20083,8245
20067,8418
20106,8260
20090,8257
19988,8288
20062,8235
20032,8394
20073,8344
20080,8390
19992,8338
20089,8312
20038,8259
20112,8385
20061,8418
20079,8455
20139,8370
20072,8303
20162,8433
20056,8478
20021,8378
20044,8429
20065,8272
20053,8457
20048,8327
20087,8254
20071,8431
20110,8307
20094,8276
20013,8370
20036,8405
20054,8476
20059,8476
20077,8341
20063,8262
20137,8384
20086,8429
19996,8349
20093,8309
20026,8254
20116,8380
20028,8494
20102,8315
20143,8399
20076,8290
20009,8367
20046,8484
20069,8269
20108,8485
20011,8396
20029,8485
20052,8314
20075,8235
20059,8408
20098,8318
20082,8283
20084,8459
20091,8427
20001,8391
20024,8352
20100,8477
20118,8404
20051,8243
20141,8397
20074,8432
19984,8328
20081,8290
19993,8302
20131,8408
20101,8454
20057,8314
20045,8467
20066,8440
20084,8399
20015,8369
20091,8471
20040,8301
20049,8417
20056,8237
20146,8339
20095,8436
20106,8395
20055,8252
20129,8378
20078,8327
20032,8261
19997,8291
20073,8453
20020,8452
20094,8455
20089,8325
20061,8311
20153,8462
20121,8322
20070,8431
20072,8410
20003,8354
20021,8463
20026,8449
20044,8288
20104,8277
20088,8250
20030,8407
20053,8350
20076,8465
20150,8358
20110,8446
20133,8359
20036,8280
19985,8304
20063,8395
20086,8312
20144,8361
20093,8330
20028,8353
20102,8438
20051,8448
20125,8335
20058,8402
20076,8405
20007,8367
20108,8280
20092,8245
20018,8410
20041,8331
20131,8457
20025,8308
20115,8438
20101,8247
20142,8331
20098,8437
20068,8333
20091,8292
19989,8333
20100,8320
20033,8355
20051,8380
20123,8481
20074,8295
20148,8340
20058,8470
20081,8351
20083,8399
20067,8284
20016,8372
20090,8359
20000,8323
20113,8356
20062,8385
20064,8352
20117,8346
20073,8246
20096,8299
20022,8425
20045,8328
20015,8250
20130,8326
20040,8472
20061,8456
20079,8281
20049,8286
20056,8376
20095,8313
20065,8382
20083,8459
19991,8338
20014,8433
20037,8368
20055,8369
20136,8351
20138,8367
20122,8286
20087,8384
20071,8273
20145,8407
20020,8335
20094,8370
20004,8350
20027,8407
20105,8335
20031,8457
20089,8466
20036,8463
20054,8314
20128,8440
20077,8251
20047,8329
20086,8459
20111,8470
20116,8470
20134,8349
20155,8440
20012,8359
20088,8389
20060,8379
20046,8258
20120,8384
19995,8342
20069,8355
19979,8327
20018,8461
20092,8452
20043,8354
20029,8331
20103,8478
20052,8412
20075,8405
20059,8290
20149,8428
20008,8346
20082,8321
20098,8452
20109,8324
20042,8313
20132,8443
20028,8244
20035,8346
20058,8281
20067,8461
20085,8374
20159,8421
20092,8392
20041,8240
20101,8380
20050,8382
20034,8305
20124,8435
20142,8470
19999,8331
20057,8336
20075,8465
20147,8466
20006,8427
20084,8289
20017,8344
20040,8391
20114,8264
20010,8329
20033,8248
20097,8369
20081,8468
20083,8280
20067,8393
20039,8343
20062,8268
20032,8431
20140,8320
20050,8450
20073,8355
20080,8411
20045,8253
19992,8375
20031,8446
20089,8291
20038,8292
20112,8422
20061,8349
20079,8418
20072,8308
20162,8426
20056,8451
20021,8357
20044,8394
20065,8267
20014,8316
20136,8458
20048,8348
20087,8277
20071,8394
20094,8249
20133,8477
20027,8288
20013,8269
20103,8399
20036,8434
20128,8307
20054,8433
20077,8368
20063,8301
20137,8427
20047,8466
20086,8326
20019,8395
20093,8272
20042,8488
20116,8345
20134,8456
20028,8459
20076,8319
20009,8370
20046,8393
20120,8267
20108,8450
20002,8307
20029,8448
20034,8448
20052,8295
20075,8270
20149,8305
20059,8447
20082,8244
20068,8295
20158,8417
20091,8398
20024,8325
20132,8302
20042,8428
20118,8393
20141,8424
20074,8349
19984,8365
20023,8388
20081,8261
20154,8324
20101,8481
20050,8245
20034,8388
20006,8294
20066,8405
20084,8436
20015,8348
20091,8458
20040,8306
20049,8324
20139,8454
19975,8340
20056,8274
20146,8428
20095,8403
20106,8404
20129,8349
20039,8456
20078,8424
20032,8314
20073,8488
20020,8481
20027,8497
19990,8359
20066,8473
20031,8291
20089,8424
20112,8273
20038,8403
20121,8357
20139,8386
20070,8384
20072,8447
20003,8329
20021,8490
20044,8317
20030,8248
20104,8378
20014,8459
20053,8441
20060,8285
20152,8358
20048,8471
20069,8473
20110,8419
20133,8322
20013,8386
20103,8256
20036,8293
20128,8462
20149,8450
20063,8406
20144,8334
20019,8276
20093,8421
20026,8366
20028,8350
20035,8244
20125,8362
20058,8447
20076,8434
20007,8330
20085,8268
20018,8247
20108,8373
20041,8430
20025,8287
20115,8413
20011,8284
20119,8471
20124,8469
20098,8430
20135,8375
20068,8426
20091,8283
20001,8375
20100,8365
20033,8390
20051,8355
19982,8329
20148,8369
20023,8281
20081,8434
20083,8434
20016,8329
20090,8320
20106,8455
20000,8312
20039,8249
20113,8383
20131,8360
20041,8490
20062,8426
20064,8325
20117,8325
20073,8281
20163,8411
20096,8320
20045,8419
20066,8296
20061,8483
20079,8260
20049,8305
20123,8320
20033,8450
20056,8413
20095,8260
20005,8364
20044,8492
20065,8337
19991,8329
20014,8410
20037,8411
20055,8364
20078,8311
20136,8356
20048,8262
20138,8392
20122,8315
20087,8447
20071,8236
20145,8362
20020,8372
20094,8343
20004,8315
20027,8394
20105,8338
20031,8468
20036,8468
20054,8287
20128,8413
20077,8278
19987,8338
20047,8372
20070,8319
20134,8310
20012,8380
20030,8359
20088,8362
20127,8349
20060,8400
20046,8295
20120,8421
20138,8460
19995,8333
20069,8334
19979,8346
20025,8488
20043,8377
20011,8461
20029,8294
20119,8420
20052,8377
20126,8302
20075,8424
20149,8343
20008,8383
20082,8346
20098,8481
20109,8351
20042,8258
20132,8384
20102,8326
20141,8462
20035,8353
20058,8258
20067,8464
20085,8401
20018,8362
20092,8357
20115,8294
20025,8420
20101,8263
20050,8411
20034,8298
20124,8424
20142,8443
19999,8342
20057,8379
19983,8359
20006,8396
20017,8307
20107,8433
20040,8364
20114,8293
20010,8338
20033,8275
20097,8276
20083,8319
20067,8364
20039,8370
20062,8273
20064,8464
20117,8458
19974,8333
20032,8324
20140,8349
20050,8479
20122,8458
20073,8390
20147,8437
20022,8345
20080,8368
19992,8284
20031,8389
20089,8262
20038,8313
20112,8443
20130,8438
20061,8376
20079,8393
20139,8300
20056,8488
20021,8256
20111,8386
20044,8359
20065,8238
20014,8289
20037,8256
20055,8481
20048,8369
20122,8398
20087,8304
20071,8353
20020,8255
20027,8263
20013,8296
20103,8426
20036,8351
20128,8296
20054,8426
20077,8395
20151,8446
20137,8334
20086,8379
19996,8279
20019,8430
20093,8267
20116,8326
20134,8429
20127,8454
20009,8277
20099,8407
20120,8304
20046,8434
20069,8243
20108,8479
20002,8300
20011,8326
20119,8313
20029,8443
20052,8268
20126,8405
20075,8293
20059,8338
20068,8268
20160,8421
20109,8468
20024,8426
20042,8393
20114,8468
20051,8317
20141,8323
20074,8358
20023,8419
20081,8280
20064,8303
20154,8417
20101,8396
20050,8270
20124,8291
20034,8417
20006,8315
20066,8398
20084,8337
20015,8443
20107,8298
20017,8424
20040,8279
20024,8486
20114,8408
20049,8351
20056,8311
20055,8310
20129,8432
20039,8487
20078,8397
20022,8468
20027,8468
19990,8344
20156,8432
20031,8270
20089,8403
20112,8310
20038,8436
20047,8270
20121,8392
20139,8409
20070,8485
20072,8324
20146,8461
20111,8279
20021,8405
20044,8282
20104,8351
20053,8420
20060,8314
20152,8331
20150,8444
20009,8454
20043,8291
20133,8429
20103,8287
20013,8413
20052,8467
20137,8315
20063,8445
20121,8452
20086,8246
19978,8327
20144,8419
20019,8315
20093,8384
20026,8331
20028,8443
20035,8283
20125,8389
20143,8346
20076,8335
20009,8386
20099,8256
20085,8311
20108,8338
20041,8433
20025,8258
20115,8384
20011,8307
20135,8338
20068,8439
20091,8382
20001,8362
20024,8309
20010,8264
20100,8394
20118,8377
20033,8441
20051,8326
20074,8237
20148,8414
20023,8308
20081,8405
20016,8430
20000,8285
20039,8276
20131,8335
20041,8461
20113,8402
20062,8463
20064,8442
20117,8288
20073,8316
20096,8357
20045,8446
20066,8261
20153,8357
20123,8359
20033,8485
19998,8287
20056,8386
20146,8316
20095,8355
20005,8375
20044,8457
19991,8292
20014,8383
20106,8356
20090,8481
20037,8422
20055,8331
20113,8478
20078,8280
20136,8393
20048,8283
20138,8405
20122,8292
20087,8474
20145,8333
20020,8401
20027,8353
20105,8309
20036,8497
20054,8240
20128,8370
20077,8305
19987,8313
20121,8277
20047,8403
20070,8272
20072,8463
20019,8456
20093,8465
20030,8328
20088,8335
20053,8297
20127,8376
20060,8397
20120,8330
19995,8352
19979,8305
20002,8370
20110,8339
20025,8467
20043,8348
20029,8257
20119,8387
20052,8358
20126,8307
20059,8252
20008,8388
20068,8486
20109,8314
20042,8239
20132,8365
20102,8347
20035,8388
20125,8282
20058,8303
20085,8444
20018,8327
20092,8322
20041,8318
20115,8269
20025,8399
20101,8290
20050,8436
20124,8325
20142,8412
19999,8381
20006,8353
20098,8350
20008,8448
20135,8455
20084,8235
20017,8278
20107,8404
20040,8369
20114,8318
20010,8383
20100,8253
20033,8310
20097,8271
20083,8290
19993,8334
20067,8371
20090,8432
20039,8393
20113,8271
20062,8314
20117,8437
20032,8377
20140,8378
20073,8425
20147,8344
20057,8474
20022,8370
20080,8341
20045,8307
20031,8352
20105,8486
20112,8336
20130,8403
20079,8372
20072,8254
20021,8299
20111,8425
20044,8380
20014,8266
20037,8299
20055,8476
20060,8476
20048,8406
20122,8427
20087,8303
19997,8323
20071,8380
20094,8423
20004,8395
20027,8250
20103,8321
20105,8418
20036,8356
20054,8399
20077,8422
20137,8337
20047,8484
20019,8341
20042,8478
20026,8289
20134,8390
20116,8419
20012,8268
20030,8503
20088,8474
20143,8316
20076,8241
20009,8312
20099,8442
20046,8343
20085,8461
20110,8478
20115,8474
20011,8349
20119,8276
20029,8406
20052,8233
20126,8446
20075,8312
19985,8336
20059,8329
20008,8271
20082,8426
20135,8308
20017,8455
20001,8304
20109,8431
20024,8399
20042,8402
20102,8470
20051,8288
20141,8350
20148,8304
20023,8350
20097,8472
20131,8297
20064,8260
20101,8407
20050,8299
20034,8346
20057,8235
20006,8284
20084,8382
20015,8422
20017,8387
20107,8257
20040,8252
20024,8459
20114,8437
19989,8301
20049,8370
20074,8455
20095,8453
20005,8301
20097,8388
20055,8301
20129,8427
20032,8244
20022,8457
20080,8448
20027,8459
20156,8429
20031,8277
20089,8246
20015,8474
20038,8329
20077,8471
20047,8309
20121,8435
20139,8444
20072,8361
20111,8306
20021,8432
20044,8247
20030,8294
20104,8420
20053,8399
20127,8274
20129,8471
20150,8465
20152,8432
20043,8262
20133,8392
20103,8314
20013,8440
20036,8239
20063,8344
20086,8235
20144,8440
20093,8251
20132,8455
20116,8310
20026,8436
20028,8400
20102,8257
20104,8480
20035,8318
20143,8321
20125,8416
20076,8356
20007,8444
20099,8295
20018,8301
20108,8431
20041,8404
20115,8359
20082,8289
20135,8425
19994,8309
20068,8412
20091,8341
20001,8333
20024,8282
20010,8277
20118,8338
20100,8407
20051,8429
20074,8246
20148,8443
20081,8232
20007,8448
20016,8387
20039,8307
20131,8338
20041,8464
20113,8437
20062,8464
20064,8415
20117,8267
20022,8280
20096,8410
20045,8409
20066,8382
19976,8330
20015,8299
20153,8328
20049,8239
20123,8410
19998,8288
20056,8423
20095,8334
20005,8338
20014,8352
20106,8321
20016,8463
20090,8458
20037,8449
20129,8288
20055,8422
20078,8381
19988,8365
20136,8430
20048,8304
20138,8446
20020,8446
20096,8454
20027,8324
20105,8280
20128,8343
20038,8452
20121,8312
20047,8446
20070,8373
20072,8468
19980,8325
20093,8460
20003,8316
20012,8438
20104,8303
20088,8308
20030,8429
20053,8276
20127,8391
19986,8303
20060,8426
20099,8468
20046,8237
20120,8367
20161,8435
20002,8367
20110,8372
20133,8317
20043,8435
20029,8252
20119,8382
20052,8323
20008,8425
20063,8461
20068,8451
20109,8277
20093,8368
20132,8330
20028,8299
20102,8380
20125,8309
20035,8427
20143,8458
20058,8328
20148,8458
20007,8305
20085,8423
20108,8290
20092,8319
20018,8416
20041,8257
20025,8370
20124,8354
20142,8385
20165,8416
20006,8378
20098,8379
20082,8468
20107,8363
20040,8342
20130,8456
20100,8282
20033,8297
20097,8290
20081,8357
20083,8329
19993,8369
20067,8342
20016,8318
20090,8413
20113,8290
20039,8420
20062,8351
20117,8400
20140,8407
20096,8277
20080,8298
20022,8407
20045,8270
19992,8294
20066,8245
20031,8335
20105,8457
20038,8247
20112,8373
20130,8396
20079,8339
20111,8340
20095,8243
20044,8345
20065,8420
20037,8310
20048,8427
20122,8340
20087,8330
20032,8474
20071,8347
20020,8257
20094,8392
20004,8400
20043,8480
20103,8348
20105,8389
20054,8352
20063,8242
20137,8372
19996,8297
20019,8376
20026,8266
20116,8392
20134,8411
20012,8297
20030,8472
20088,8447
20035,8472
20099,8321
20046,8376
20085,8488
19995,8272
20069,8441
20110,8451
20115,8449
20011,8368
20029,8369
20126,8323
20075,8351
19985,8363
20059,8364
20008,8276
20082,8391
19994,8331
20017,8474
20001,8299
20109,8394
20042,8383
20010,8459
20118,8312
20051,8263
20141,8377
19984,8316
20023,8373
20092,8434
20101,8434
20050,8324
20140,8454
20034,8375
19999,8269
20057,8398
20084,8283
20015,8397
20017,8358
20114,8334
20123,8292
19998,8350
20074,8480
20005,8264
20097,8447
20106,8295
20090,8288
20055,8264
20129,8398
20078,8475
20022,8482
20080,8421
20031,8240
20015,8449
20038,8354
20061,8387
20079,8484
20139,8339
20049,8465
20070,8467
20072,8270
19980,8303
20021,8347
20065,8305
20030,8267
20104,8393
20127,8313
20129,8458
19986,8341
20150,8458
20071,8460
20110,8274
20094,8311
20043,8285
20133,8403
20013,8339
20036,8244
20151,8453
20063,8359
20086,8396
20144,8413
20116,8275
20026,8401
20028,8397
20102,8282
20104,8453
20125,8475
20143,8428
20076,8257
20009,8328
20046,8455
20069,8302
20018,8262
20108,8388
20115,8330
20126,8462
20098,8257
20082,8314
20135,8388
20068,8249
20107,8469
20091,8328
20024,8383
20010,8318
20100,8444
20118,8439
20051,8400
20074,8403
20148,8416
20016,8408
20131,8441
20064,8244
20057,8283
20022,8317
20096,8447
20066,8347
20015,8278
20049,8386
20123,8433
20146,8370
20095,8341
20005,8445
20014,8325
20106,8426
20037,8492
20129,8283
20055,8413
20078,8358
19988,8330
20136,8435
20020,8475
20094,8486
19990,8301
20089,8358
20128,8332
20038,8473
20061,8280
20121,8291
20047,8421
20070,8334
20026,8480
20065,8462
20012,8467
20104,8308
20088,8281
20030,8438
20053,8383
20127,8418
20150,8321
20145,8455
20002,8328
20110,8409
20043,8406
20119,8341
20013,8456
20063,8488
20086,8283
20093,8363
20132,8343
20028,8256
20102,8401
20051,8481
20125,8336
20058,8373
20007,8268
20120,8464
19977,8329
20108,8319
20092,8276
20018,8445
20041,8356
20025,8341
20142,8362
20006,8351
20098,8404
20068,8364
20107,8334
19989,8366
20100,8295
20118,8450
20033,8332
20123,8462
20074,8262
20081,8376
20083,8364
20067,8317
20157,8419
20016,8275
20090,8390
20000,8354
20113,8325
20062,8352
20117,8379
20140,8428
19981,8326
20147,8354
20057,8480
20022,8392
20080,8271
20096,8266
20045,8361
20066,8238
20130,8361
20079,8318
20153,8440
20056,8343
20111,8371
20065,8415
19991,8371
20037,8337
20078,8237
20138,8334
20122,8369
20087,8353
20071,8310
20145,8432
20020,8302
20094,8365
20004,8381
20043,8455
20027,8436
20103,8379
20105,8360
20031,8494
20054,8325
20112,8470
20134,8380
20012,8326
20088,8420
20060,8346
20099,8356
20046,8285
20120,8415
19995,8311
20069,8388
19979,8356
20110,8484
20029,8364
20052,8435
20126,8356
20075,8370
20059,8259
20008,8313
20082,8352
20137,8475
19994,8372
20001,8270
20109,8357
20042,8344
20118,8285
20058,8248
20085,8343
20092,8431
20101,8349
20050,8353
20034,8272
20124,8402
19999,8296
20057,8433
19983,8345
20084,8256
20017,8377
20040,8422
20114,8363
19998,8355
20005,8275
20097,8338
20023,8468
20083,8249
20067,8422
20106,8256
20090,8269
19988,8300
20062,8239
20032,8398
20073,8348
20080,8442
19992,8342
20089,8316
20038,8263
20112,8389
20061,8446
20079,8451
20139,8374
20072,8275
20021,8326
20044,8425
20065,8276
20053,8469
20087,8250
20071,8427
20110,8311
20094,8280
20013,8366
20036,8401
20054,8464
20059,8464
20077,8337
20063,8258
20137,8388
20086,8417
19996,8345
20093,8305
20026,8250
20116,8376
20028,8490
20102,8319
20143,8395
20076,8286
20009,8339
20046,8488
20069,8265
20108,8481
20011,8384
20029,8481
20126,8467
20075,8239
20059,8412
20098,8314
20082,8279
20084,8471
20091,8431
20024,8356
20100,8473
20118,8424
20051,8247
20141,8393
20074,8444
19984,8332
20081,8294
19993,8306
20131,8412
20064,8233
20101,8450
20057,8318
20045,8463
20066,8436
20084,8395
20015,8381
20049,8421
20056,8241
20146,8335
20095,8432
20106,8439
20055,8248
20129,8382
20078,8331
20032,8281
19997,8319
20073,8457
20020,8448
20094,8459
20089,8329
20038,8498
20061,8307
20121,8326
20070,8419
20072,8414
20003,8358
20021,8459
20026,8461
20104,8281
20088,8254
20030,8411
20053,8346
20076,8461
20060,8252
20110,8386
20043,8237
20133,8355
20036,8260
19985,8308
20086,8316
20144,8365
20093,8326
20028,8381
20102,8426
20051,8452
20125,8331
20058,8414
20076,8401
20007,8363
20085,8237
20108,8276
20092,8241
20018,8406
20041,8335
20131,8461
20025,8312
20115,8442
20142,8335
20098,8433
20068,8329
20091,8312
19989,8329
20100,8332
20033,8359
20123,8485
20074,8291
20148,8336
20058,8466
20097,8248
20081,8339
20083,8403
20067,8256
20157,8414
20016,8360
20090,8355
20106,8486
20000,8327
20113,8344
20062,8389
20064,8356
20117,8358
20073,8250
20096,8303
20022,8429
20045,8324
20130,8322
20040,8476
20061,8452
20079,8293
20153,8419
20049,8274
20056,8380
20095,8293
20065,8370
20083,8463
19991,8366
20014,8437
20037,8380
20136,8323
20138,8363
20122,8282
20087,8412
20071,8269
20145,8395
20020,8331
20094,8374
20004,8346
20043,8474
20027,8427
20105,8371
20031,8501
20089,8470
20036,8459
20054,8318
20128,8444
20077,8247
19987,8371
20047,8341
20086,8463
20111,8466
20116,8466
20134,8337
20155,8444
20012,8355
20088,8393
20053,8239
20060,8375
20046,8262
20120,8388
19995,8298
20069,8367
20018,8457
20092,8448
20043,8358
20029,8327
20103,8474
20052,8408
20075,8393
20059,8294
20149,8424
20008,8350
20082,8381
20098,8448
20109,8320
20042,8293
20132,8423
20028,8240
20035,8350
20085,8370
20159,8417
20092,8388
20041,8244
20101,8376
20050,8378
20034,8269
20124,8399
19999,8311
20057,8340
20075,8469
19983,8324
20084,8301
20017,8348
20040,8395
20033,8252
20097,8373
20081,8456
20083,8284
20067,8397
20090,8246
20039,8339
20062,8240
20032,8419
20073,8359
20147,8402
20080,8415
20045,8249
20031,8442
20089,8295
20038,8280
20112,8410
20061,8345
20079,8430
20072,8312
20056,8455
20021,8353
20044,8390
20065,8271
20136,8462
20048,8336
20087,8273
20071,8390
20094,8253
20133,8473
20027,8292
20013,8265
20103,8395
20036,8446
20128,8311
20054,8437
20077,8364
20063,8297
20137,8431
20047,8478
20086,8346
19996,8374
20019,8399
20093,8300
20116,8357
20134,8460
20028,8455
20076,8315
20009,8374
20099,8244
20046,8397
20120,8271
20069,8276
20011,8423
20029,8476
20034,8476
20052,8291
20075,8258
20149,8317
20059,8435
20082,8240
20068,8291
20158,8421
20091,8386
20024,8329
20132,8298
20042,8424
20100,8486
20118,8397
20141,8420
20074,8345
19984,8353
20023,8384
20081,8313
20050,8241
20034,8384
20057,8289
20066,8401
20084,8432
20015,8344
20091,8462
20040,8310
20049,8440
19975,8336
20056,8278
20146,8424
20164,8415
20095,8415
20106,8400
20129,8337
20039,8452
20078,8428
20032,8318
20066,8469
20031,8303
20089,8428
20112,8277
20038,8407
20061,8302
20047,8239
20121,8361
20139,8390
20070,8388
20072,8419
20003,8333
20044,8313
20030,8252
20104,8382
20014,8463
20053,8325
20060,8281
20152,8362
20048,8459
20069,8453
20110,8423
20133,8334
20036,8289
20128,8450
20149,8462
20063,8402
20144,8322
20019,8280
20093,8417
20026,8362
20028,8346
20035,8248
20125,8358
20143,8379
20058,8443
20076,8430
20007,8326
20085,8264
20108,8369
20041,8338
20131,8464
20025,8291
20115,8417
20011,8272
20119,8467
20124,8465
20098,8426
20135,8371
20068,8342
20091,8287
20100,8361
20033,8410
20051,8359
19982,8333
20023,8277
20081,8438
20083,8438
20016,8333
20090,8332
20106,8451
20000,8316
20039,8245
20113,8371
20131,8364
20041,8494
20062,8430
20064,8345
20117,8321
20073,8285
20163,8415
20096,8324
20080,8249
20045,8351
20066,8292
20130,8319
20079,8256
20049,8309
20123,8324
20033,8454
20056,8353
20095,8256
20005,8360
20044,8488
20065,8341
19991,8325
20014,8414
20037,8391
20055,8360
20078,8315
20136,8360
20048,8250
20138,8372
20087,8443
20145,8366
20020,8368
20094,8347
20004,8295
20027,8398
20105,8342
20031,8464
20036,8464
20054,8275
20128,8401
20077,8274
19987,8342
20047,8368
20086,8480
20070,8307
20012,8376
20030,8363
20088,8366
20127,8345
20060,8364
20046,8299
20120,8425
20138,8456
19995,8321
20069,8330
19979,8350
20025,8492
20043,8381
20011,8449
20029,8290
20119,8416
20052,8389
20126,8274
20075,8428
20149,8339
20008,8355
20082,8342
20109,8347
20042,8270
20132,8396
20141,8458
20035,8357
20058,8270
20067,8468
20085,8413
20018,8358
20092,8353
20115,8298
20025,8424
20101,8259
20050,8407
20034,8294
20124,8420
20142,8447
19999,8338
20057,8383
20075,8488
19983,8355
20006,8384
20017,8311
20107,8437
20040,8400
20114,8289
20010,8350
20033,8279
20097,8360
20083,8259
20067,8400
20016,8248
20039,8366
20062,8277
20064,8468
20117,8470
20032,8344
20140,8345
20050,8475
20122,8470
20073,8394
20147,8441
20022,8349
20080,8372
19992,8352
20031,8385
20089,8266
20038,8317
20112,8447
20130,8434
20061,8372
20079,8405
20021,8268
20111,8398
20044,8355
20014,8293
20037,8268
20136,8467
20048,8373
20122,8394
20087,8268
20071,8413
20020,8251
20027,8283
20013,8292
20103,8422
20036,8347
20128,8300
20054,8430
20077,8391
20151,8442
20063,8308
20137,8434
20047,8453
20086,8383
19996,8275
20019,8434
20093,8263
20116,8322
20134,8417
20127,8450
20009,8281
20099,8411
20120,8308
20046,8438
20069,8255
20108,8475
20002,8296
20011,8442
20119,8309
20029,8439
20052,8264
20126,8409
20075,8281
20059,8342
20068,8264
20017,8480
20109,8464
20024,8430
20132,8311
20042,8437
20114,8464
20141,8447
20074,8354
20023,8447
20081,8284
20064,8291
20154,8429
20101,8392
20050,8266
20124,8319
20034,8445
20006,8319
20066,8394
20084,8349
20015,8327
20107,8302
20017,8428
20040,8283
20024,8490
20114,8404
20049,8339
20139,8465
20056,8315
20146,8389
20106,8253
20055,8306
20129,8436
20039,8483
20078,8401
20027,8488
19990,8348
20066,8462
20031,8266
20089,8407
20112,8298
20038,8424
20047,8266
20121,8396
20139,8413
20070,8409
20072,8328
20146,8457
20003,8336
20111,8275
20021,8401
20044,8278
20104,8323
20053,8416
20060,8310
20150,8432
20009,8458
20048,8480
20043,8295
20133,8425
20103,8283
20013,8409
20052,8479
20137,8319
20063,8441
20121,8456
19978,8323
20144,8423
20019,8319
20093,8412
20026,8343
20028,8439
20035,8287
20125,8385
20143,8358
20058,8420
20076,8331
20007,8349
20009,8390
20099,8260
20085,8307
20108,8334
20041,8437
20025,8262
20115,8388
20011,8311
20119,8462
20124,8462
20135,8334
19994,8276
20068,8435
20091,8370
20001,8366
20024,8313
20100,8374
20118,8381
20033,8445
20051,8330
20074,8233
20023,8304
20081,8393
20016,8418
20000,8273
20039,8272
20131,8371
20041,8497
20113,8406
20062,8435
20064,8446
20117,8300
20073,8288
20163,8418
20022,8251
20096,8377
20045,8442
20066,8257
20079,8239
20123,8379
20033,8505
20056,8390
20146,8312
20095,8367
20005,8371
20044,8453
20065,8328
20155,8458
19991,8288
20014,8387
20106,8352
20037,8418
20055,8327
20113,8466
20078,8284
20136,8397
20048,8287
20138,8401
20122,8288
20087,8470
20145,8321
20020,8413
20004,8268
20027,8357
20105,8313
20054,8244
20128,8374
20077,8301
19987,8317
20121,8281
20047,8415
20070,8276
19980,8356
20019,8460
20111,8484
20012,8405
20030,8332
20088,8339
20053,8309
20127,8356
20060,8393
20120,8334
20138,8469
19995,8356
20069,8341
20161,8412
19979,8309
20002,8398
20110,8343
20025,8471
20043,8336
20029,8285
20119,8415
20052,8354
20126,8311
20059,8240
20008,8392
20068,8482
20144,8466
20109,8310
20042,8235
20132,8361
20102,8351
20035,8392
20125,8278
20058,8299
20085,8440
20018,8323
20092,8350
20041,8290
20115,8273
20025,8403
20101,8302
20050,8432
20124,8321
20142,8416
19999,8377
20057,8354
20006,8357
20098,8346
20008,8452
20135,8451
20084,8247
20017,8266
20107,8392
20040,8373
20114,8314
20010,8379
20100,8249
20033,8266
20097,8259
20083,8294
19993,8338
20067,8375
20090,8444
20039,8389
20062,8318
20064,8457
20117,8433
20032,8381
20140,8374
20073,8429
20147,8348
20057,8478
20022,8374
20080,8329
20096,8244
20045,8303
20031,8364
20112,8340
20130,8431
20061,8367
20079,8368
20021,8311
20111,8437
20044,8376
20014,8270
20037,8279
20055,8472
20060,8472
20048,8394
20122,8439
20087,8299
19997,8351
20071,8376
20094,8427
20027,8254
20013,8319
20103,8445
20105,8422
20036,8352
20054,8387
20077,8418
20137,8341
20047,8480
20019,8345
20042,8474
20026,8301
20116,8431
20134,8442
20012,8264
20088,8478
20076,8237
20009,8316
20099,8446
20046,8347
20085,8457
20115,8478
20011,8337
20119,8272
20029,8402
20052,8245
20126,8418
20075,8316
19985,8340
20059,8333
20082,8422
20135,8304
20068,8277
20001,8308
20109,8427
20024,8403
20042,8414
20102,8458
20051,8292
20141,8346
20148,8316
20023,8346
20097,8476
20131,8301
20064,8280
20101,8403
20050,8295
20034,8342
20057,8239
20006,8272
20084,8378
20015,8418
20017,8391
20107,8261
20024,8463
20114,8433
19989,8297
20049,8374
20056,8288
20074,8451
20146,8414
20095,8449
20005,8297
20097,8408
20055,8297
20129,8431
20154,8458
20022,8461
20080,8452
20027,8463
20156,8425
20031,8273
20089,8250
20038,8333
20077,8467
20047,8305
20121,8439
20139,8432
20072,8365
20111,8318
20021,8444
20044,8243
20030,8298
20104,8424
20053,8395
20127,8286
20152,8436
20043,8314
20133,8436
20103,8310
20013,8436
20052,8452
20036,8235
20063,8324
20086,8239
20144,8444
20019,8290
20093,8247
20132,8451
20116,8306
20026,8432
20028,8428
20102,8261
20104,8484
20035,8290
20143,8333
20125,8444
20076,8352
20007,8440
20099,8299
20009,8425
20018,8297
20108,8427
20041,8408
20115,8363
20135,8421
19994,8305
20068,8408
20091,8361
20001,8321
20024,8286
20010,8273
20118,8342
20100,8403
20051,8433
20074,8242
20023,8303
20081,8236
20016,8391
20039,8303
20131,8342
20041,8468
20113,8425
20062,8468
20064,8403
20117,8279
20022,8284
20096,8414
20045,8405
20066,8378
19976,8334
20015,8311
20123,8414
19998,8292
20056,8427
20095,8330
20005,8350
19991,8287
20014,8356
20106,8333
20016,8451
20090,8470
20037,8461
20129,8292
20055,8418
20078,8257
19988,8361
20136,8402
20048,8308
20138,8442
20087,8461
20020,8442
20096,8474
20027,8344
20105,8284
20054,8233
20128,8363
19987,8288
20121,8316
20047,8442
20070,8361
20072,8472
19980,8321
20093,8456
20003,8288
20012,8434
20030,8337
20088,8312
20053,8272
20127,8387
19986,8299
20060,8422
20099,8472
20046,8241
20120,8371
20002,8363
20110,8376
20133,8313
20043,8439
20029,8248
20119,8378
20052,8335
20008,8429
20063,8457
20068,8463
20109,8273
20042,8244
20132,8374
20028,8295
20102,8368
20125,8305
20035,8431
20143,8470
20058,8340
20007,8301
20085,8419
20018,8348
20092,8315
20041,8261
20025,8374
20034,8252
20124,8382
20142,8389
19983,8309
20006,8382
20098,8375
20082,8464
20135,8478
20107,8367
20040,8346
20130,8452
20010,8388
20100,8262
20033,8301
20097,8294
20083,8333
19993,8373
20067,8346
20016,8306
20090,8409
20000,8385
20113,8294
20039,8416
20062,8323
20117,8412
20140,8403
20073,8432
19981,8359
20147,8323
20057,8449
20022,8363
20080,8302
20045,8266
19992,8298
20066,8241
20031,8331
20105,8461
20038,8235
20112,8361
20130,8392
20079,8351
20111,8336
20095,8255
20044,8341
20065,8440
20037,8306
20048,8431
20122,8336
20087,8326
20032,8478
20071,8343
20020,8269
20094,8396
20043,8484
20103,8344
20105,8393
20054,8356
20077,8445
20151,8332
20063,8254
20137,8376
19996,8293
20019,8380
20026,8278
20116,8404
20134,8415
20012,8293
20030,8476
20088,8451
20035,8476
20099,8325
20046,8380
19995,8276
20069,8421
20110,8455
20115,8453
20011,8372
20029,8397
20119,8271
20126,8327
20075,8339
20059,8352
20008,8280
20082,8387
19994,8343
20017,8478
20001,8303
20109,8390
20042,8379
20118,8316
20051,8267
20141,8373
19984,8304
20023,8369
20131,8304
20101,8446
20050,8320
20140,8450
20034,8371
20057,8402
20084,8359
20015,8393
20107,8280
20017,8410
20114,8330
20123,8312
19998,8322
20005,8308
20097,8435
20106,8291
20090,8300
20055,8260
20129,8386
20078,8479
20032,8237
20022,8486
20080,8473
20031,8252
20015,8461
20038,8358
20061,8415
20079,8480
20139,8343
20049,8469
20070,8471
20072,8370
20111,8293
20021,8423
20065,8309
20030,8271
20104,8397
20127,8293
20129,8462
19986,8337
20150,8462
20071,8456
20110,8278
20094,8315
20043,8273
20133,8415
20013,8335
20036,8240
20151,8449
20063,8355
20086,8384
20144,8401
20116,8287
20026,8413
20028,8393
20102,8286
20104,8457
20125,8471
20143,8424
20076,8381
20009,8332
20046,8459
20069,8298
20018,8258
20108,8384
20115,8334
20098,8285
20082,8310
20135,8384
20107,8457
20091,8332
20024,8259
20010,8314
20118,8331
20100,8440
20051,8404
20074,8415
20148,8428
19993,8275
20016,8412
20131,8445
20064,8392
20057,8287
20022,8305
20096,8435
20066,8343
19976,8339
20015,8274
20049,8390
20123,8437
20146,8366
20095,8337
20014,8329
20106,8342
20016,8472
20037,8488
20129,8287
20055,8409
20078,8362
19988,8342
20136,8439
20087,8488
20020,8423
19990,8289
20089,8362
20128,8320
20038,8477
20061,8276
20121,8295
20047,8417
20070,8322
19980,8350
20026,8492
20065,8450
20012,8463
20104,8312
20088,8285
20030,8442
20053,8379
20127,8430
20150,8325
20161,8426
20002,8324
20110,8413
20043,8394
20119,8337
20013,8452
20063,8468
20068,8468
20086,8287
19978,8316
20093,8359
20132,8339
20028,8284
20102,8405
20051,8485
20125,8300
20035,8434
20058,8369
20007,8264
20120,8468
19977,8333
20108,8315
20092,8272
20018,8441
20041,8360
20025,8345
20142,8366
20006,8339
20098,8400
20068,8360
20107,8322
19989,8362
20100,8291
20118,8454
20033,8320
20123,8450
20074,8258
20081,8380
20083,8368
20067,8289
20157,8447
20016,8279
20090,8386
20000,8358
20113,8313
20039,8447
20062,8356
20117,8391
20140,8424
19981,8322
20147,8358
20057,8484
20022,8396
20080,8259
20096,8270
20045,8357
20066,8234
20031,8342
20105,8464
20130,8357
20079,8314
20153,8444
20056,8347
20021,8253
20111,8383
20065,8403
20037,8349
20078,8241
20138,8330
20122,8381
20087,8381
20032,8499
20071,8306
20145,8436
20020,8298
20094,8401
20004,8377
20103,8375
20105,8364
20031,8490
20054,8345
20112,8458
20151,8363
20070,8249
20019,8355
20134,8368
20012,8322
20088,8424
20035,8483
20060,8342
20099,8360
20046,8353
20069,8384
20018,8488
20092,8487
20029,8360
20052,8447
20126,8360
20075,8374
20059,8263
20008,8317
20082,8412
19994,8368
20109,8353
20042,8324
20010,8464
20118,8273
20023,8364
20085,8339
20092,8427
20101,8345
20050,8349
20034,8364
19999,8276
20057,8437
20084,8268
20017,8381
20107,8255
20040,8426
20114,8359
19998,8359
20005,8287
20097,8342
20023,8464
20083,8253
20067,8426
20106,8268
20090,8265
20078,8448
19988,8296
20032,8386
20073,8320
20080,8446
19992,8346
20038,8379
20061,8442
20079,8463
20139,8362
20049,8488
20072,8279
20021,8322
20044,8421
20065,8296
20030,8272
20104,8402
20053,8465
19986,8362
20087,8246
20071,8423
20110,8315
20094,8284
20013,8362
20036,8413
20054,8468
20059,8468
20077,8333
20063,8270
20137,8392
20086,8421
19996,8341
20026,8390
20028,8486
20102,8307
20143,8407
20076,8282
20166,8412
20009,8343
20046,8492
20069,8309
20018,8287
20108,8413
20011,8388
20126,8471
20059,8400
20098,8310
20082,8275
20135,8415
20084,8467
20091,8419
20024,8360
20100,8453
20118,8428
20051,8251
20141,8389
20074,8440
19984,8320
19993,8310
20131,8384
20064,8237
20101,8462
20057,8258
20022,8298
20096,8424
20045,8459
20066,8432
20084,8407
20015,8377
20049,8409
20123,8424
20056,8245
20146,8331
20095,8444
20005,8388
20106,8435
20037,8499
20055,8244
20129,8370
20078,8335
20032,8285
19997,8315
20073,8461
20020,8460
20094,8463
19990,8282
20089,8333
20061,8271
20121,8330
20070,8423
20072,8386
20003,8362
20021,8471
20026,8457
20104,8285
20088,8258
20030,8415
20053,8358
20127,8437
20076,8457
20060,8248
20069,8486
20110,8390
20133,8367
20119,8332
20013,8479
20036,8256
20128,8481
20086,8304
20144,8353
20093,8322
20028,8377
20102,8430
20051,8456
20125,8327
20058,8410
20076,8397
20007,8359
19977,8336
20108,8272
20092,8269
20018,8402
20041,8371
20025,8316
20115,8446
20101,8255
20142,8339
20098,8397
20068,8373
20107,8345
20091,8316
20024,8243
19989,8341
20100,8328
20033,8379
20074,8303
19982,8300
20148,8348
20058,8478
20097,8252
20081,8343
20083,8407
20067,8260
20016,8364
20090,8367
20106,8482
20000,8347
20113,8348
20062,8393
20064,8376
20117,8354
20073,8254
19981,8349
20096,8291
20080,8280
20022,8417
20045,8320
20130,8350
20040,8448
20061,8448
20079,8289
20153,8423
20049,8278
20056,8320
20095,8289
20065,8374
20083,8467
19991,8362
20014,8441
20037,8376
20136,8327
20138,8343
20122,8358
20032,8488
20087,8408
20071,8265
20145,8399
20020,8343
20094,8378
20004,8326
20043,8478
20027,8431
20105,8375
20031,8497
20089,8474
20054,8306
20128,8432
20077,8243
20047,8337
20086,8451
20111,8478
20116,8478
20134,8341
20155,8432
20012,8351
20088,8397
20053,8235
20060,8371
20046,8266
20120,8392
19995,8302
20069,8363
20018,8453
20092,8476
20029,8323
20103,8470
20052,8420
20075,8397
20059,8314
20149,8436
20008,8322
20082,8377
20098,8476
20109,8380
20042,8289
20132,8419
20118,8266
20035,8322
20085,8382
20159,8429
20092,8384
20041,8248
20101,8356
20050,8374
20034,8265
20124,8395
19999,8307
20057,8344
20075,8457
19983,8320
20084,8297
20017,8336
20040,8399
20033,8240
20097,8329
20023,8463
20081,8460
20067,8433
20090,8242
20039,8335
20062,8244
20032,8423
20073,8363
20147,8406
20080,8403
20045,8245
20031,8422
20089,8299
20038,8284
20112,8414
20061,8341
20079,8426
20072,8316
20162,8418
20056,8459
20021,8365
20044,8386
20065,8259
20037,8237
20048,8340
20087,8237
20071,8386
20133,8453
20027,8312
20013,8261
20103,8391
20036,8442
20054,8457
20059,8459
20077,8360
20063,8277
20137,8403
20047,8474
20086,8350
19996,8370
20019,8403
20093,8296
20116,8353
20134,8448
20028,8451
20076,8311
20009,8378
20099,8248
20120,8275
20046,8401
20069,8272
20029,8472
20034,8472
20052,8303
20075,8262
20149,8313
20059,8439
20082,8236
20068,8303
20158,8425
20091,8390
20024,8333
20100,8482
20118,8385
20141,8416
20074,8325
19984,8357
20023,8412
20081,8317
20050,8237
20124,8286
20034,8412
20057,8293
20066,8429
20084,8444
20015,8356
20091,8450
20040,8314
20049,8444
19975,8332
20056,8282
20146,8420
20164,8411
20095,8411
20106,8412
20129,8341
20039,8448
20078,8432
20032,8306
20073,8464
20020,8489
20094,8464
20066,8465
20031,8299
20089,8432
20038,8395
20112,8265
20061,8298
20047,8235
20121,8365
20070,8440
20072,8423
20003,8369
20044,8309
20104,8354
20014,8467
20053,8321
20076,8486
20060,8277
20048,8463
20069,8449
20110,8427
20133,8330
20036,8301
20128,8454
20149,8458
20063,8414
19978,8354
20144,8326
20019,8284
20093,8445
20026,8374
20028,8342
20035,8252
20125,8354
20058,8391
20076,8426
20007,8322
20085,8276
20108,8365
20041,8342
20131,8468
20025,8295
20115,8421
20011,8276
20098,8422
20135,8367
20068,8338
20091,8275
20100,8341
20033,8414
20051,8363
19982,8337
20023,8273
20081,8426
20083,8442
20067,8235
20016,8321
20090,8328
20106,8463
20000,8304
20039,8241
20113,8375
20062,8402
20064,8349
20117,8333
20073,8257
20096,8344
20080,8253
20045,8347
20066,8288
20130,8315
20079,8268
20049,8297
20123,8344
20033,8474
20056,8357
20095,8268
20044,8484
20065,8361
19991,8321
20014,8418
20037,8387
20055,8356
20078,8319
20136,8364
20048,8254
20138,8368
20087,8439
20145,8354
20020,8380
20094,8351
20004,8291
20027,8386
20105,8346
20031,8476
20036,8476
20054,8279
20128,8405
20077,8270
19987,8346
20047,8380
20086,8484
20070,8311
20111,8453
20134,8302
20012,8372
20030,8367
20088,8370
20127,8325
20060,8360
20046,8303
20120,8429
19995,8325
20069,8374
19979,8338
20018,8478
20043,8369
20011,8453
20029,8318
20119,8444
20052,8385
20126,8278
20075,8416
20149,8351
20008,8359
20082,8338
20109,8343
20042,8266
20132,8392
20141,8454
20035,8361
20058,8266
20067,8472
20085,8409
20018,8354
20092,8381
20115,8302
20025,8428
20101,8271
20050,8403
20034,8290
20124,8416
20142,8451
19999,8350
20057,8323
20147,8449
20006,8388
20135,8480
20017,8299
20107,8425
20040,8404
20114,8285
20010,8346
20097,8364
20023,8490
20083,8263
20067,8404
20016,8252
20039,8362
20062,8281
20064,8488
20117,8466
20032,8348
20140,8341
20050,8471
20122,8466
20073,8398
20147,8445
20022,8337
20080,8360
19992,8356
20031,8397
20089,8270
20038,8305
20112,8435
20061,8368
20079,8401
20021,8264
20111,8394
20044,8415
20014,8297
20037,8264
20136,8471
20048,8361
20122,8406
20087,8264
20071,8409
20027,8287
20013,8288
20103,8418
20036,8327
20128,8288
20054,8418
20077,8387
20151,8438
20063,8304
20137,8438
20047,8449
20086,8371
19996,8367
20019,8438
20093,8259
20116,8334
20134,8421
20127,8462
20009,8285
20099,8415
20120,8312
20046,8442
20069,8251
20108,8471
20002,8292
20011,8446
20119,8305
20029,8435
20034,8501
20052,8276
20126,8413
20075,8285
20059,8426
20084,8485
20068,8308
20158,8434
20017,8484
20109,8460
20024,8434
20132,8307
20042,8433
20114,8460
20141,8443
20074,8366
20023,8443
20081,8272
20064,8295
20154,8425
20050,8262
20124,8315
20034,8441
20006,8307
20066,8390
20084,8345
20015,8323
20107,8290
20017,8416
20040,8287
20114,8400
20049,8343
20139,8469
20056,8319
20164,8416
20095,8486
20129,8328
20039,8479
20078,8405
20080,8483
20027,8492
19990,8336
20066,8458
20031,8310
20089,8411
20112,8302
20038,8428
20047,8278
20121,8400
20139,8401
20070,8413
20072,8332
20146,8453
20003,8340
20111,8287
20021,8413
20044,8274
20104,8327
20053,8428
20060,8306
20150,8436
20009,8462
20048,8484
20133,8341
20103,8279
20013,8405
20052,8475
20063,8421
20121,8460
19978,8335
20144,8347
20019,8259
20093,8408
20132,8482
20026,8339
20028,8435
20035,8259
20143,8354
20125,8413
20058,8416
20076,8327
20007,8345
20009,8394
20099,8264
20085,8319
20108,8330
20041,8441
20025,8266
20115,8392
20011,8299
20119,8458
20124,8458
20135,8330
20068,8447
20091,8374
20001,8354
20024,8317
20100,8370
20118,8369
20033,8433
20051,8334
20141,8304
20148,8358
20058,8484
20023,8268
20081,8397
20083,8417
20016,8422
20000,8277
20039,8268
20113,8394
20131,8375
20062,8439
20064,8434
20117,8296
20073,8292
20022,8255
20096,8381
20045,8438
20066,8285
20079,8235
20123,8383
20056,8394
20146,8308
20095,8363
20005,8383
20044,8449
20065,8332
19991,8316
20014,8391
20106,8364
20016,8482
20037,8430
20055,8323
20113,8470
20078,8288
20136,8369
20048,8275
20138,8413
20122,8300
20087,8466
20145,8325
20020,8409
20004,8264
20027,8377
20105,8317
20054,8264
20128,8394
20077,8297
19987,8321
20121,8285
20047,8411
20070,8264
19980,8352
20019,8464
20111,8480
20012,8401
20030,8368
20088,8343
20053,8305
20127,8352
20060,8389
20120,8338
20138,8465
19995,8376
20069,8337
20002,8394
20110,8347
20025,8475
20043,8340
20011,8472
20029,8281
20119,8411
20052,8366
20126,8315
20059,8244
20008,8396
20144,8470
20109,8306
20042,8279
20132,8405
20102,8339
20035,8396
20125,8274
20058,8311
20085,8388
20018,8383
20092,8346
20041,8294
20115,8277
20025,8407
20101,8298
20050,8428
20124,8349
20142,8420
19999,8357
20057,8358
20098,8342
20008,8456
20084,8243
20017,8270
20107,8396
20040,8377
20114,8310
20010,8359
20033,8270
20097,8263
20083,8298
19993,8342
20067,8379
20090,8440
20039,8385
20113,8263
20062,8290
20064,8461
20117,8445
20032,8369
20140,8370
20073,8401
20147,8416
20022,8330
20080,8333
20045,8299
20031,8360
20112,8328
20130,8427
20061,8363
20079,8380
20021,8307
20111,8433
20044,8372
20014,8274
20037,8275
20055,8468
20060,8468
20048,8398
20122,8435
20087,8295
19997,8347
20071,8372
20094,8431
20027,8242
20013,8315
20103,8441
20105,8426
20036,8364
20054,8391
20077,8414
20151,8429
20137,8345
20019,8349
20042,8454
20026,8297
20116,8427
20134,8446
20012,8260
20088,8482
20127,8469
20076,8233
20009,8288
20099,8418
20046,8351
20085,8469
20115,8482
20011,8341
20119,8300
20029,8430
20034,8494
20052,8241
20126,8422
20075,8304
19985,8328
20059,8321
20082,8418
20135,8300
20068,8273
20109,8423
20024,8407
20042,8410
20102,8462
20051,8296
20141,8342
20148,8312
20023,8342
20097,8464
20064,8284
20101,8415
20050,8291
20034,8338
20057,8243
20006,8276
20084,8326
20015,8430
20107,8313
20017,8443
20024,8467
20114,8429
19989,8309
20049,8362
20123,8281
20056,8292
20074,8463
20146,8410
20095,8461
20097,8412
20055,8293
20129,8419
20136,8299
19981,8317
20022,8449
20027,8451
20156,8421
20031,8285
20089,8254
20015,8482
20038,8321
20077,8463
20047,8317
20121,8443
20139,8436
20072,8337
20111,8314
20021,8440
20044,8239
20030,8302
20104,8428
20053,8407
20127,8282
20060,8303
20150,8425
20152,8440
20009,8465
20043,8318
20133,8432
20103,8306
20013,8432
20052,8448
20063,8320
20144,8432
20019,8294
20093,8243
20132,8463
20116,8318
20026,8444
20028,8424
20035,8294
20143,8329
20125,8440
20076,8348
20099,8303
20009,8429
20018,8293
20108,8423
20041,8412
20115,8367
20124,8487
20098,8252
20135,8417
19994,8317
20068,8388
20091,8365
20001,8325
20024,8290
20010,8285
20118,8362
20100,8415
20051,8437
20074,8254
20023,8299
20016,8443
20039,8299
20131,8346
20041,8472
20113,8429
20062,8472
20064,8407
20117,8275
20022,8272
20096,8402
20045,8401
20066,8374
20015,8307
20049,8231
20123,8402
19998,8296
20056,8431
20095,8374
20005,8346
20044,8478
19991,8283
20014,8360
20106,8329
20016,8455
20090,8466
20037,8457
20129,8312
20055,8446
20078,8261
19988,8373
20136,8406
20048,8296
20138,8422
20087,8457
20145,8344
20020,8390
20004,8277
20096,8478
20027,8348
20105,8256
20054,8237
20128,8367
19987,8292
20047,8390
20070,8365
20072,8476
20093,8452
20003,8292
20065,8483
20012,8430
20030,8341
20088,8316
20053,8284
20127,8399
20060,8418
20152,8451
20099,8476
20046,8245
20120,8375
20002,8359
20110,8380
20043,8427
20029,8244
20119,8374
20052,8331
20059,8235
20149,8357
20008,8401
20068,8459
20109,8269
20042,8240
20132,8370
20028,8291
20102,8372
20035,8403
20143,8466
20058,8336
20148,8466
20007,8297
20085,8431
20018,8344
20092,8311
20041,8265
20025,8378
20101,8309
20034,8248
20124,8378
20142,8393
19999,8384
19983,8305
20006,8370
20098,8371
20082,8460
20135,8474
20107,8355
20040,8350
20130,8448
20010,8384
20100,8258
20118,8481
20033,8289
20097,8314
20083,8337
19993,8377
20067,8350
20016,8310
20090,8421
20000,8389
20113,8282
20039,8412
20062,8327
20117,8408
20140,8399
20073,8436
19981,8355
20147,8327
20057,8453
20022,8367
20080,8290
20045,8262
19992,8302
20031,8375
20038,8239
20112,8365
20130,8388
20079,8347
20111,8348
20095,8251
20044,8337
20065,8444
20037,8318
20138,8301
20048,8419
20122,8348
20087,8322
20032,8466
19997,8374
20071,8339
20020,8265
20094,8432
20103,8340
20105,8397
20054,8376
20077,8441
20151,8328
20063,8250
20137,8380
19996,8289
20019,8320
20026,8274
20116,8400
20134,8403
20012,8289
20030,8448
20088,8455
20035,8448
20099,8329
20046,8320
20069,8417
20110,8459
20115,8457
20011,8360
20029,8393
20119,8267
20126,8331
20075,8343
19985,8355
20059,8356
20008,8284
20082,8447
19994,8339
20017,8466
20001,8291
20109,8386
20042,8359
20118,8304
20102,8483
20051,8271
20141,8369
19984,8308
20023,8333
20097,8459
20131,8308
20101,8442
20050,8316
20034,8335
20057,8406
20084,8355
20015,8405
20107,8284
20017,8414
20114,8326
20123,8316
19998,8326
20074,8488
20005,8304
20097,8439
20106,8303
20090,8296
20055,8256
20129,8390
20078,8483
20136,8304
20080,8477
20031,8248
20015,8457
20038,8346
20061,8411
20139,8331
20049,8457
20070,8459
20072,8374
20111,8289
20021,8419
20030,8307
20104,8433
20127,8289
20129,8450
19986,8333
20150,8450
20071,8452
20110,8282
20094,8319
20043,8277
20133,8411
20013,8331
20036,8252
20063,8367
20086,8388
20144,8405
20132,8468
20116,8283
20026,8409
20028,8389
20102,8274
20104,8461
20125,8467
20143,8436
20076,8377
20099,8306
20009,8432
20046,8463
20018,8318
20108,8444
20115,8338
20098,8281
20082,8306
20135,8444
19994,8294
20107,8461
20091,8320
20024,8263
20010,8294
20118,8335
20100,8420
20051,8408
20074,8411
20148,8424
20081,8251
19993,8279
20016,8400
20131,8417
20064,8396
20140,8305
20022,8309
20096,8439
20045,8492
20066,8339
20015,8286
20049,8250
20123,8393
20146,8362
20095,8349
20014,8333
20106,8338
20016,8476
20037,8468
20055,8405
20078,8366
19988,8338
20136,8443
20087,8484
19997,8284
20020,8419
19990,8293
20089,8366
20128,8324
20038,8465
20061,8272
20121,8299
20047,8429
20070,8326
20072,8481
19980,8346
20003,8267
20026,8488
20065,8454
20012,8459
20104,8316
20088,8289
20030,8446
20053,8263
20127,8426
20150,8345
20099,8483
20161,8430
20002,8320
20110,8353
20043,8398
20029,8239
20119,8365
20013,8448
20008,8438
20063,8464
20068,8464
20086,8275
19978,8312
20093,8355
20132,8351
20028,8280
20102,8393
20125,8296
20035,8438
20058,8381
20007,8260
20120,8472
20108,8311
20092,8300
20018,8437
20041,8364
20025,8349
20142,8370
20006,8343
20098,8364
20107,8326
19989,8374
20100,8303
20010,8429
20118,8474
20033,8324
20123,8454
20074,8270
20081,8368
20083,8372
20067,8293
20157,8443
20016,8267
20090,8398
20000,8378
20113,8317
20039,8443
20062,8360
20117,8387
20140,8420
20147,8362
20057,8488
20022,8384
20080,8263
20096,8258
20045,8353
20031,8338
20105,8468
20130,8353
20079,8326
20056,8351
20021,8249
20111,8379
20065,8407
20037,8345
20078,8245
20048,8440
20122,8377
20087,8377
20032,8503
20071,8302
20145,8424
20020,8310
20094,8405
20004,8357
20103,8371
20105,8400
20054,8349
20112,8462
20151,8359
20070,8253
20019,8359
20134,8372
20012,8318
20088,8428
20035,8487
20060,8338
20099,8364
20046,8357
20069,8396
20018,8484
20092,8483
20029,8356
20052,8443
20126,8364
20075,8362
20059,8283
20008,8289
20082,8408
20137,8451
20109,8413
20042,8320
20010,8476
20118,8277
20023,8360
20085,8351
20092,8423
20101,8325
20050,8345
20140,8475
20034,8360
19999,8272
20057,8441
20084,8264
20017,8369
20040,8430
20114,8355
19998,8363
20005,8283
20097,8426
20067,8430
20106,8264
20090,8277
20078,8452
19988,8308
20032,8390
20073,8324
20080,8434
19992,8350
20038,8383
20061,8438
20079,8459
20139,8366
20072,8283
19980,8316
20021,8334
20044,8417
20065,8300
20030,8276
20104,8406
20053,8477
19986,8358
20087,8242
20071,8419
20110,8319
20094,8256
20013,8358
20036,8409
20054,8488
20077,8329
20063,8266
20137,8396
20086,8441
19996,8337
20026,8386
20028,8482
20102,8311
20104,8466
20125,8462
20143,8403
20076,8278
20009,8347
20069,8305
20018,8283
20108,8409
20126,8475
20059,8404
20098,8306
20082,8271
20135,8411
20084,8479
20091,8423
20024,8364
20100,8449
20118,8416
20051,8255
20141,8385
20074,8420
19984,8324
20023,8253
19993,8314
20131,8388
20101,8458
20057,8262
20022,8302
20096,8428
20045,8455
20066,8332
20084,8403
20015,8261
20091,8483
20049,8413
20123,8428
20056,8249
20146,8327
20095,8440
20005,8384
20106,8447
20055,8240
20129,8374
20078,8339
20032,8273
19997,8311
20020,8456
20096,8488
19990,8286
20089,8337
20038,8490
20061,8267
20121,8334
20070,8347
20072,8390
20003,8366
20021,8467
20026,8469
20012,8480
20030,8387
20088,8262
20104,8257
20053,8354
20127,8433
20076,8453
20060,8244
20069,8482
20145,8466
20110,8394
20133,8363
20119,8328
20013,8475
20036,8268
20128,8485
19985,8300
20086,8308
20144,8357
20093,8350
20028,8373
20102,8418
20051,8460
20125,8323
20058,8358
20076,8393
20007,8355
20085,8245
19977,8340
20018,8398
20092,8265
20108,8268
20041,8375
20025,8320
20142,8343
20098,8393
20068,8369
20107,8349
20091,8304
20024,8247
19989,8337
20100,8308
20010,8438
20033,8383
20074,8299
19982,8304
20148,8344
20058,8474
20081,8331
20083,8411
20067,8264
20016,8352
20090,8363
20000,8351
20113,8336
20062,8397
20064,8380
20117,8366
19981,8345
20096,8295
20080,8284
20022,8421
20045,8380
20130,8346
20040,8452
20061,8476
20079,8301
20153,8427
20049,8266
20056,8324
20111,8358
20095,8301
20065,8394
20083,8471
19991,8358
20014,8445
20037,8356
20136,8331
20138,8339
20122,8354
20032,8492
20087,8404
20071,8261
20145,8387
20020,8339
20094,8382
20004,8322
20043,8466
20027,8419
20105,8379
20089,8478
20054,8310
20128,8436
20112,8483
20077,8239
20047,8349
20086,8455
20111,8474
20116,8474
20134,8329
20155,8436
20012,8347
20088,8401
20053,8247
20060,8335
20099,8371
20046,8270
20120,8396
19995,8290
20069,8407
20018,8449
20092,8472
20029,8351
20103,8466
20052,8416
20126,8369
20075,8385
20059,8318
20149,8432
20008,8326
20082,8373
20098,8472
20109,8376
20042,8301
20132,8431
20118,8270
20035,8326
20058,8237
20085,8378
20159,8425
20092,8412
20041,8252
20101,8352
20050,8370
20034,8261
20124,8391
19999,8319
20057,8348
20075,8461
19983,8332
20084,8309
20017,8340
20040,8435
20114,8380
20033,8244
20097,8333
20023,8459
20081,8448
20067,8437
20106,8277
20090,8254
20039,8331
20062,8248
20032,8443
20073,8367
20147,8410
20080,8407
20045,8241
19992,8323
20031,8418
20089,8303
20038,8272
20112,8402
20061,8337
20079,8438
20072,8288
20056,8463
20021,8361
20044,8446
20065,8263
20048,8328
20145,8312
20071,8446
20110,8288
20133,8449
20027,8316
20013,8257
20103,8387
20036,8422
20054,8461
20059,8463
20077,8356
20063,8273
20137,8407
20086,8338
19996,8334
20019,8407
20093,8292
20116,8365
20134,8452
20028,8479
20076,8307
20009,8382
20099,8252
20120,8279
20046,8405
20069,8284
20011,8415
20029,8468
20034,8468
20052,8299
20075,8250
20059,8395
20098,8303
20084,8452
20068,8299
20158,8429
20160,8412
20091,8410
20024,8337
20118,8389
20141,8412
20074,8321
19984,8345
20023,8408
20081,8305
20154,8328
20101,8469
20050,8233
20124,8282
20034,8408
20057,8297
20066,8425
20084,8440
20015,8352
20091,8454
20040,8318
20049,8432
20056,8286
20146,8416
20095,8391
20106,8408
20055,8239
20129,8361
20078,8436
20032,8310
20073,8468
20094,8468
19990,8371
20089,8436
20112,8269
20038,8399
20061,8294
20047,8247
20121,8369
20070,8444
20072,8427
20003,8373
20044,8305
20104,8358
20014,8471
20053,8333
20076,8482
20060,8273
20048,8451
20069,8461
20110,8431
20043,8248
20133,8374
20036,8297
20128,8474
20063,8410
20086,8297
20144,8378
20093,8441
20026,8370
20028,8338
20125,8382
20058,8387
20076,8422
20007,8382
20120,8482
20085,8272
20108,8361
20041,8346
20131,8472
20025,8299
20115,8425
20011,8264
20098,8418
20135,8363
20068,8350
20091,8279
20100,8337
20033,8402
20051,8367
20074,8308
19982,8341
20148,8325
20058,8455
20081,8430
20083,8446
20067,8239
20016,8325
20090,8340
20106,8459
20000,8308
20039,8237
20113,8363
20062,8406
20064,8337
20117,8329
20073,8261
20147,8308
20096,8348
20080,8241
20045,8343
20066,8316
20130,8311
20079,8264
20049,8301
20123,8348
20033,8478
20056,8361
20095,8264
20044,8480
20065,8365
19991,8349
20014,8422
20037,8399
20055,8352
20136,8336
20048,8242
20138,8380
20122,8271
20087,8435
20145,8358
20020,8376
20094,8323
20004,8303
20027,8390
20105,8350
20031,8472
20089,8449
20036,8472
20054,8299
20128,8425
20077,8266
19987,8350
20047,8376
20070,8299
20111,8449
20116,8455
20155,8427
20012,8368
20088,8374
20127,8321
20060,8356
20046,8307
20120,8433
19995,8345
20069,8370
19979,8342
20018,8474
20168,8413
20043,8373
20029,8314
20119,8440
20052,8397
20126,8282
20075,8420
20149,8347
20008,8363
20082,8334
20109,8339
20042,8310
20132,8436
20141,8450
20035,8365
20058,8278
20067,8476
20085,8357
20159,8436
20092,8377
20115,8306
20025,8432
20101,8267
20050,8399
20034,8318
20124,8444
20142,8455
19999,8346
20057,8327
20075,8480
19983,8363
20147,8453
20006,8440
20017,8303
20107,8429
20040,8408
20114,8281
20010,8326
20033,8239
20097,8352
20023,8486
20081,8475
20083,8267
20067,8408
20039,8358
20062,8285
20117,8478
20032,8336
20140,8337
20050,8467
20122,8478
20073,8370
20022,8341
20080,8364
19992,8360
20031,8393
20089,8274
20038,8309
20112,8439
20061,8332
20079,8413
20021,8276
20111,8406
20044,8411
20065,8250
20014,8301
20037,8244
20136,8475
20048,8365
20122,8402
20087,8260
20071,8405
20027,8275
20013,8284
20103,8414
20036,8323
20128,8292
20054,8422
20059,8482
20077,8383
20151,8434
20063,8316
20137,8442
20047,8461
20086,8375
19996,8363
20019,8442
20093,8287
20116,8330
20134,8473
20127,8458
20009,8257
20099,8387
20120,8316
20046,8446
20108,8467
20002,8288
20011,8434
20029,8463
20034,8497
20052,8272
20126,8385
20075,8273
20059,8430
20084,8481
20068,8304
20158,8438
20160,8433
20109,8456
20024,8438
20132,8319
20042,8445
20114,8456
20141,8439
20074,8362
20023,8439
20081,8276
20064,8315
20154,8437
20050,8258
20124,8311
20034,8437
20006,8311
20066,8386
20084,8421
20015,8335
20107,8294
20017,8420
20040,8259
20114,8396
20049,8331
20139,8457
20056,8259
20146,8445
20164,8428
20095,8482
20129,8332
20039,8475
20078,8409
20032,8299
20080,8487
20027,8480
19990,8340
20066,8454
20031,8306
20089,8415
20112,8290
20038,8416
20047,8274
20121,8404
20139,8405
20070,8401
20072,8432
20146,8449
20003,8344
20111,8283
20021,8409
20044,8270
20104,8331
20053,8424
20060,8270
20048,8472
20133,8337
20103,8275
20013,8401
20052,8487
20036,8310
20063,8417
20121,8464
19978,8331
20144,8351
20019,8263
20093,8404
20026,8351
20028,8335
20035,8263
20143,8366
20125,8409
20058,8428
20076,8323
20007,8341
20009,8398
20099,8268
20085,8315
20108,8326
20041,8445
20025,8270
20115,8396
20011,8303
20119,8454
20124,8454
20135,8326
19994,8284
20068,8443
20091,8266
20001,8358
20100,8382
20118,8373
20033,8437
20051,8338
20148,8354
20058,8480
20023,8264
20081,8385
20083,8421
20067,8242
20016,8346
20106,8468
20000,8297
20039,8264
20131,8379
20113,8398
20062,8443
20064,8438
20117,8308
20073,8296
20163,8426
20022,8243
20096,8369
20045,8434
20066,8281
20079,8247
20123,8371
20033,8497
20056,8398
20095,8279
20005,8379
20065,8320
20083,8481
19991,8312
20155,8450
20014,8395
20106,8360
20037,8426
20055,8351
20113,8458
20078,8292
20136,8373
20048,8279
20138,8409
20122,8296
20087,8430
20071,8255
20145,8377
20020,8357
20004,8308
20027,8381
20105,8289
20036,8485
20054,8268
20128,8398
20077,8293
19987,8325
20047,8359
20070,8268
20019,8468
20093,8485
20012,8397
20030,8372
20088,8347
20053,8317
20127,8364
20060,8385
20120,8342
20138,8477
20069,8349
20002,8390
20110,8351
20025,8479
20043,8328
20011,8476
20029,8277
20119,8407
20052,8362
20126,8319
20075,8443
20149,8326
20008,8368
20144,8458
20109,8302
20042,8275
20132,8401
20102,8343
20035,8368
20058,8307
20085,8384
20018,8379
20092,8342
20041,8298
20115,8281
20025,8411
20101,8278
20050,8424
20124,8345
20142,8424
19999,8353
20057,8362
20098,8338
20008,8460
20084,8255
20017,8258
20107,8384
20040,8381
20130,8483
20114,8306
20010,8355
20033,8258
20097,8283
20083,8302
19993,8346
20067,8383
20039,8381
20062,8294
20064,8449
20117,8441
19974,8338
20032,8373
20140,8366
20073,8405
20147,8420
20022,8334
20080,8321
20045,8295
20031,8404
20112,8332
20130,8423
20061,8359
20079,8376
20139,8319
20072,8234
20021,8319
20111,8445
20044,8368
20014,8278
20037,8287
20055,8464
20060,8464
20048,8386
20122,8447
20087,8291
19997,8343
20071,8368
20027,8246
20013,8311
20103,8437
20105,8430
20036,8360
20128,8281
20054,8411
20077,8410
20151,8425
20137,8349
20047,8488
20086,8360
20144,8313
20019,8417
20042,8450
20026,8309
20116,8439
20134,8434
20012,8256
20030,8483
20088,8486
20127,8465
20009,8292
20099,8422
20120,8289
20046,8419
20085,8465
20002,8285
20115,8486
20011,8329
20119,8296
20029,8426
20034,8490
20052,8253
20126,8426
20075,8308
19985,8332
20059,8325
20068,8285
20109,8419
20024,8411
20042,8390
20114,8485
20102,8450
20051,8300
20141,8338
20074,8375
20023,8338
20097,8468
20064,8272
20101,8411
20050,8287
20124,8300
20034,8430
20057,8247
20006,8264
20084,8322
20015,8426
20107,8317
20017,8447
20024,8471
20114,8425
19989,8305
20049,8366
20123,8285
20056,8296
20074,8459
20146,8406
20095,8457
20097,8400
20055,8289
20129,8423
20078,8386
20136,8303
19981,8313
20022,8453
20027,8455
19990,8329
20156,8417
20031,8281
20089,8386
20038,8325
20077,8459
20061,8252
20047,8313
20121,8447
20139,8424
20072,8341
20021,8388
20044,8235
20104,8336
20053,8403
20129,8483
20060,8299
20150,8429
20152,8444
20071,8485
20043,8306
20133,8444
20103,8302
20013,8428
20052,8460
20063,8332
19978,8340
20144,8436
20019,8298
20093,8399
20132,8459
20116,8314
20026,8440
20028,8420
20035,8298
20143,8341
20125,8436
20076,8344
20099,8275
20009,8401
20085,8294
20018,8289
20108,8419
20041,8384
20025,8241
20115,8371
20124,8483
20098,8248
20135,8349
19994,8313
20068,8384
20091,8353
20001,8345
20024,8294
20010,8281
20118,8366
20100,8411
20033,8424
20051,8441
20074,8250
19982,8355
20023,8295
20016,8447
20000,8270
20039,8295
20131,8350
20041,8476
20113,8417
20062,8476
20064,8427
20117,8287
20073,8307
20163,8433
20022,8276
20096,8406
20045,8397
20066,8370
20015,8319
20123,8406
19998,8300
20056,8435
20095,8370
20005,8326
20044,8474
19991,8279
20014,8364
20106,8373
20090,8478
20037,8437
20129,8316
20055,8442
20078,8265
19988,8369
20136,8410
20048,8300
20138,8418
20087,8453
20145,8348
20020,8386
20004,8273
20096,8466
20027,8336
20105,8260
20128,8355
19987,8296
20047,8386
20070,8353
20072,8448
20093,8448
20003,8296
20065,8487
20012,8426
20030,8345
20088,8320
20053,8280
20127,8395
19986,8291
20150,8312
20060,8446
20152,8455
20099,8448
20046,8249
20120,8379
20002,8355
20110,8320
20025,8450
20043,8431
20029,8240
20119,8370
20052,8343
20059,8239
20149,8353
20109,8265
20042,8252
20132,8382
20028,8319
20102,8360
20035,8407
20058,8348
20007,8293
20085,8427
20018,8340
20092,8307
20041,8269
20025,8382
20101,8305
20034,8244
20124,8374
20142,8397
19983,8317
20006,8374
20098,8335
20082,8456
20135,8470
20107,8359
20091,8250
20040,8322
20130,8476
20010,8396
20100,8270
20118,8485
20033,8293
20097,8318
20083,8341
20067,8322
20016,8298
20090,8417
20113,8286
20039,8408
20062,8331
20117,8420
20032,8362
20140,8395
20122,8484
20073,8440
20147,8331
20057,8457
20022,8355
20080,8294
20045,8258
19992,8306
20031,8371
20112,8353
20130,8384
20079,8359
20111,8344
20044,8333
20065,8432
20014,8251
20037,8314
20055,8463
20060,8461
20048,8423
20122,8344
20087,8350
20032,8470
19997,8370
20071,8335
20020,8277
20094,8436
20004,8388
20103,8336
20105,8433
20036,8373
20054,8380
20077,8437
20151,8324
20137,8352
19996,8317
20019,8324
20026,8286
20116,8412
20134,8407
20012,8285
20030,8452
20088,8459
20035,8452
20099,8333
20046,8324
20069,8429
20110,8463
20115,8461
20011,8364
20029,8389
20126,8335
20075,8331
19985,8359
20059,8376
20082,8443
19994,8351
20017,8470
20001,8295
20109,8446
20024,8384
20042,8355
20118,8308
20102,8487
20051,8275
20141,8365
20023,8329
20097,8463
20131,8312
20101,8422
20050,8312
20034,8331
20057,8410
20084,8367
20015,8401
20107,8272
20017,8402
20114,8322
19989,8284
20123,8304
19998,8330
20074,8468
20095,8468
20005,8316
20097,8395
20106,8299
20090,8308
20055,8284
20129,8410
20078,8487
20136,8308
20080,8465
20015,8469
20038,8350
20077,8486
20061,8407
20079,8488
20047,8292
20139,8335
20049,8461
20121,8418
20070,8463
20072,8378
20003,8386
20111,8301
20021,8431
20030,8311
20104,8437
20127,8301
20129,8454
19986,8329
20150,8454
20152,8417
20071,8448
20110,8286
20094,8291
20043,8265
20133,8391
20013,8327
20036,8248
20063,8363
20086,8408
20144,8393
20132,8464
20116,8295
20026,8421
20028,8385
20102,8278
20035,8305
20125,8431
20143,8432
20076,8373
20007,8399
20099,8310
20009,8436
20046,8467
20018,8314
20108,8440
20115,8342
20098,8277
20082,8302
20135,8440
19994,8290
20068,8237
20107,8449
20091,8324
20024,8267
20010,8290
20118,8323
20100,8416
20051,8412
20074,8391
20148,8436
20081,8255
19993,8283
20016,8404
20131,8421
20062,8481
20064,8384
20140,8301
20022,8265
20096,8395
20045,8488
20066,8367
20015,8282
20049,8254
20123,8397
19998,8305
20146,8358
20095,8345
20014,8337
20106,8350
20016,8464
20037,8464
20055,8401
20078,8370
19988,8350
20136,8447
20087,8480
19997,8280
20020,8431
19990,8313
20089,8370
20128,8344
20038,8469
20121,8303
20047,8425
20070,8378
20072,8485
19980,8342
20003,8271
20065,8474
20012,8455
20104,8288
20088,8293
20030,8418
20053,8259
20127,8406
19986,8316
20150,8349
20099,8487
20120,8352
20161,8418
20002,8348
20110,8357
20043,8386
20119,8361
20008,8442
20063,8476
20068,8476
20086,8279
20093,8383
20132,8347
20028,8276
20102,8397
20125,8292
20035,8442
20143,8453
20058,8377
20120,8476
20108,8307
20092,8296
20018,8433
20041,8272
20025,8353
20142,8374
20006,8331
20098,8360
20017,8248
20107,8378
19989,8370
20100,8299
20010,8425
20118,8478
20033,8344
20123,8474
20074,8266
20081,8372
20083,8376
19993,8352
20067,8297
20157,8439
20016,8271
20090,8394
20000,8382
20113,8305
20039,8439
20062,8364
20117,8399
20140,8416
20147,8366
20022,8388
20080,8315
20096,8262
20045,8285
20031,8350
20105,8472
20130,8381
20040,8483
20079,8322
20111,8327
20065,8427
20037,8325
20078,8249
20138,8306
20048,8444
20122,8325
20087,8373
20032,8459
19997,8365
20071,8298
20145,8428
20020,8306
20094,8409
20004,8353
20103,8367
20105,8404
20054,8337
20112,8450
20151,8355
20070,8241
20019,8363
20134,8360
20012,8314
20088,8432
20035,8491
20099,8336
20046,8361
20085,8487
20069,8392
20018,8480
20029,8352
20126,8336
20075,8366
20059,8287
20008,8293
20082,8404
20137,8455
19994,8376
20001,8282
20109,8409
20042,8332
20118,8297
20023,8356
20097,8482
20085,8347
20092,8419
20101,8321
20050,8341
20140,8471
20034,8356
19999,8284
20057,8445
20084,8276
20017,8373
20114,8351
19998,8367
20005,8263
20097,8430
20081,8481
20106,8308
20090,8273
20078,8456
19988,8304
20032,8410
20073,8328
20080,8438
20038,8371
20061,8434
20079,8471
20139,8354
20049,8480
20072,8287
19980,8312
20021,8330
20065,8288
20030,8280
20104,8410
20053,8473
19986,8354
20071,8479
20110,8259
20094,8260
20133,8482
20013,8354
20036,8389
20077,8325
20063,8374
20086,8445
20026,8398
20116,8268
20102,8299
20104,8470
20125,8458
20143,8415
20076,8274
20009,8351
20069,8317
20018,8279
20108,8405
20029,8501
20126,8479
20098,8270
20082,8267
20135,8407
20084,8475
20091,8443
20024,8368
20100,8461
20118,8420
20051,8387
20074,8416
20023,8249
19993,8318
20131,8392
20057,8266
20022,8290
20096,8416
20045,8451
20066,8328
20084,8415
20015,8257
20091,8487
20049,8401
20123,8416
20056,8253
20146,8323
20095,8420
20005,8396
20106,8443
20055,8396
20078,8343
20032,8277
19997,8307
20020,8468
20089,8341
20038,8494
20061,8263
20121,8338
20070,8351
20072,8394
20003,8274
20021,8479
20026,8465
20012,8476
20030,8391
20088,8266
20104,8261
20053,8366
20127,8445
20076,8449
20060,8240
20145,8470
20110,8398
20043,8409
20119,8324
20013,8471
20036,8264
20086,8264
20109,8255
20093,8346
20028,8369
20102,8422
20051,8464
20125,8351
20058,8354
20076,8389
20007,8287
20120,8449
20085,8241
19977,8344
20018,8394
20092,8261
20108,8264
20041,8379
20025,8324
20142,8347
20098,8389
20068,8381
20107,8337
20091,8308
20024,8251
19989,8349
20100,8304
20010,8434
20033,8371
20074,8279
19982,8308
20097,8244
20081,8335
20083,8415
20067,8268
20016,8356
20090,8375
20000,8339
20113,8340
20062,8369
20064,8368
20117,8362
20140,8445
19981,8341
20096,8315
20080,8272
20022,8441
20045,8376
20130,8342
20040,8456
20061,8472
20079,8297
20153,8431
20049,8270
20056,8328
20111,8354
20095,8297
20065,8398
20083,8475
19991,8354
20037,8352
20136,8335
20138,8351
20122,8366
20032,8480
20087,8400
20071,8257
20145,8391
20020,8351
20094,8354
20004,8334
20043,8470
20027,8423
20105,8383
20089,8482
20054,8330
20112,8487
20077,8235
20047,8345
20086,8475
20116,8486
20134,8333
20012,8343
20088,8405
20053,8243
20060,8331
20099,8375
20046,8274
20120,8400
19995,8294
20069,8403
20092,8468
20029,8347
20103,8462
20052,8428
20126,8373
20075,8389
20059,8306
20149,8444
20008,8330
20082,8369
20098,8468
19994,8357
20109,8372
20042,8297
20132,8427
20035,8330
20058,8233
20085,8326
20092,8408
20101,8364
20050,8366
20034,8257
20124,8387
19999,8315
20057,8416
20075,8449
19983,8328
20084,8305
20017,8328
20040,8439
20114,8376
19998,8368
20097,8321
20023,8455
20081,8452
20067,8441
20106,8273
20090,8250
20039,8327
20062,8252
20032,8447
20073,8339
20147,8414
20080,8395
20045,8237
19992,8327
20031,8430
20089,8307
20038,8276
20112,8406
20061,8429
20079,8434
20139,8377
20072,8292
20056,8467
20021,8373
20044,8442
20065,8283
20053,8452
20048,8332
20145,8316
20071,8442
20110,8292
20133,8461
20027,8304
20013,8381
20103,8255
20036,8418
20054,8449
20059,8451
20077,8352
20063,8285
20137,8411
20086,8342
19996,8330
20019,8411
20093,8288
20116,8361
20028,8475
20125,8485
20076,8303
20009,8354
20120,8283
20046,8409
20069,8280
20011,8403
20029,8464
20034,8464
20052,8311
20126,8480
20075,8254
20059,8399
20098,8299
20084,8448
20091,8414
20001,8394
20024,8341
20118,8409
20141,8408
20074,8333
19984,8349
20023,8404
20081,8309
19993,8289
20101,8465
20124,8278
20034,8404
20057,8301
20045,8478
20066,8421
20084,8388
20015,8364
20091,8474
20040,8290
20049,8436
20146,8348
20095,8387
20106,8388
20055,8235
20129,8365
20078,8440
20032,8266
19997,8302
20073,8472
20094,8472
19990,8375
20089,8440
20038,8387
20061,8290
20153,8449
20047,8243
20121,8373
20070,8432
20072,8431
20003,8377
20044,8301
20104,8362
20088,8239
20014,8475
20053,8329
20076,8478
20060,8237
20150,8363
20048,8455
20069,8457
20110,8435
20043,8252
20133,8370
20036,8277
20128,8478
19985,8315
20149,8466
20063,8390
20086,8301
20093,8437
20026,8382
20028,8366
20102,8443
20125,8378
20058,8399
20076,8418
20007,8378
20120,8486
20085,8284
20108,8357
20041,8350
20131,8476
20025,8303
20115,8429
20011,8268
20119,8487
20142,8316
20098,8446
20135,8359
20068,8346
20091,8299
20100,8349
20033,8406
20051,8371
20074,8304
19982,8345
20148,8321
20058,8451
20081,8418
20083,8386
20067,8275
20016,8377
20090,8336
20000,8328
20113,8367
20062,8410
20064,8341
20117,8341
20073,8265
20147,8312
20096,8336
20080,8245
20045,8339
20066,8312
20130,8307
20079,8276
20049,8289
20123,8336
20033,8466
20056,8365
20095,8308
20065,8353
19991,8345
20014,8426
20037,8395
20055,8380
20136,8340
20048,8246
20138,8376
20087,8399
20071,8284
20145,8410
20020,8324
20094,8327
20004,8299
20027,8410
20105,8322
20031,8452
20089,8453
20036,8452
20054,8303
20128,8429
20077,8262
19987,8354
20151,8309
20047,8324
20070,8303
20111,8461
20116,8451
20155,8431
20012,8364
20088,8378
20127,8333
20060,8352
20046,8311
20120,8437
19995,8349
20069,8382
19979,8330
20018,8470
20043,8361
20029,8310
20119,8436
20103,8485
20052,8393
20126,8286
20075,8408
20059,8297
20149,8423
20008,8367
20082,8330
20109,8335
20042,8306
20132,8432
20035,8337
20058,8274
20067,8448
20085,8353
20159,8432
20092,8373
20115,8310
20025,8436
20101,8375
20050,8395
20034,8314
20124,8440
20142,8459
19999,8326
20057,8331
20075,8484
20147,8457
20006,8444
20017,8291
20107,8417
20040,8412
20114,8277
20010,8322
20097,8356
20023,8482
20081,8479
20083,8271
20067,8412
20039,8354
20062,8257
20064,8480
20117,8474
20032,8340
20140,8333
20050,8463
20122,8474
20073,8374
20080,8352
19992,8364
20031,8437
20089,8278
20038,8297
20112,8427
20061,8328
20079,8409
20021,8272
20111,8402
20044,8407
20065,8254
20014,8305
20037,8240
20136,8479
20048,8353
20122,8414
20087,8256
20071,8401
20094,8242
20027,8279
20013,8280
20103,8410
20036,8335
20128,8312
20054,8442
20059,8486
20077,8379
20063,8312
20137,8446
20047,8457
20086,8331
19996,8359
20019,8446
20093,8283
20042,8485
20116,8342
20134,8477
20009,8261
20099,8391
20046,8386
20108,8463
20002,8316
20011,8438
20029,8459
20034,8461
20052,8284
20126,8389
20075,8277
20059,8418
20068,8316
20158,8442
20160,8437
20109,8452
20024,8442
20132,8315
20042,8441
20114,8452
20141,8435
20074,8342
20023,8435
20081,8264
20064,8319
20154,8433
20050,8254
20124,8307
20034,8433
20006,8299
20066,8414
20084,8417
20015,8331
20040,8263
20114,8392
20049,8335
20139,8461
20056,8263
20146,8441
20129,8320
20039,8471
20078,8413
20032,8303
20073,8483
20027,8484
19990,8360
20066,8450
20031,8318
20089,8419
20112,8294
20038,8420
20047,8286
20139,8393
20121,8408
20070,8405
20072,8436
20003,8348
20021,8485
20044,8266
20104,8335
20053,8436
20060,8266
20048,8476
20069,8468
20133,8349
20013,8397
20103,8271
20052,8483
20036,8306
20137,8299
20063,8429
20121,8468
20144,8339
20019,8267
20093,8400
20026,8347
20028,8331
20035,8267
20143,8362
20125,8405
20058,8424
20076,8447
20007,8337
20085,8263
20108,8322
20041,8417
20025,8274
20115,8400
20011,8291
20119,8450
20124,8450
20135,8322
19994,8280
20068,8423
20091,8270
20001,8378
20100,8378
20033,8393
20051,8342
19982,8322
20148,8366
20023,8260
20081,8389
20083,8425
20067,8246
20016,8350
20106,8464
20000,8301
20039,8260
20113,8386
20131,8383
20062,8447
20064,8330
20117,8304
20073,8300
20163,8430
20022,8247
20096,8373
20045,8430
20066,8277
20130,8300
20079,8243
20123,8375
20033,8501
19998,8271
20056,8402
20095,8275
20005,8359
20065,8324
20083,8485
19991,8308
20014,8399
20037,8406
20055,8347
20113,8462
20078,8296
20136,8377
20048,8267
20138,8389
20122,8308
20087,8426
20071,8251
20020,8353
20004,8304
20027,8369
20105,8293
20036,8481
20054,8256
20128,8386
20077,8289
19987,8329
20047,8355
20070,8256
20019,8472
20093,8481
20134,8315
20012,8393
20030,8376
20088,8351
20053,8313
20127,8360
20060,8413
20120,8346
20138,8473
19995,8368
20069,8345
20002,8386
20025,8483
20043,8332
20011,8464
20029,8273
20119,8403
20052,8374
20126,8291
20075,8447
20149,8322
20008,8372
20144,8462
20109,8298
20042,8287
20132,8413
20102,8331
20141,8473
20035,8372
20058,8319
20085,8396
20159,8415
20018,8375
20092,8338
20041,8302
20115,8285
20025,8415
20101,8274
20050,8420
20124,8341
20142,8428
19999,8365
20057,8366
20006,8401
20084,8251
20017,8262
20107,8388
20040,8353
20114,8302
20010,8367
20033,8262
20097,8287
20083,8306
19993,8350
20067,8355
20039,8377
20062,8298
20064,8453
20117,8453
20032,8329
20140,8362
20050,8488
20122,8455
20073,8409
20147,8424
20022,8322
20080,8325
20045,8291
20031,8400
20112,8320
20130,8419
20061,8355
20079,8388
20139,8307
20072,8238
20021,8315
20111,8441
20044,8364
20014,8282
20037,8283
20152,8309
20048,8390
20122,8443
20087,8319
19997,8339
20071,8364
20020,8244
20027,8266
20013,8307
20103,8433
20036,8340
20128,8285
20054,8415
20077,8406
20151,8421
20137,8321
20086,8364
19996,8284
20144,8317
20019,8421
20042,8462
20026,8305
20116,8435
20134,8438
20030,8487
20127,8477
20009,8296
20099,8426
20120,8293
20046,8423
20085,8477
20002,8281
20011,8333
20119,8292
20029,8422
20034,8486
20052,8249
20126,8430
20075,8296
19985,8320
20059,8345
20068,8281
20158,8415
20160,8426
20109,8479
20024,8415
20042,8386
20114,8481
20102,8454
20051,8304
20141,8334
20074,8371
20023,8430
19977,8312
20064,8276
20101,8391
20050,8283
20124,8296
20034,8426
20057,8251
20006,8268
20084,8334
20015,8438
20107,8305
20017,8435
20040,8236
20024,8475
20114,8421
19989,8317
20049,8354
20123,8273
20056,8300
20146,8402
20097,8404
20055,8317
20129,8443
20039,8498
20078,8390
19981,8309
20022,8473
20027,8475
19990,8333
20156,8445
20031,8261
20089,8390
20112,8315
20038,8441
20077,8455
20061,8248
20047,8261
20121,8387
20139,8428
20072,8345
20021,8384
20111,8258
20104,8340
20053,8415
20060,8295
20150,8417
20071,8481
20043,8310
20133,8440
20103,8298
20013,8424
20052,8456
20063,8328
20086,8251
19978,8336
20144,8424
20019,8302
20093,8395
20026,8324
20028,8416
20035,8302
20143,8337
20125,8432
20076,8340
20007,8428
20099,8279
20085,8290
20108,8351
20041,8388
20025,8245
20115,8375
20098,8244
20135,8345
20068,8396
20091,8357
20001,8349
20024,8298
20010,8261
20100,8391
20118,8354
20033,8428
20051,8445
19982,8359
20023,8291
20081,8408
20016,8435
20039,8291
20131,8322
20041,8448
20113,8421
20062,8448
20064,8431
20117,8283
20073,8311
20096,8362
20045,8393
20066,8270
20015,8315
20123,8362
20033,8488
19998,8272
20056,8439
20095,8382
20005,8322
20044,8470
20014,8368
20106,8369
20090,8474
20037,8433
20129,8304
20055,8438
20113,8481
20078,8269
20136,8414
20048,8288
20138,8430
20087,8449
20145,8336
20020,8398
20004,8285
20096,8470
20027,8340
20105,8264
20128,8359
20077,8316
19987,8300
20047,8398
20070,8357
20072,8452
20093,8476
20003,8300
20012,8422
20030,8349
20088,8324
20053,8292
20127,8375
20060,8442
20152,8459
20099,8452
20046,8253
20120,8383
20002,8383
20110,8324
20025,8454
20133,8301
20043,8419
20029,8268
20119,8398
20052,8339
20149,8365
20109,8261
20042,8248
20132,8378
20028,8315
20102,8364
20035,8411
20058,8344
20007,8289
20085,8439
20018,8336
20092,8335
20041,8305
20025,8386
20101,8317
20034,8240
20124,8370
20142,8401
19983,8313
20006,8362
20098,8331
20082,8452
20135,8466
20017,8281
20091,8254
20107,8411
20040,8326
20130,8472
20010,8392
20100,8266
20033,8313
20097,8306
20083,8345
19993,8321
20067,8326
20016,8302
20090,8429
20113,8274
20039,8404
20062,8335
20117,8416
20032,8366
20140,8391
20122,8480
20073,8444
20147,8335
20057,8461
20022,8359
20080,8346
20045,8318
19992,8310
20031,8383
20112,8357
20130,8412
20079,8355
20072,8243
20021,8294
20111,8420
20044,8329
20065,8436
20014,8255
20037,8294
20055,8459
20060,8457
20048,8411
20122,8420
20087,8346
19997,8334
20071,8331
20020,8273
20094,8440
20004,8384
20103,8332
20105,8437
20036,8369
20054,8368
20077,8433
20137,8356
19996,8313
20019,8328
20026,8282
20134,8395
20116,8408
20012,8281
20030,8456
20088,8463
20035,8456
20076,8254
20009,8307
20099,8433
20046,8328
20069,8425
20110,8467
20115,8465
20011,8352
20029,8385
20126,8435
20075,8335
19985,8347
20059,8380
20008,8260
20082,8439
19994,8347
20017,8458
20001,8315
20109,8442
20024,8388
20042,8367
20102,8475
20051,8279
20141,8361
19984,8300
20023,8325
20097,8451
20131,8316
20064,8265
20101,8418
20050,8308
20034,8327
20057,8414
20084,8363
20015,8413
20107,8276
20017,8406
20040,8241
20024,8448
20114,8446
20123,8308
19998,8334
20074,8464
20095,8464
20005,8312
20097,8399
20090,8304
20055,8280
20129,8414
20136,8312
20032,8249
20080,8469
20015,8465
20038,8338
20077,8482
20061,8403
20047,8288
20139,8323
20049,8449
20121,8422
20070,8451
20072,8382
20003,8390
20111,8297
20021,8427
20044,8252
20030,8315
20104,8441
20127,8297
20129,8474
19986,8325
20152,8421
20094,8295
20043,8269
20133,8387
20013,8323
20063,8343
20121,8482
20086,8412
20144,8397
20132,8476
20116,8291
20026,8417
20028,8413
20102,8266
20035,8309
20125,8427
20143,8444
20076,8369
20007,8395
20099,8314
20009,8440
20046,8471
20018,8310
20108,8436
20115,8346
20098,8273
20082,8298
20135,8436
19994,8302
20107,8453
20091,8344
20024,8271
20010,8302
20118,8327
20100,8428
20051,8416
20074,8387
20148,8432
20081,8243
19993,8287
20016,8392
20039,8318
20113,8440
20131,8425
20062,8485
20064,8388
20022,8269
20096,8399
20045,8484
20066,8363
20015,8294
20153,8323
20049,8242
20123,8385
19998,8309
20146,8354
20095,8325
20014,8341
20106,8346
20016,8468
20090,8455
20037,8476
20129,8299
20055,8429
20078,8374
19988,8346
20136,8419
19997,8276
20020,8427
20096,8459
20027,8331
19990,8317
20105,8275
20089,8374
20128,8348
20038,8457
20121,8307
20047,8437
20070,8382
19980,8338
20019,8482
20003,8307
20026,8496
20065,8478
20012,8451
20104,8292
20088,8297
20030,8422
20053,8271
20127,8402
19986,8312
20150,8337
20120,8356
20161,8422
20002,8344
20110,8361
20043,8390
20119,8357
20008,8446
20063,8472
20068,8472
20093,8379
20132,8327
20028,8272
20102,8385
20125,8288
20035,8446
20143,8449
20058,8325
20148,8455
20007,8316
20108,8303
20092,8292
20018,8429
20041,8276
20025,8357
20034,8237
20124,8367
20142,8378
20006,8335
20098,8356
20017,8252
20107,8382
20100,8279
20010,8405
20118,8466
20033,8348
20123,8478
20081,8360
20083,8380
19993,8356
20067,8301
20157,8435
20016,8259
20090,8406
20000,8370
20113,8309
20039,8435
20062,8336
20117,8395
20140,8412
20147,8370
20096,8282
20080,8319
20022,8408
20045,8281
20066,8254
20031,8346
20105,8476
20038,8248
20112,8378
20130,8377
20040,8487
20079,8334
20111,8323
20065,8431
20037,8321
20060,8486
20078,8253
20048,8432
20122,8321
20087,8369
20032,8463
19997,8361
20071,8294
20145,8416
20020,8318
20094,8413
20004,8365
20103,8363
20105,8408
20054,8341
20112,8454
20070,8245
20019,8367
20026,8263
20116,8389
20134,8364
20012,8310
20088,8436
20035,8495
20099,8340
20046,8365
20085,8483
20069,8436
20029,8380
20126,8340
20075,8354
20059,8275
20149,8413
20008,8297
20082,8400
20137,8459
19994,8324
20001,8286
20109,8405
20042,8328
20010,8452
20118,8301
20023,8352
20097,8486
20092,8447
20101,8333
20050,8337
20140,8467
20034,8352
19999,8280
20057,8385
20084,8272
20017,8361
20114,8347
20123,8299
19998,8339
20097,8418
20081,8485
20106,8304
20090,8285
20078,8460
19988,8316
20032,8414
20073,8332
20080,8426
20038,8375
20061,8398
20079,8467
20139,8358
20049,8484
20072,8259
19980,8308
20162,8413
20021,8342
20065,8292
20030,8284
20104,8414
20053,8485
20127,8308
19986,8350
20071,8475
20110,8263
20094,8264
20013,8350
20036,8385
20054,8480
20077,8321
20063,8370
20086,8433
20019,8248
20026,8394
20116,8264
20102,8303
20104,8474
20125,8454
20143,8411
20076,8270
20009,8323
20069,8313
20018,8275
20108,8401
20115,8321
20029,8497
20126,8451
20098,8266
20082,8263
20135,8403
20068,8246
20107,8472
20091,8447
20024,8372
20100,8457
20118,8440
20051,8391
20074,8428
20023,8245
20131,8396
20064,8249
20057,8270
20022,8294
20096,8420
20066,8324
20084,8411
20015,8269
20049,8405
20123,8420
20095,8416
20005,8392
20106,8423
20037,8487
20055,8392
20078,8347
19988,8327
19997,8271
20020,8464
20096,8480
20089,8345
20038,8482
20061,8259
20121,8342
20070,8339
20072,8398
20003,8278
20021,8475
20026,8477
20012,8472
20030,8395
20088,8270
20104,8265
20053,8362
20127,8441
20150,8330
20145,8458
20110,8402
20043,8413
20119,8320
20013,8467
20063,8487
20086,8268
20093,8342
20028,8269
20102,8410
20051,8468
20125,8347
20058,8366
20076,8385
20007,8283
20120,8453
20085,8253
20018,8390
20092,8257
20108,8260
20041,8383
20025,8328
20142,8351
20098,8385
20068,8377
20107,8341
20024,8255
19989,8345
20100,8316
20010,8446
20033,8375
20074,8275
19982,8312
20081,8323
20083,8355
20067,8304
20157,8430
20016,8280
20090,8371
20000,8343
20113,8328
20062,8373
20064,8372
20117,8374
20140,8441
20073,8234
19981,8337
20096,8319
20080,8276
20022,8445
20045,8372
20130,8338
20040,8460
20061,8468
20079,8309
20153,8435
20049,8258
20056,8332
20111,8366
20065,8386
20083,8479
20037,8364
20138,8347
20122,8362
20087,8364
20032,8484
20071,8317
20145,8443
20020,8347
20094,8358
20004,8330
20043,8458
20027,8443
20105,8355
20031,8485
20089,8486
20054,8334
20112,8475
20086,8479
20116,8482
20134,8321
20012,8339
20088,8409
20035,8498
20053,8255
20060,8327
20099,8379
20046,8278
20120,8404
19995,8314
20069,8415
20092,8464
20168,8416
20029,8343
20103,8458
20052,8424
20126,8377
20075,8377
20059,8310
20149,8440
20008,8334
20082,8365
20098,8464
19994,8353
20109,8368
20042,8341
20035,8334
20058,8245
20067,8481
20085,8322
20092,8404
20101,8360
20050,8362
20034,8285
20124,8415
19999,8295
20057,8420
20075,8453
19983,8340
20084,8317
20017,8332
20040,8443
20114,8372
19998,8372
20097,8325
20023,8451
20083,8236
20067,8445
20106,8285
20090,8262
20039,8323
20032,8435
20073,8343
20080,8399
20045,8233
19992,8331
20031,8426
20089,8311
20038,8264
20112,8394
20061,8425
20079,8446
20139,8381
20072,8296
20056,8471
20021,8369
20044,8438
20065,8287
20053,8448
20048,8320
20071,8438
20110,8296
20133,8457
20027,8308
20013,8377
20036,8430
20054,8453
20059,8455
20077,8348
20063,8281
20137,8415
20086,8426
19996,8326
20019,8415
20093,8316
20026,8247
20116,8373
20028,8471
20125,8481
20143,8390
20076,8299
20009,8358
20120,8287
20046,8413
20069,8260
20029,8492
20052,8307
20126,8484
20075,8242
20059,8387
20098,8295
20084,8460
20091,8402
20109,8485
20024,8345
20100,8470
20118,8413
20051,8234
20141,8404
20074,8329
19984,8337
20023,8400
20081,8297
19993,8293
20131,8403
20101,8477
20124,8274
20034,8400
20057,8305
20045,8474
20066,8417
20084,8384
20015,8360
20091,8478
20040,8294
20049,8424
20146,8344
20095,8399
20106,8384
20129,8353
20078,8444
20032,8270
19997,8298
20073,8476
20094,8476
20066,8485
20089,8444
20038,8391
20061,8318
20153,8453
20047,8255
20121,8377
20070,8436
20072,8403
20003,8381
20021,8454
20026,8454
20044,8297
20104,8366
20088,8243
20014,8479
20053,8341
20076,8474
20060,8233
20150,8367
20110,8439
20043,8240
20133,8382
20036,8273
20128,8466
19985,8319
20063,8386
20086,8289
20144,8370
20093,8433
20026,8378
20028,8362
20102,8447
20125,8374
20058,8395
20076,8414
20007,8374
20085,8280
20108,8353
20092,8254
20041,8322
20131,8448
20025,8307
20115,8433
20011,8256
20119,8483
20142,8320
20098,8442
20135,8355
20068,8326
20091,8303
19989,8324
20100,8345
20033,8362
20051,8375
20074,8316
19982,8349
20148,8333
20058,8463
20081,8422
20083,8390
20067,8279
20016,8381
20090,8348
20000,8332
20113,8355
20062,8414
20064,8361
20117,8337
20073,8269
20147,8316
20096,8340
20080,8233
20006,8449
20045,8335
20066,8308
20015,8253
20130,8335
20040,8465
20061,8463
20079,8272
20049,8293
20123,8340
20033,8470
20056,8369
20095,8304
20065,8357
20083,8450
19991,8341
20014,8430
20037,8375
20055,8376
20136,8344
20048,8234
20138,8356
20122,8279
20087,8395
20071,8280
20145,8414
20020,8320
20094,8331
20004,8343
20027,8414
20105,8326
20031,8448
20089,8457
20036,8448
20054,8291
20128,8417
20077,8258
19987,8358
20047,8320
20070,8291
20111,8457
20116,8463
20134,8346
20155,8419
20012,8360
20088,8382
20127,8329
20060,8380
20046,8315
20120,8441
19995,8337
20069,8378
19979,8334
20018,8466
20092,8461
20043,8365
20029,8306
20119,8432
20103,8481
20052,8405
20075,8412
20059,8301
20149,8419
20008,8339
20082,8326
20098,8461
20109,8331
20042,8318
20132,8444
20028,8253
20035,8341
20058,8286
20067,8452
20085,8365
20092,8369
20115,8314
20025,8440
20101,8371
20050,8391
20034,8310
20124,8436
20142,8463
19999,8322
20057,8335
20075,8472
20147,8461
20017,8295
20107,8421
20040,8384
20114,8273
20010,8334
20097,8376
20081,8467
20083,8275
20067,8384
20039,8350
20062,8261
20064,8484
20117,8486
20032,8424
20140,8329
20050,8459
20073,8378
20080,8356
19992,8368
20031,8433
20089,8282
20038,8301
20112,8431
20061,8324
20079,8421
20021,8284
20111,8414
20044,8403
20065,8242
20014,8309
20037,8252
20136,8451
20048,8357
20122,8410
20087,8284
20071,8397
20094,8246
20133,8468
20027,8299
20013,8276
20103,8406
20036,8331
20128,8316
20054,8446
20077,8375
20063,8292
20137,8418
20047,8469
20086,8335
19996,8355
20019,8386
20093,8279
20042,8481
20116,8338
20134,8465
20028,8460
20009,8265
20099,8395
20046,8390
20069,8239
20108,8459
20002,8312
20011,8426
20029,8455
20034,8457
20052,8280
20126,8393
20075,8265
20059,8422
20082,8253
20068,8312
20158,8446
20091,8393
20109,8448
20024,8446
20042,8421
20114,8448
20141,8431
20074,8338
20023,8399
20081,8268
20064,8307
20154,8445
20050,8250
20034,8397
20124,8271
20006,8303
20066,8410
20084,8429
20015,8343
20040,8267
20114,8388
20049,8323
20139,8449
20056,8267
20146,8437
20129,8324
20039,8467
20078,8417
20032,8291
20073,8487
19990,8364
20066,8478
20031,8314
20089,8423
20112,8282
20038,8408
20047,8282
20139,8397
20121,8412
20070,8393
20072,8440
20003,8320
20021,8481
20044,8262
20030,8241
20104,8371
20014,8448
20053,8432
20060,8262
20152,8351
20048,8464
20069,8464
20133,8345
20013,8393
20103,8267
20036,8318
20137,8303
20063,8425
20121,8472
20144,8343
20019,8271
20093,8428
20026,8359
20028,8327
20035,8271
20143,8374
20125,8401
20058,8436
20076,8443
20007,8333
20085,8259
20018,8252
20108,8382
20041,8421
20025,8278
20115,8404
20011,8295
20119,8478
20124,8478
20135,8382
20068,8419
20091,8258
20001,8382
20100,8358
20033,8397
20051,8346
19982,8326
20148,8362
20058,8488
20023,8256
20081,8441
20083,8429
20067,8250
20016,8338
20106,8476
20000,8289
20039,8256
20113,8390
20131,8355
20041,8481
20062,8419
20064,8334
20117,8316
20073,8272
20096,8329
20045,8426
20066,8273
20130,8296
20079,8255
20049,8312
20123,8331
20033,8457
20056,8406
20095,8287
20005,8355
20065,8344
19991,8304
20014,8403
20037,8402
20055,8343
20113,8450
20078,8300
20136,8381
20048,8271
20138,8385
20122,8304
20087,8422
20071,8247
20145,8369
20020,8365
20004,8316
20027,8373
20105,8297
20036,8493
20054,8260
20128,8390
20077,8285
20167,8415
19987,8333
20047,8367
20070,8260
20019,8476
20134,8319
20012,8389
20030,8380
20088,8355
20104,8254
20127,8340
20060,8409
20120,8350
20138,8453
19995,8372
20069,8325
20025,8487
20043,8320
20011,8468
20029,8301
20119,8431
20052,8370
20126,8295
20075,8435
20149,8334
20008,8376
20098,8486
20144,8450
20109,8294
20042,8283
20132,8409
20102,8335
20141,8469
20035,8376
20058,8315
20085,8392
20159,8411
20018,8371
20092,8366
20115,8289
20025,8419
20101,8286
20050,8416
20124,8337
20142,8432
19999,8361
20057,8370
20082,8487
20017,8314
20107,8440
20040,8357
20114,8298
20010,8363
20033,8282
20097,8275
20083,8310
20067,8359
20039,8373
20062,8302
20064,8473
20117,8449
20032,8333
20140,8358
20050,8484
20122,8451
20073,8413
20147,8428
20022,8326
20080,8377
19992,8277
20031,8412
20112,8324
20130,8447
20061,8383
20079,8384
20056,8481
20021,8263
20111,8389
20044,8360
20014,8286
20037,8263
20055,8488
20048,8378
20122,8391
20087,8315
20071,8360
20027,8270
20013,8303
20103,8429
20036,8336
20054,8403
20077,8402
20151,8417
20137,8325
20086,8352
19996,8280
20019,8425
20042,8458
20026,8317
20116,8447
20134,8426
20030,8491
20127,8473
20009,8300
20099,8430
20120,8297
20046,8427
20085,8473
20002,8277
20011,8321
20119,8288
20029,8418
20034,8482
20052,8261
20126,8402
20075,8300
19985,8324
20059,8349
20068,8261
20160,8430
20109,8475
20024,8419
20042,8398
20114,8477
20051,8308
20141,8330
20074,8383
20023,8426
19977,8316
20064,8296
20154,8422
20101,8387
20050,8279
20124,8292
20034,8422
20057,8255
20084,8330
20015,8434
20107,8309
20017,8439
20040,8272
20024,8479
20114,8417
19989,8313
20049,8358
20123,8277
20056,8304
20146,8398
20055,8313
20129,8447
20039,8494
20078,8394
19981,8305
20022,8477
20027,8479
19990,8321
20156,8441
20031,8257
20089,8394
20112,8319
20038,8445
20077,8451
20061,8244
20047,8257
20121,8391
20139,8416
20070,8482
20072,8349
20146,8466
20021,8396
20111,8270
20104,8344
20053,8411
20060,8291
20152,8324
20150,8421
20043,8298
20133,8420
20103,8294
20013,8420
20052,8468
20137,8306
20063,8436
20121,8451
20086,8255
20144,8428
20019,8306
20093,8391
20026,8320
20028,8444
20035,8274
20125,8396
20143,8349
20076,8336
20007,8424
20099,8283
20085,8302
20108,8347
20041,8392
20025,8249
20115,8379
20011,8314
20135,8341
20068,8392
20107,8482
20091,8377
20001,8337
20024,8302
20010,8257
20100,8387
20118,8358
20033,8416
20051,8321
20141,8319
19982,8363
20023,8319
20081,8412
20016,8439
20039,8287
20131,8326
20041,8452
20113,8409
20062,8452
20064,8419
20117,8295
20073,8315
20096,8366
20045,8389
20066,8266
20123,8366
20033,8492
19998,8276
20056,8443
20095,8378
20005,8334
20044,8466
19991,8303
20014,8372
20106,8381
20090,8486
20037,8445
20129,8308
20055,8434
20113,8485
20078,8273
20136,8386
20048,8292
20138,8426
20087,8477
20145,8340
20020,8394
20004,8281
20027,8360
20105,8268
20054,8249
20128,8379
20077,8312
19987,8304
20047,8394
20070,8281
20072,8456
20019,8451
20093,8472
20012,8418
20030,8321
20088,8328
20053,8288
20127,8371
20060,8438
20152,8463
20099,8456
20120,8323
19995,8363
19979,8312
20002,8379
20110,8328
20025,8458
20133,8297
20043,8423
20029,8264
20119,8394
20052,8351
20149,8361
20109,8257
20132,8358
20028,8311
20102,8352
20035,8415
20058,8292
20085,8435
20018,8332
20092,8331
20041,8309
20025,8390
20101,8313
20050,8445
20124,8334
20142,8405
19999,8372
20165,8412
20006,8366
20098,8327
20082,8448
20135,8462
20084,8236
20017,8285
20091,8242
20107,8415
20040,8330
20130,8468
20010,8372
20100,8246
20033,8317
20097,8310
20083,8349
19993,8325
20067,8330
20016,8290
20090,8425
20113,8278
20039,8400
20062,8307
20117,8428
20032,8354
20140,8387
20073,8416
20147,8339
20057,8465
20022,8379
20080,8350
20096,8249
20045,8314
19992,8314
20031,8379
20112,8345
20130,8408
20079,8367
20072,8247
20021,8290
20111,8416
20044,8325
20014,8259
20037,8290
20055,8455
20060,8453
20048,8415
20122,8416
20087,8342
19997,8330
20071,8327
20020,8285
20094,8444
20004,8396
20103,8328
20105,8441
20036,8381
20054,8372
20077,8429
20063,8238
20137,8360
19996,8309
20019,8332
20042,8471
20026,8294
20116,8420
20134,8399
20012,8277
20030,8460
20088,8467
20035,8460
20127,8484
20076,8250
20009,8311
20099,8437
20046,8332
20085,8452
20002,8270
20110,8471
20115,8469
20011,8356
20119,8287
20029,8413
20126,8439
20075,8323
19985,8351
20059,8368
20008,8264
20082,8435
20135,8319
20017,8462
20001,8319
20109,8438
20024,8392
20042,8363
20102,8479
20051,8283
20141,8357
20023,8321
20097,8455
20064,8269
20101,8430
20050,8304
20034,8323
20084,8375
20015,8409
20017,8394
20107,8264
20040,8245
20024,8452
20114,8442
19989,8292
20049,8377
20074,8476
20095,8476
20005,8292
20097,8387
20090,8316
20055,8276
20129,8402
20136,8316
20154,8455
20032,8253
20080,8457
20089,8237
20015,8477
20038,8342
20077,8478
20061,8239
20047,8300
20139,8327
20049,8453
20121,8426
20070,8455
20072,8354
20003,8394
20111,8309
20021,8439
20044,8248
20030,8319
20104,8445
20053,8390
20127,8277
20129,8478
19986,8321
20152,8425
20094,8299
20043,8257
20133,8399
20103,8317
20013,8447
20063,8339
20121,8486
20086,8400
20132,8472
20116,8303
20026,8429
20028,8409
20102,8270
20035,8313
20125,8423
20143,8440
20076,8365
20007,8391
20099,8318
20009,8444
20046,8475
20018,8306
20108,8432
20041,8403
20115,8350
20082,8294
20135,8432
19994,8298
20068,8405
20091,8348
20024,8275
20010,8298
20118,8347
20100,8424
20051,8420
20074,8399
20148,8444
20081,8247
20016,8396
20039,8314
20113,8444
20131,8429
20064,8408
20022,8257
20096,8387
20045,8480
20066,8359
19976,8323
20015,8290
20153,8327
20049,8246
20123,8389
19998,8313
20056,8416
20095,8321
20014,8345
20106,8326
20016,8456
20090,8451
20037,8472
20129,8303
20055,8425
20078,8378
19988,8358
20136,8423
20048,8313
20138,8439
19997,8272
20020,8439
20096,8463
20027,8335
19990,8305
20105,8279
20089,8378
20128,8336
20038,8461
20121,8311
20047,8433
20070,8370
19980,8334
20019,8486
20003,8311
20065,8466
20012,8447
20104,8296
20088,8301
20030,8426
20053,8267
20127,8414
19986,8308
20046,8234
20120,8360
20002,8340
20110,8365
20133,8308
20043,8442
20119,8353
20052,8324
20063,8452
20068,8452
20109,8284
20093,8375
20132,8323
20028,8300
20102,8389
20125,8316
20035,8418
20143,8461
20058,8321
20148,8451
20007,8312
20108,8299
20092,8288
20018,8425
20041,8280
20025,8361
20124,8363
20142,8382
20006,8323
20098,8352
20082,8477
20107,8370
20100,8275
20010,8401
20118,8470
20033,8336
20123,8466
20097,8297
20081,8364
20083,8320
19993,8360
20067,8337
20016,8263
20090,8402
20000,8374
20113,8297
20039,8431
20062,8340
20117,8407
20140,8408
20096,8286
20080,8307
20022,8412
20045,8277
20066,8250
20031,8326
20105,8448
20038,8252
20112,8382
20130,8373
20040,8491
20079,8330
20111,8335
20065,8419
20037,8333
20060,8482
20048,8436
20122,8333
20087,8333
20032,8451
19997,8357
20071,8290
20145,8420
20020,8314
20094,8385
20004,8361
20043,8491
20103,8359
20105,8412
20054,8361
20063,8245
20137,8371
20019,8371
20026,8259
20116,8385
20134,8352
20012,8306
20030,8465
20088,8440
20035,8467
20099,8344
20046,8369
19995,8283
20069,8432
20011,8379
20029,8376
20126,8344
20075,8358
20059,8279
20008,8301
20082,8396
20137,8463
19994,8320
20001,8274
20109,8401
20042,8372
20010,8448
20118,8289
20023,8380
20092,8443
20101,8329
20050,8333
20140,8463
20034,8380
20057,8389
20084,8284
20015,8388
20017,8365
20114,8343
20123,8303
19998,8343
20005,8271
20097,8422
20106,8316
20090,8281
20078,8464
19988,8312
20032,8402
20022,8491
20080,8430
20038,8363
20061,8394
20079,8479
20139,8346
20049,8472
20070,8472
20072,8263
19980,8304
20162,8409
20021,8338
20065,8312
20030,8256
20104,8386
20053,8481
20127,8304
19986,8346
20071,8471
20110,8267
20094,8268
20013,8346
20036,8397
20054,8484
20151,8460
20063,8382
20086,8437
20019,8252
20116,8276
20026,8406
20102,8291
20104,8478
20125,8450
20143,8423
20076,8266
20009,8327
20069,8293
20018,8271
20108,8397
20115,8325
20126,8455
20098,8262
20082,8259
20135,8399
20068,8242
20107,8476
20091,8435
20024,8376
20010,8311
20100,8437
20118,8444
20051,8395
20074,8424
20131,8432
20064,8253
20057,8274
20022,8314
20096,8440
20066,8320
20156,8450
20015,8265
20049,8393
20123,8440
20095,8428
20014,8322
20106,8419
20037,8483
20055,8388
20078,8351
19988,8323
20020,8476
20096,8484
19990,8298
20089,8349
20038,8486
20061,8287
20121,8346
20070,8343
20003,8282
20026,8473
20012,8468
20104,8269
20088,8274
20030,8399
20053,8374
20127,8421
20145,8462
20110,8406
20043,8401
20119,8348
20013,8463
20063,8483
20086,8256
20093,8338
20028,8265
20102,8414
20051,8472
20125,8343
20058,8362
20007,8279
20120,8457
20085,8249
19977,8320
20018,8386
20092,8285
20108,8256
20041,8355
20131,8481
20025,8332
20142,8355
20098,8413
20068,8357
20107,8329
19989,8357
20100,8312
20010,8442
20118,8459
20033,8331
20123,8457
20074,8287
19982,8316
20081,8327
20083,8359
20067,8308
20157,8426
20016,8284
20090,8383
20000,8363
20113,8332
20062,8377
20117,8370
20140,8437
20073,8238
19981,8333
20096,8307
20080,8264
20022,8433
20045,8368
20130,8366
20040,8496
20061,8464
20079,8305
20153,8439
20049,8262
20056,8336
20111,8362
20065,8390
20037,8360
20078,8234
20138,8327
20122,8374
20087,8360
20032,8504
20071,8313
20145,8447
20020,8295
20094,8362
20004,8374
20043,8462
20027,8447
20105,8359
20031,8481
20054,8322
20112,8479
20086,8467
20134,8325
20012,8335
20088,8413
20035,8502
20053,8251
20060,8323
20099,8383
20046,8282
20120,8408
19995,8318
20069,8411
20029,8339
20103,8454
20052,8436
20126,8381
20075,8381
20059,8266
20008,8306
20082,8361
20137,8466
19994,8365
20109,8364
20042,8337
20118,8282
20058,8241
20067,8485
20085,8334
20092,8400
20101,8340
20050,8358
20034,8281
20124,8411
19999,8291
20057,8424
19983,8336
20084,8313
20017,8320
20040,8447
20114,8368
19998,8376
20097,8345
20023,8479
20083,8240
20067,8417
20106,8281
20090,8258
19988,8293
20032,8439
20073,8347
20080,8387
19992,8335
20089,8315
20038,8268
20112,8398
20061,8421
20079,8442
20139,8369
20072,8300
20162,8434
20056,8475
20021,8381
20044,8434
20065,8275
20053,8460
20048,8324
20087,8253
20145,8308
20071,8434
20110,8300
20094,8273
20013,8373
20036,8426
20054,8473
20059,8475
20077,8344
20063,8261
20137,8387
20086,8430
19996,8322
20093,8312
20026,8243
20116,8369
20028,8467
20143,8386
20076,8295
20166,8417
20009,8362
20046,8481
20069,8256
20011,8395
20029,8488
20052,8319
20075,8246
20059,8391
20098,8291
20082,8284
20084,8456
20091,8406
20001,8386
20109,8481
20024,8349
20100,8466
20118,8401
20051,8238
20141,8400
20074,8437
19984,8341
20081,8301
19993,8297
20131,8407
20101,8473
20057,8309
20045,8470
20066,8445
20084,8396
20015,8372
20091,8466
20040,8298
20049,8428
20056,8234
20146,8340
20095,8395
20106,8396
20129,8357
20078,8320
20032,8258
19997,8294
20073,8448
20094,8448
20066,8481
20089,8320
20061,8314
20153,8457
20047,8251
20121,8381
20070,8424
20072,8407
20003,8353
20021,8450
20026,8450
20044,8293
20104,8274
20088,8247
20030,8400
20053,8337
20076,8470
20150,8355
20110,8443
20043,8244
20133,8378
20036,8285
20128,8470
19985,8307
20063,8398
20086,8293
20144,8374
20093,8333
20028,8358
20102,8435
20035,8236
20125,8370
20058,8407
20076,8410
20007,8370
20108,8285
20092,8250
20018,8415
20041,8326
20131,8452
20025,8311
20115,8437
20011,8260
20142,8324
20098,8438
20068,8322
20091,8291
19989,8320
20100,8325
20033,8366
20051,8379
20074,8312
20148,8329
20058,8459
20081,8346
20083,8394
20067,8283
20016,8369
20090,8344
20000,8320
20113,8359
20062,8386
20064,8365
20117,8349
20073,8241
20096,8296
20080,8237
20022,8426
20006,8453
20045,8331
20066,8304
20130,8331
20040,8469
20061,8459
20079,8284
20049,8281
20056,8373
20095,8316
20065,8377
20083,8454
19991,8337
20014,8434
20037,8371
20055,8372
20136,8348
20048,8238
20138,8352
20122,8275
20087,8391
20071,8276
20145,8402
20020,8332
20094,8335
20004,8339
20027,8402
20105,8330
20031,8460
20089,8461
20036,8460
20054,8295
20128,8421
20077,8254
19987,8362
20047,8332
20070,8295
20111,8469
20116,8459
20134,8350
20155,8423
20012,8356
20088,8386
20060,8376
20046,8319
20120,8445
19995,8341
20069,8358
19979,8322
20018,8462
20092,8457
20043,8353
20029,8334
20103,8477
20052,8401
20075,8400
20059,8289
20149,8431
20008,8343
20082,8322
20098,8457
20109,8327
20042,8314
20132,8440
20028,8249
20035,8345
20058,8282
20067,8456
20085,8361
20159,8440
20092,8397
20041,8243
20115,8318
20025,8444
20101,8383
20050,8387
20034,8306
20124,8432
20142,8467
19999,8334
20057,8339
20075,8476
20147,8465
20084,8294
20017,8347
20040,8388
20114,8269
20010,8330
20033,8251
20097,8380
20081,8471
20083,8279
20067,8388
20090,8239
20039,8346
20062,8265
20117,8482
20032,8428
20140,8325
20050,8455
20073,8382
20080,8408
19992,8372
20031,8445
20089,8286
20038,8289
20112,8419
20061,8320
20079,8417
20072,8305
20162,8431
20056,8448
20021,8280
20111,8410
20044,8399
20065,8246
20014,8313
20037,8248
20136,8455
20048,8345
20087,8280
20071,8393
20094,8250
20133,8464
20027,8303
20013,8272
20103,8402
20036,8439
20128,8304
20054,8434
20077,8371
20063,8288
20137,8422
20047,8465
20086,8323
20019,8390
20093,8275
20042,8493
20116,8350
20134,8469
20028,8456
20076,8316
20009,8269
20099,8399
20046,8394
20069,8235
20108,8455
20002,8308
20011,8430
20029,8451
20034,8453
20052,8292
20126,8397
20075,8269
20149,8308
20059,8442
20082,8249
20068,8292
20158,8418
20091,8397
20024,8322
20042,8417
20118,8394
20141,8427
20074,8350
19984,8362
20023,8395
20081,8256
20064,8311
20154,8441
20101,8484
20050,8246
20034,8393
20006,8291
20066,8406
20084,8425
20015,8339
20091,8457
20040,8271
20114,8384
20049,8327
20139,8453
20056,8271
20146,8433
20095,8406
20129,8344
20039,8463
20078,8421
20032,8295
20020,8486
19990,8352
20066,8474
20031,8294
20089,8427
20112,8286
20038,8412
20121,8352
20139,8385
20070,8397
20072,8444
20003,8324
20044,8258
20030,8245
20104,8375
20014,8452
20053,8444
20060,8258
20152,8355
20048,8468
20069,8476
20133,8325
20013,8389
20103,8263
20036,8314
20128,8459
20149,8453
20063,8405
20121,8476
20144,8331
20019,8275
20093,8424
20026,8355
20028,8323
20035,8243
20125,8365
20143,8370
20058,8432
20076,8439
20007,8329
20085,8271
20018,8248
20108,8378
20041,8425
20025,8282
20115,8408
20011,8283
20119,8474
20124,8474
20135,8378
20068,8431
20091,8262
20001,8370
20100,8354
20033,8385
20051,8350
19982,8330
20023,8284
20081,8445
20083,8433
20067,8254
20016,8342
20090,8325
20106,8472
20000,8293
20039,8252
20113,8378
20131,8359
20041,8485
20062,8423
20064,8322
20117,8312
20073,8276
20096,8333
20045,8422
20066,8301
20061,8486
20079,8251
20049,8316
20123,8335
20033,8461
20056,8410
20095,8283
20005,8367
20065,8348
19991,8332
20014,8407
20037,8414
20055,8339
20113,8454
20078,8304
20136,8353
20048,8259
20138,8397
20122,8316
20087,8418
20071,8243
20145,8373
20020,8361
20094,8336
20004,8312
20027,8393
20105,8301
20036,8489
20054,8280
20128,8410
20077,8281
20167,8411
19987,8337
20047,8363
20070,8312
20134,8307
20012,8385
20030,8352
20088,8359
20127,8336
20060,8405
20046,8288
20120,8418
20138,8449
19995,8328
20069,8321
19979,8345
20025,8491
20043,8324
20011,8456
20029,8297
20119,8427
20052,8382
20126,8299
20075,8439
20149,8330
20008,8380
20082,8351
20098,8482
20144,8454
20109,8290
20042,8263
20132,8389
20102,8323
20141,8465
20035,8380
20058,8263
20085,8404
20018,8367
20092,8362
20115,8293
20025,8423
20101,8282
20050,8412
20034,8303
20124,8429
20142,8436
19999,8341
20057,8374
20006,8393
20082,8483
20017,8318
20107,8444
20040,8361
20114,8294
20010,8343
20033,8286
20097,8279
20083,8314
20067,8363
20039,8369
20062,8274
20064,8477
20117,8461
19974,8334
20032,8321
20140,8354
20050,8480
20122,8463
20073,8385
20147,8432
20022,8346
20080,8381
19992,8281
20031,8408
20089,8257
20038,8314
20112,8440
20130,8443
20061,8379
20079,8396
20056,8485
20021,8259
20111,8385
20044,8356
20065,8233
20014,8290
20037,8259
20055,8484
20048,8382
20122,8387
20087,8311
20071,8356
20020,8252
20027,8258
20013,8299
20103,8425
20036,8348
20054,8407
20077,8398
20151,8445
20137,8329
20086,8356
19996,8276
20144,8309
20019,8429
20093,8270
20026,8313
20116,8443
20134,8430
20030,8495
20127,8453
20009,8272
20099,8402
20120,8301
20046,8431
20069,8246
20108,8476
20002,8273
20011,8325
20119,8316
20029,8446
20052,8257
20126,8406
20075,8288
20059,8337
20068,8257
20160,8418
20109,8471
20024,8423
20042,8394
20114,8473
20051,8312
20141,8326
20074,8379
20023,8422
20081,8283
20064,8300
20154,8418
20101,8399
20050,8275
20124,8288
20034,8418
20006,8260
20084,8342
20015,8446
20107,8297
20017,8427
20040,8276
20024,8483
20114,8413
20049,8346
20139,8472
20056,8308
20055,8309
20129,8435
20039,8490
20078,8398
19981,8301
20022,8465
20080,8488
20027,8467
19990,8325
20156,8437
20031,8269
20089,8398
20112,8307
20038,8433
20061,8240
20047,8269
20121,8395
20139,8420
20070,8486
20072,8321
20146,8462
20021,8392
20111,8266
20044,8287
20104,8348
20053,8423
20060,8319
20152,8328
20150,8441
20009,8449
20048,8489
20043,8302
20133,8416
20103,8290
20013,8416
20052,8464
20137,8310
20063,8432
20121,8455
20086,8243
19978,8344
20144,8416
20019,8310
20093,8387
20026,8332
20028,8440
20035,8278
20125,8392
20143,8345
20076,8332
20099,8287
20085,8298
20108,8343
20041,8396
20025,8253
20115,8383
20011,8318
20135,8337
20068,8436
20107,8486
20091,8381
20001,8341
20024,8306
20010,8269
20118,8378
20100,8399
20033,8420
20051,8325
20141,8315
20074,8238
20148,8403
20023,8315
20081,8400
20016,8427
20000,8282
20039,8283
20131,8330
20041,8456
20113,8413
20062,8456
20064,8423
20117,8291
20073,8319
20096,8354
20045,8385
20066,8262
19976,8354
20123,8354
20033,8480
19998,8280
20056,8447
20095,8358
20005,8330
20044,8462
19991,8299
20014,8376
20106,8377
20090,8482
20037,8441
20055,8334
20113,8473
20078,8277
20136,8390
20048,8280
20138,8406
20087,8473
20145,8328
20020,8406
20027,8364
20105,8304
20036,8502
20054,8253
20128,8383
20077,8308
19987,8308
20121,8272
20047,8406
20070,8285
20072,8460
20019,8455
20093,8468
20012,8414
20030,8325
20088,8332
20053,8300
20127,8383
20150,8308
20060,8434
20099,8460
20120,8327
19995,8367
20161,8411
19979,8316
20002,8375
20110,8332
20025,8462
20043,8347
20029,8260
20119,8390
20052,8347
20059,8251
20008,8385
20109,8317
20132,8354
20028,8307
20102,8356
20035,8387
20125,8285
20058,8288
20085,8447
20018,8328
20092,8327
20041,8313
20025,8394
20115,8264
20101,8293
20050,8441
20124,8330
20142,8409
19999,8368
20006,8354
20098,8323
20135,8458
20017,8273
20091,8246
20107,8403
20040,8334
20130,8464
20010,8368
20033,8305
20097,8266
20083,8289
19993,8329
20067,8334
20016,8294
20090,8437
20039,8396
20113,8266
20062,8311
20117,8424
20032,8358
20140,8383
20073,8420
20147,8343
20057,8469
20022,8383
20080,8338
20096,8253
20045,8310
19992,8318
20031,8359
20105,8481
20112,8349
20130,8404
20079,8363
20072,8251
20021,8302
20111,8428
20044,8321
20014,8263
20037,8302
20055,8451
20060,8449
20048,8403
20122,8428
20087,8338
19997,8326
20071,8323
20020,8281
20094,8416
20004,8392
20027,8249
20103,8324
20105,8445
20036,8377
20054,8392
20077,8425
20063,8234
20137,8364
19996,8305
20019,8336
20042,8467
20026,8290
20134,8387
20116,8416
20012,8273
20030,8496
20088,8471
20127,8480
20076,8246
20009,8315
20099,8441
20046,8336
20085,8448
20002,8266
20110,8475
20115,8473
20011,8344
20119,8283
20029,8409
20052,8238
20126,8443
20075,8327
19985,8339
20059,8372
20008,8268
20082,8431
20135,8315
20017,8450
20001,8307
20109,8434
20024,8396
20042,8407
20102,8467
20051,8287
20141,8353
20148,8309
20023,8349
20097,8475
20064,8257
20101,8426
20050,8300
20034,8351
20006,8281
20084,8371
20015,8421
20017,8398
20107,8268
20040,8249
20024,8456
20114,8438
19989,8288
20049,8381
20074,8472
20095,8472
20005,8288
20097,8391
20090,8312
20055,8272
20129,8406
20154,8451
20032,8241
20022,8458
20080,8461
20089,8241
20015,8473
20038,8330
20077,8474
20061,8235
20047,8296
20121,8430
20139,8443
20072,8358
20003,8398
20111,8305
20021,8435
20044,8244
20030,8291
20104,8417
20053,8386
20127,8273
20129,8466
20152,8429
20094,8303
20043,8261
20133,8395
20103,8313
20013,8443
20036,8236
20063,8351
20086,8404
20144,8389
20093,8254
20132,8452
20116,8299
20026,8425
20028,8405
20102,8258
20035,8317
20143,8324
20125,8419
20076,8361
20007,8387
20099,8290
20046,8479
20018,8302
20108,8428
20041,8407
20115,8354
20082,8290
20135,8428
19994,8310
20068,8401
20091,8336
20001,8328
20024,8279
20010,8278
20118,8351
20100,8404
20051,8424
20074,8395
20148,8440
20081,8235
20016,8384
20039,8310
20131,8337
20041,8467
20113,8432
20064,8412
20117,8270
20022,8261
20096,8391
20045,8412
20066,8355
19976,8327
20015,8302
20153,8331
20049,8234
20123,8409
19998,8317
20056,8420
20095,8333
20005,8341
20014,8349
20106,8322
20016,8460
20090,8463
20037,8452
20129,8291
20055,8421
20078,8382
19988,8354
20136,8427
20048,8317
20138,8435
20020,8435
20096,8451
20027,8323
19990,8309
20105,8283
20089,8382
20128,8340
20038,8449
20121,8315
20047,8445
20070,8374
20072,8465
19980,8330
20019,8490
20093,8463
20003,8315
20065,8470
20012,8443
20104,8300
20088,8305
20030,8430
20053,8279
20127,8410
19986,8304
20060,8431
20099,8467
20046,8238
20120,8364
20002,8336
20110,8369
20133,8304
20043,8446
20029,8255
20119,8381
20052,8320
20063,8448
20068,8448
20109,8280
20093,8371
20132,8335
20028,8296
20102,8377
20125,8312
20035,8422
20143,8457
20058,8333
20148,8463
20007,8308
19977,8353
20108,8295
20092,8316
20018,8421
20041,8284
20025,8365
20124,8359
20142,8386
19983,8300
20006,8327
20098,8380
20082,8473
20107,8374
20040,8339
20130,8461
20100,8287
20033,8340
20123,8470
20097,8301
20081,8352
20083,8324
19993,8364
20067,8341
20016,8315
20090,8414
20113,8301
20039,8427
20062,8344
20117,8403
20140,8404
20096,8274
20080,8311
20022,8400
20045,8273
19992,8291
20066,8246
20031,8322
20105,8452
20038,8240
20112,8370
20130,8369
20040,8495
20079,8342
20111,8331
20095,8246
20044,8350
20065,8423
20037,8329
20048,8424
20122,8329
20087,8329
20032,8455
19997,8353
20071,8350
20020,8262
20094,8389
20043,8495
20103,8355
20105,8384
20054,8365
20063,8241
20137,8375
19996,8302
20070,8237
20019,8375
20026,8271
20116,8397
20134,8356
20012,8302
20030,8469
20088,8444
20035,8471
20099,8348
20046,8373
19995,8287
20069,8444
20011,8383
20029,8372
20126,8348
20075,8346
20059,8363
20008,8273
20082,8392
19994,8332
20001,8278
20109,8397
20042,8368
20010,8460
20118,8293
20051,8258
20141,8380
19984,8313
20023,8376
20092,8439
20101,8437
20050,8329
20140,8459
20034,8376
20057,8393
20084,8280
20015,8384
20017,8353
20114,8339
20123,8291
19998,8347
20074,8485
20005,8267
20097,8442
20106,8312
20090,8293
20055,8271
20129,8393
20078,8468
20032,8406
20080,8418
20031,8247
20015,8452
20038,8367
20061,8390
20079,8475
20139,8350
20049,8476
20070,8476
20072,8267
20021,8350
20065,8316
20030,8260
20104,8390
20127,8316
19986,8342
20071,8467
20110,8271
20094,8304
20043,8280
20133,8406
20013,8342
20036,8393
20151,8456
20063,8378
20086,8393
20144,8410
20116,8272
20026,8402
20028,8498
20102,8295
20104,8450
20125,8478
20143,8419
20076,8262
20009,8331
20046,8448
20069,8289
20018,8267
20108,8393
20115,8329
20126,8459
20098,8258
20082,8319
20135,8395
20068,8254
20107,8464
20091,8439
20024,8380
20010,8307
20100,8433
20118,8432
20051,8399
20074,8404
20148,8421
20131,8436
20064,8241
20140,8318
20057,8278
20022,8318
20096,8444
20066,8348
20015,8277
20049,8397
20123,8444
20095,8424
20014,8326
20106,8431
20037,8495
20055,8384
20078,8355
19988,8335
20136,8432
20020,8472
20094,8483
19990,8302
20105,8254
20089,8353
20128,8329
20038,8474
20061,8283
20121,8350
20070,8331
20003,8286
20026,8485
20065,8457
20012,8464
20104,8305
20088,8278
20030,8435
20053,8370
20127,8417
20150,8322
20145,8450
20002,8333
20110,8410
20043,8405
20119,8344
20013,8459
20086,8260
20093,8366
20132,8340
20028,8261
20102,8402
20051,8476
20125,8339
20058,8374
20007,8275
20120,8461
19977,8324
20108,8316
20092,8281
20018,8446
20041,8359
20025,8336
20142,8359
20006,8344
20098,8409
20068,8353
20107,8333
19989,8353
20100,8292
20010,8422
20118,8463
20033,8335
20123,8461
20074,8283
20081,8379
20083,8363
20067,8312
20157,8422
20016,8272
20090,8379
20000,8367
20113,8320
20062,8381
20117,8382
20140,8433
19981,8329
20147,8353
20057,8483
20096,8311
20080,8268
20022,8437
20045,8364
20130,8362
20079,8317
20153,8443
20056,8340
20021,8244
20111,8374
20065,8410
19991,8374
20037,8340
20078,8238
20138,8323
20122,8370
20087,8356
20071,8309
20145,8435
20020,8291
20094,8366
20004,8370
20043,8450
20027,8435
20013,8252
20103,8382
20105,8363
20031,8493
20054,8326
20112,8467
20086,8471
20134,8377
20012,8331
20088,8417
20060,8351
20099,8355
20046,8286
20120,8412
19995,8306
20069,8391
19979,8355
20092,8488
20110,8481
20029,8367
20103,8450
20052,8432
20126,8353
20075,8369
20059,8270
20008,8310
20082,8357
20137,8470
19994,8361
20109,8360
20042,8349
20118,8286
20058,8253
20085,8330
20092,8428
20041,8236
20101,8336
20050,8354
20034,8277
20124,8407
19999,8303
20057,8428
19983,8348
20084,8261
20017,8324
20040,8419
20114,8364
20005,8278
20097,8349
20023,8475
20083,8244
20067,8421
20106,8261
20090,8270
19988,8289
20032,8395
20073,8351
20080,8391
19992,8339
20089,8319
20038,8256
20112,8386
20061,8417
20079,8454
20139,8373
20072,8272
20056,8479
20021,8377
20044,8430
20065,8279
20053,8456
20087,8249
20071,8430
20110,8304
20094,8277
20013,8369
20036,8406
20054,8477
20059,8479
20077,8340
20063,8257
20137,8391
20086,8418
19996,8350
20093,8308
20026,8255
20116,8381
20028,8495
20102,8312
20143,8398
20076,8291
20009,8366
20046,8485
20069,8268
20108,8486
20011,8399
20029,8484
20052,8315
20075,8234
20059,8411
20098,8319
20082,8280
20084,8468
20091,8426
20001,8390
20024,8353
20100,8478
20118,8405
20051,8242
20141,8396
20074,8433
19984,8329
20081,8289
19993,8301
20131,8411
20101,8453
20057,8313
20045,8466
20066,8441
20084,8392
20015,8368
20091,8470
20040,8302
20049,8416
20056,8238
20146,8336
20095,8439
20106,8392
20055,8255
20129,8377
20078,8324
20032,8262
19997,8290
20073,8452
20020,8453
20094,8452
20089,8324
20061,8310
20153,8461
20121,8321
20070,8428
20072,8411
20003,8357
20021,8462
20026,8462
20044,8289
20104,8278
20088,8251
20030,8404
20053,8349
20076,8466
20150,8359
20110,8447
20133,8358
20036,8281
19985,8311
20063,8394
20086,8313
20144,8362
20093,8329
20028,8354
20102,8439
20051,8451
20125,8334
20058,8403
20076,8406
20007,8366
20108,8281
20092,8246
20018,8411
20041,8330
20131,8456
20025,8315
20115,8441
20101,8246
20142,8328
20098,8434
20068,8334
20091,8295
19989,8332
20100,8321
20033,8354
20051,8383
20123,8480
20074,8292
20148,8341
20058,8471
20097,8251
20081,8350
20083,8398
20067,8287
20016,8373
20090,8356
20000,8324
20113,8347
20062,8390
20064,8353
20117,8345
20073,8245
20096,8300
20022,8430
20045,8327
20130,8327
20040,8473
20061,8455
20079,8280
20049,8285
20056,8377
20095,8312
20065,8381
20083,8458
19991,8365
20014,8438
20037,8383
20055,8368
20136,8320
20138,8364
20122,8287
20087,8387
20071,8272
20145,8406
20020,8328
20094,8371
20004,8351
20043,8473
20027,8406
20105,8334
20031,8456
20089,8465
20036,8456
20054,8315
20128,8441
20077,8250
19987,8366
20047,8328
20086,8456
20111,8465
20116,8471
20134,8338
20155,8443
20012,8352
20088,8390
20060,8372
20046,8259
20120,8385
19995,8297
20069,8354
19979,8326
20018,8458
20092,8453
20043,8357
20029,8330
20103,8473
20052,8413
20075,8404
20059,8293
20149,8427
20008,8347
20082,8382
20098,8453
20109,8323
20042,8294
20132,8420
20028,8245
20035,8349
20067,8460
20085,8373
20159,8420
20092,8393
20041,8247
20101,8379
20050,8383
20034,8270
20124,8396
20142,8471
19999,8330
20057,8343
20075,8464
20084,8290
20017,8351
20040,8392
20114,8265
20033,8255
20097,8368
20081,8459
20083,8283
20067,8392
20039,8342
20062,8269
20032,8416
20140,8321
20050,8451
20073,8354
20147,8401
20080,8412
20045,8252
19992,8376
20031,8441
20089,8290
20038,8293
20112,8423
20061,8348
20079,8429
20072,8309
20162,8427
20056,8452
20021,8356
20044,8395
20065,8266
20014,8317
20136,8459
20048,8349
20087,8276
20071,8389
20094,8254
20133,8476
20027,8291
20013,8268
20103,8398
20036,8435
20128,8308
20054,8438
20077,8367
20063,8300
20137,8426
20047,8477
20086,8327
20019,8394
20093,8303
20042,8489
20116,8346
20134,8457
20028,8452
20076,8312
20009,8369
20099,8243
20046,8398
20120,8268
20069,8279
20108,8451
20002,8304
20029,8479
20034,8449
20052,8288
20075,8257
20059,8446
20082,8245
20068,8288
20158,8422
20091,8385
20024,8326
20132,8303
20042,8429
20118,8398
20141,8423
20074,8346
20023,8391
20081,8260
20154,8325
20101,8480
20050,8242
20034,8389
20006,8295
20066,8402
20084,8437
20015,8351
20091,8461
20040,8307
20049,8443
20056,8275
20146,8429
20164,8412
20095,8402
20106,8405
20129,8348
20039,8459
20078,8425
20032,8315
20020,8482
20027,8496
19990,8356
20066,8470
20031,8290
20089,8431
20112,8274
20038,8400
20121,8356
20139,8389
20070,8385
20072,8416
20003,8328
20021,8489
20044,8318
20030,8249
20104,8379
20014,8456
20053,8440
20060,8286
20152,8359
20048,8456
20069,8472
20110,8416
20133,8321
20013,8385
20103,8259
20036,8294
20128,8463
20149,8449
20063,8401
20144,8335
20019,8279
20093,8420
20026,8367
20028,8351
20035,8247
20125,8361
20143,8382
20058,8444
20076,8435
20007,8325
20085,8267
20108,8374
20041,8429
20025,8286
20115,8412
20011,8287
20119,8470
20124,8470
20098,8431
20135,8374
20068,8427
20091,8282
20001,8374
20100,8366
20033,8389
20051,8354
19982,8334
20023,8280
20081,8433
20083,8437
20016,8330
20090,8321
20106,8452
20000,8313
20039,8248
20113,8382
20131,8363
20041,8489
20062,8427
20064,8326
20117,8324
20073,8280
20163,8410
20096,8321
20045,8418
20066,8297
20061,8482
20079,8263
20049,8304
20123,8323
20033,8449
20056,8414
20095,8263
20005,8363
20044,8493
20065,8336
19991,8328
20014,8411
20037,8410
20055,8367
20078,8308
20136,8357
20048,8263
20138,8393
20122,8312
20087,8446
20071,8239
20145,8361
20020,8373
20094,8340
20004,8292
20027,8397
20105,8337
20031,8471
20036,8469
20054,8284
20128,8414
20077,8277
19987,8341
20047,8375
20070,8316
20134,8311
20012,8381
20030,8356
20088,8363
20127,8348
20060,8401
20046,8292
20120,8422
20138,8461
19995,8332
20069,8333
20043,8376
20011,8460
20029,8293
20119,8423
20052,8378
20126,8303
20075,8427
20149,8342
20008,8352
20082,8347
20109,8350
20042,8259
20132,8385
20102,8327
20141,8461
20035,8352
20058,8259
20067,8467
20085,8400
20018,8363
20092,8358
20115,8297
20025,8427
20101,8262
20050,8408
20034,8299
20124,8425
20142,8440
19999,8337
20057,8378
19983,8358
20006,8397
20017,8306
20107,8432
20040,8365
20114,8290
20010,8339
20033,8274
20097,8363
20023,8493
20083,8318
20067,8367
20039,8365
20062,8278
20064,8465
20117,8457
20032,8325
20140,8350
20050,8476
20122,8459
20073,8389
20147,8436
20022,8350
20080,8369
19992,8285
20031,8388
20089,8261
20038,8318
20112,8444
20130,8439
20061,8375
20079,8392
20139,8303
20021,8271
20111,8397
20044,8352
20065,8237
20014,8294
20037,8271
20055,8480
20136,8464
20048,8370
20122,8399
20087,8307
20071,8352
20020,8248
20027,8262
20013,8295
20103,8421
20036,8344
20128,8297
20054,8427
20077,8394
20151,8441
20137,8333
20086,8376
19996,8272
20019,8433
20093,8266
20116,8327
20134,8418
20127,8449
20009,8276
20099,8406
20120,8305
20046,8435
20069,8242
20108,8472
20002,8301
20011,8441
20119,8312
20029,8442
20052,8269
20126,8410
20075,8292
20059,8341
20068,8269
20160,8422
20017,8483
20109,8467
20024,8427
20132,8308
20042,8438
20114,8469
20051,8316
20141,8322
20074,8359
20023,8418
20081,8287
20064,8288
20154,8430
20101,8395
20050,8271
20124,8316
20034,8446
20006,8312
20066,8399
20084,8338
20015,8442
20107,8301
20017,8431
20040,8280
20024,8487
20114,8409
20049,8350
20139,8476
20056,8312
20106,8254
20055,8305
20129,8439
20039,8486
20078,8402
20022,8469
20027,8471
19990,8345
20156,8433
20031,8265
20089,8402
20112,8311
20038,8437
20047,8265
20121,8399
20139,8408
20070,8410
20072,8325
20146,8458
20111,8278
20021,8404
20044,8283
20104,8320
20053,8419
20060,8315
20152,8332
20150,8445
20009,8453
20043,8290
20133,8428
20103,8286
20013,8412
20052,8476
20137,8314
20063,8444
20121,8459
20086,8247
19978,8324
20144,8420
20019,8314
20093,8415
20026,8328
20028,8436
20035,8282
20125,8388
20143,8357
20076,8328
20009,8385
20099,8259
20085,8310
20108,8339
20041,8432
20025,8257
20115,8387
20011,8306
20119,8461
20135,8333
20068,8432
20091,8369
20001,8361
20024,8310
20010,8265
20100,8395
20118,8382
20033,8440
20051,8329
20074,8234
20148,8415
20023,8311
20081,8404
20016,8431
20000,8286
20039,8279
20131,8334
20041,8460
20113,8401
20062,8460
20064,8443
20117,8303
20073,8291
20163,8417
20096,8358
20045,8445
20066,8258
20153,8356
20123,8358
20033,8484
19998,8284
20056,8387
20146,8317
20095,8354
20005,8374
20044,8458
20065,8331
20155,8457
19991,8295
20014,8380
20106,8357
20037,8421
20055,8330
20113,8477
20078,8281
20136,8394
20048,8284
20138,8402
20122,8293
20087,8469
20145,8332
20020,8402
20027,8352
20105,8308
20036,8498
20054,8241
20128,8371
20077,8304
19987,8312
20121,8276
20047,8402
20070,8273
20019,8459
20093,8464
20030,8329
20088,8336
20053,8296
20127,8379
20060,8398
20120,8331
20138,8470
19995,8355
20161,8415
19979,8304
20002,8371
20110,8336
20025,8466
20043,8351
20029,8256
20119,8386
20052,8359
20126,8304
20059,8255
20008,8389
20068,8487
20109,8313
20042,8236
20132,8366
20102,8344
20125,8281
20035,8391
20058,8300
20085,8443
20018,8324
20092,8323
20041,8317
20025,8398
20115,8268
20101,8289
20050,8437
20124,8326
20142,8413
19999,8380
20006,8358
20098,8351
20008,8449
20135,8454
20084,8244
20017,8277
20107,8407
20040,8370
20114,8319
20010,8380
20100,8254
20033,8309
20097,8270
20083,8293
19993,8333
20067,8370
20090,8433
20039,8392
20113,8270
20062,8315
20117,8436
20032,8378
20140,8379
20073,8424
20147,8347
20057,8473
20022,8371
20080,8342
20096,8241
20045,8306
20031,8355
20105,8485
20112,8337
20130,8400
20079,8375
20072,8255
20021,8298
20111,8424
20044,8381
20014,8267
20037,8298
20055,8479
20060,8477
20048,8407
20122,8424
20087,8302
19997,8322
20071,8383
20094,8420
20027,8253
20103,8320
20105,8417
20036,8357
20054,8396
20077,8421
20137,8336
20047,8487
20019,8340
20042,8479
20026,8302
20134,8391
20116,8428
20012,8269
20030,8500
20088,8475
20143,8319
20076,8242
20009,8319
20099,8445
20046,8340
20085,8460
20110,8479
20115,8477
20011,8348
20119,8279
20029,8405
20052,8234
20126,8447
20075,8315
19985,8343
20059,8328
20082,8427
20135,8311
20017,8454
20001,8311
20109,8430
20024,8400
20042,8403
20102,8471
20051,8291
20141,8349
20148,8305
20023,8345
20097,8479
20131,8296
20064,8261
20101,8406
20050,8296
20034,8347
20057,8234
20006,8285
20084,8383
20015,8417
20017,8386
20107,8256
20040,8253
20024,8460
20114,8434
19989,8300
20049,8369
20074,8452
20095,8452
20005,8300
20097,8411
20055,8300
20129,8426
20032,8245
20022,8462
20080,8449
20027,8458
20156,8430
20031,8276
20089,8245
20038,8334
20077,8470
20047,8308
20121,8434
20139,8447
20072,8362
20111,8317
20021,8447
20169,8414
20044,8240
20030,8295
20104,8421
20053,8398
20127,8285
20129,8470
20152,8433
20043,8313
20133,8439
20103,8309
20013,8439
20063,8347
20144,8441
20019,8289
20093,8250
20132,8448
20116,8311
20026,8437
20028,8401
20102,8262
20104,8481
20035,8289
20143,8320
20125,8447
20076,8357
20007,8447
20099,8294
20018,8298
20108,8424
20041,8411
20115,8358
20135,8424
19994,8306
20068,8413
20091,8340
20001,8332
20024,8283
20010,8274
20118,8339
20100,8400
20051,8428
20074,8247
20081,8239
20007,8451
20016,8388
20039,8306
20131,8341
20041,8471
20113,8436
20062,8465
20064,8400
20117,8266
20022,8281
20096,8411
20045,8408
20066,8383
19976,8331
20015,8298
20049,8238
20123,8413
19998,8289
20056,8424
20095,8329
20005,8337
20014,8353
20106,8334
20016,8448
20090,8459
20037,8448
20129,8295
20055,8417
20078,8258
19988,8366
20136,8431
20048,8305
20138,8447
20020,8447
20096,8455
20027,8327
20105,8287
20054,8234
20128,8360
20038,8453
19987,8287
20121,8319
20047,8441
20070,8362
20072,8469
19980,8326
20093,8459
20003,8319
20012,8439
20030,8338
20088,8309
20053,8275
20127,8390
19986,8300
20060,8427
20099,8471
20046,8242
20120,8368
20161,8434
20002,8364
20110,8373
20133,8316
20043,8434
20029,8251
20119,8377
20052,8332
20008,8426
20063,8460
20068,8460
20109,8276
20132,8331
20028,8292
20102,8381
20125,8308
20035,8426
20143,8469
20058,8329
20148,8459
20007,8304
20085,8422
20108,8291
20092,8312
20018,8417
20041,8256
20025,8369
20124,8355
20142,8390
20006,8379
20098,8376
20082,8469
20135,8477
20107,8362
20040,8343
20130,8457
20100,8283
20033,8296
20097,8289
20081,8356
20083,8328
19993,8368
20067,8345
20016,8319
20090,8410
20113,8289
20039,8423
20062,8348
20117,8415
20140,8400
20073,8435
19981,8362
20096,8278
20080,8299
20022,8404
20045,8269
19992,8295
20066,8242
20031,8334
20105,8456
20038,8244
20112,8374
20130,8397
20079,8338
20111,8343
20095,8242
20044,8346
20065,8443
20037,8309
20048,8428
20122,8341
20087,8325
20032,8475
20071,8346
20020,8258
20094,8393
20043,8483
20103,8351
20105,8388
20054,8353
20063,8253
20137,8379
19996,8298
20019,8379
20026,8267
20116,8393
20134,8408
20012,8298
20030,8473
20088,8448
20035,8475
20099,8320
20046,8377
19995,8275
20069,8440
20110,8448
20115,8448
20011,8371
20029,8368
20126,8320
20075,8350
19985,8362
20059,8367
20008,8277
20082,8388
19994,8328
20017,8473
20001,8298
20109,8393
20042,8380
20010,8456
20118,8313
20051,8262
20141,8376
19984,8317
20023,8372
20092,8435
20101,8433
20050,8325
20140,8455
20034,8372
19999,8268
20057,8397
20084,8356
20015,8396
20017,8357
20114,8335
20123,8295
19998,8351
20074,8481
20005,8311
20097,8446
20106,8292
20090,8289
20055,8267
20129,8397
20078,8472
20022,8483
20080,8422
20031,8243
20015,8448
20038,8355
20061,8386
20079,8487
20139,8338
20049,8464
20070,8464
20072,8271
20021,8346
20065,8304
20030,8264
20104,8394
20127,8312
20129,8457
19986,8338
20150,8459
20071,8463
20110,8275
20094,8308
20043,8284
20133,8402
20013,8338
20036,8245
20151,8452
20063,8358
20086,8397
20144,8414
20116,8284
20026,8414
20028,8398
20102,8283
20104,8454
20125,8474
20143,8431
20076,8258
20009,8335
20046,8452
20069,8301
20018,8263
20108,8389
20115,8333
20126,8463
20098,8286
20082,8315
20135,8391
20068,8250
20107,8468
20091,8331
20024,8256
20010,8319
20100,8445
20118,8436
20051,8403
20074,8400
20148,8417
20016,8409
20131,8440
20064,8245
20057,8282
20022,8306
20096,8432
20066,8344
19976,8336
20015,8273
20049,8385
20123,8432
20146,8371
20095,8340
20005,8444
20014,8330
20106,8427
20037,8491
20055,8412
20078,8359
19988,8331
20136,8436
20020,8420
20094,8487
19990,8290
20089,8357
20128,8333
20038,8478
20061,8279
20121,8290
20047,8420
20070,8335
20026,8481
20065,8461
20012,8460
20104,8309
20088,8282
20030,8439
20053,8382
20127,8429
20150,8326
20145,8454
20002,8329
20110,8414
20043,8393
20119,8340
20013,8455
20086,8280
20093,8362
20132,8336
20028,8257
20102,8406
20051,8480
20125,8303
20035,8433
20058,8370
20007,8271
20120,8465
19977,8328
20108,8312
20092,8277
20018,8442
20041,8363
20025,8340
20142,8363
20006,8348
20098,8405
20068,8365
20107,8321
19989,8365
20100,8288
20118,8451
20033,8323
20123,8449
20074,8263
20081,8383
20083,8367
20067,8316
20157,8418
20016,8276
20090,8391
20000,8355
20113,8324
20062,8353
20117,8378
20140,8429
19981,8325
20147,8357
20057,8487
20022,8393
20080,8256
20096,8267
20045,8360
20066,8239
20031,8341
20105,8467
20130,8358
20079,8313
20153,8447
20056,8344
20111,8370
20065,8414
19991,8370
20037,8336
20078,8242
20138,8335
20122,8382
20087,8352
20032,8496
20071,8305
20145,8439
20020,8303
20094,8402
20004,8382
20043,8454
20027,8439
20103,8378
20105,8367
20031,8489
20054,8346
20112,8471
20151,8366
20070,8250
20134,8381
20012,8327
20088,8421
20060,8347
20099,8359
20046,8354
19995,8310
20069,8387
20092,8484
20110,8485
20029,8363
20052,8444
20126,8357
20075,8373
20059,8258
20008,8314
20082,8353
20137,8474
19994,8373
20001,8269
20109,8356
20042,8345
20118,8274
20058,8249
20085,8342
20092,8424
20101,8348
20050,8350
20034,8273
20124,8403
19999,8299
20057,8432
19983,8344
20084,8257
20017,8376
20040,8423
20114,8360
19998,8352
20005,8274
20097,8337
20023,8471
20083,8248
20067,8425
20106,8257
20090,8266
19988,8301
20062,8236
20032,8399
20073,8323
20080,8443
19992,8343
20038,8260
20112,8390
20061,8445
20079,8450
20139,8361
20072,8276
20021,8325
20044,8426
20065,8299
20053,8468
20087,8245
20071,8426
20110,8308
20094,8281
20013,8365
20036,8402
20054,8465
20059,8467
20077,8336
20063,8269
20137,8395
20086,8422
19996,8346
20093,8304
20026,8251
20116,8377
20028,8491
20102,8316
20143,8394
20076,8287
20009,8338
20046,8489
20069,8264
20108,8482
20011,8387
20029,8480
20126,8464
20075,8238
20059,8415
20098,8315
20082,8276
20084,8464
20091,8430
20024,8357
20100,8474
20118,8425
20051,8246
20141,8392
20074,8445
19984,8333
20081,8293
19993,8305
20131,8415
20064,8234
20101,8449
20057,8317
20045,8462
20066,8437
20084,8404
20015,8380
20049,8420
20056,8242
20146,8332
20095,8435
20005,8391
20106,8436
20055,8251
20129,8381
20078,8328
20032,8282
19997,8318
20073,8456
20020,8449
20094,8456
20089,8328
20038,8499
20061,8306
20121,8325
20070,8416
20072,8415
20003,8361
20021,8458
20026,8458
20104,8282
20088,8255
20030,8408
20053,8345
20076,8462
20060,8253
20110,8387
20043,8236
20133,8354
20036,8261
19985,8299
20086,8317
20144,8366
20093,8325
20028,8382
20102,8427
20051,8455
20125,8330
20058,8415
20076,8402
20007,8362
20085,8236
19977,8339
20108,8277
20092,8242
20018,8407
20041,8334
20131,8460
20025,8319
20115,8445
20142,8332
20098,8398
20068,8330
20091,8315
19989,8328
20100,8333
20033,8358
20123,8484
20074,8288
20148,8337
20058,8467
20097,8255
20081,8338
20083,8402
20067,8259
20016,8361
20090,8352
20106,8487
20000,8344
20113,8351
20062,8394
20064,8357
20117,8357
20073,8249
20096,8288
20022,8418
20045,8323
20130,8323
20040,8477
20061,8451
20079,8292
20153,8418
20049,8273
20056,8381
20095,8292
20065,8369
20083,8462
19991,8361
20014,8442
20037,8379
20136,8324
20138,8360
20122,8283
20087,8415
20071,8268
20020,8340
20094,8375
20004,8347
20043,8477
20027,8426
20105,8370
20031,8500
20089,8469
20054,8319
20128,8445
20077,8246
19987,8370
20047,8340
20086,8460
20111,8477
20116,8467
20134,8342
20155,8447
20012,8348
20088,8394
20053,8238
20060,8368
20046,8263
20120,8389
19995,8301
20069,8366
20018,8454
20092,8449
20029,8326
20103,8469
20052,8409
20075,8392
20059,8313
20149,8439
20008,8351
20082,8378
20098,8449
20109,8383
20042,8290
20132,8416
20028,8241
20035,8321
20085,8369
20159,8416
20092,8389
20041,8251
20101,8359
20050,8379
20034,8266
20124,8392
19999,8310
20057,8347
20075,8468
19983,8327
20084,8302
20017,8339
20040,8396
20033,8243
20097,8372
20081,8463
20083,8287
20067,8396
20090,8247
20039,8338
20062,8241
20032,8420
20073,8358
20147,8405
20080,8400
20045,8248
20031,8421
20089,8294
20038,8281
20112,8411
20061,8344
20079,8425
20072,8313
20162,8423
20056,8456
20021,8352
20044,8391
20065,8270
20136,8463
20048,8337
20087,8272
20071,8385
20133,8472
20027,8295
20013,8264
20103,8394
20036,8447
20054,8458
20077,8363
20063,8296
20137,8430
20047,8473
20086,8347
19996,8375
20019,8398
20093,8299
20116,8358
20134,8461
20028,8448
20076,8308
20009,8373
20099,8247
20120,8272
20046,8402
20069,8275
20011,8422
20029,8475
20034,8477
20052,8300
20075,8261
20059,8434
20082,8241
20068,8300
20158,8426
20091,8389
20024,8330
20132,8299
20042,8425
20100,8487
20118,8386
20141,8419
20074,8326
19984,8354
20023,8387
20081,8312
20050,8238
20034,8385
20057,8288
20066,8430
20084,8433
20015,8347
20091,8449
20040,8311
20049,8447
19975,8339
20056,8279
20146,8425
20095,8414
20106,8401
20129,8336
20039,8455
20078,8429
20032,8319
20073,8467
19990,8376
20066,8466
20031,8302
20089,8435
20112,8278
20038,8404
20061,8301
20047,8238
20121,8360
20070,8389
20072,8420
20003,8332
20044,8314
20030,8253
20104,8383
20014,8460
20053,8324
20060,8282
20152,8363
20048,8460
20069,8452
20110,8420
20133,8333
20036,8290
20128,8451
20149,8461
20063,8413
20144,8323
20019,8283
20093,8416
20026,8363
20028,8347
20035,8251
20125,8357
20143,8378
20058,8440
20076,8431
20007,8321
20085,8279
20108,8370
20041,8337
20131,8467
20025,8290
20115,8416
20011,8275
20119,8466
20124,8466
20098,8427
20135,8370
20068,8343
20091,8286
20100,8362
20033,8409
20051,8358
19982,8338
20023,8276
20081,8437
20083,8441
20016,8334
20090,8333
20106,8448
20000,8317
20039,8244
20113,8370
20131,8367
20041,8493
20062,8431
20064,8346
20117,8320
20073,8284
20163,8414
20096,8325
20080,8250
20045,8350
20066,8293
20130,8316
20079,8259
20049,8308
20123,8327
20033,8453
20056,8354
20095,8259
20044,8489
20065,8340
19991,8324
20014,8415
20037,8390
20055,8363
20078,8312
20136,8361
20048,8251
20138,8373
20087,8442
20071,8235
20145,8365
20020,8369
20094,8344
20004,8288
20027,8385
20105,8341
20031,8467
20036,8465
20054,8272
20128,8402
20077,8273
19987,8345
20047,8371
20086,8481
20070,8304
20134,8299
20012,8377
20030,8360
20088,8367
20127,8344
20060,8365
20046,8296
20120,8426
20138,8457
19995,8320
20069,8329
19979,8337
20043,8380
20011,8448
20029,8289
20119,8419
20052,8390
20126,8275
20075,8431
20149,8338
20008,8356
20082,8343
20109,8346
20042,8271
20132,8397
20141,8457
20035,8356
20058,8271
20067,8471
20085,8412
20018,8359
20092,8354
20115,8301
20025,8431
20101,8258
20050,8404
20034,8295
20124,8421
20142,8444
19999,8349
20057,8382
19983,8354
20006,8385
20017,8310
20107,8436
20040,8401
20114,8286
20010,8351
20033,8278
20097,8367
20023,8489
20083,8258
20067,8403
20016,8249
20039,8361
20062,8282
20064,8469
20117,8469
20032,8345
20140,8346
20050,8472
20122,8471
20073,8393
20147,8440
20022,8338
20080,8373
19992,8353
20031,8384
20089,8265
20038,8306
20112,8432
20130,8435
20061,8371
20079,8404
20021,8267
20111,8393
20044,8412
20014,8298
20037,8267
20136,8468
20048,8374
20122,8395
20087,8271
20071,8412
20027,8282
20013,8291
20103,8417
20036,8324
20128,8301
20054,8431
20077,8390
20151,8437
20063,8311
20137,8433
20047,8452
20086,8380
19996,8364
20019,8437
20093,8262
20116,8323
20134,8422
20127,8461
20009,8280
20099,8410
20120,8309
20046,8439
20069,8254
20108,8468
20002,8297
20011,8445
20119,8308
20029,8438
20034,8502
20052,8265
20126,8414
20075,8280
20059,8425
20068,8265
20109,8463
20024,8431
20132,8304
20042,8434
20114,8465
20141,8446
20074,8355
20023,8446
20081,8275
20064,8292
20154,8426
20050,8267
20124,8312
20034,8442
20006,8316
20066,8395
20084,8350
20015,8326
20107,8289
20017,8419
20040,8284
20024,8491
20114,8405
20049,8338
20139,8464
20056,8316
20095,8485
20129,8331
20039,8482
20078,8406
20080,8480
20027,8491
19990,8349
20066,8463
20031,8309
20089,8406
20112,8299
20038,8425
20047,8277
20121,8403
20139,8412
20070,8414
20072,8329
20146,8454
20003,8339
20111,8274
20021,8400
20044,8279
20104,8324
20053,8431
20060,8311
20150,8433
20009,8457
20048,8481
20043,8294
20133,8424
20103,8282
20013,8408
20052,8472
20137,8318
20063,8440
20121,8463
19978,8320
20144,8344
20019,8318
20093,8411
20026,8340
20028,8432
20035,8286
20125,8384
20143,8353
20058,8421
20076,8324
20007,8348
20009,8389
20099,8263
20085,8306
20108,8335
20041,8436
20025,8261
20115,8391
20011,8310
20119,8457
20124,8463
20135,8329
19994,8277
20068,8444
20091,8373
20001,8365
20024,8314
20100,8375
20118,8370
20033,8444
20051,8333
20023,8307
20081,8392
20016,8419
20000,8274
20039,8275
20131,8370
20041,8496
20113,8405
20062,8432
20064,8447
20117,8299
20073,8295
20022,8248
20096,8378
20045,8441
20066,8286
20079,8238
20123,8378
20033,8504
20056,8391
20146,8313
20095,8366
20005,8370
20044,8454
20065,8335
19991,8291
20014,8384
20106,8353
20037,8417
20055,8326
20113,8465
20078,8285
20136,8398
20048,8272
20138,8414
20122,8289
20087,8465
20145,8320
20020,8414
20004,8269
20027,8356
20105,8312
20054,8245
20128,8375
20077,8300
19987,8316
20121,8280
20047,8414
20070,8277
19980,8357
20019,8463
20111,8487
20012,8406
20030,8333
20088,8340
20053,8308
20127,8359
20060,8394
20120,8335
20138,8466
19995,8359
20069,8340
19979,8308
20110,8340
20025,8470
20043,8339
20029,8284
20119,8414
20052,8355
20126,8308
20059,8243
20008,8393
20068,8483
20144,8467
20109,8309
20132,8362
20102,8348
20035,8395
20125,8277
20058,8296
20085,8391
20018,8320
20092,8351
20041,8289
20115,8272
20025,8402
20101,8301
20050,8433
20124,8322
20142,8417
19999,8376
20057,8353
20098,8347
20008,8453
20135,8450
20084,8240
20017,8265
20107,8395
20040,8374
20114,8315
20010,8376
20100,8250
20033,8265
20097,8258
20083,8297
19993,8337
20067,8374
20090,8445
20039,8388
20062,8319
20064,8458
20117,8432
20032,8382
20140,8375
20073,8428
20147,8351
20057,8477
20022,8375
20080,8330
20096,8245
20045,8302
20031,8367
20112,8341
20130,8428
20061,8366
20079,8371
20021,8310
20111,8436
20044,8377
20014,8271
20037,8278
20055,8475
20060,8473
20048,8395
20122,8436
20087,8298
19997,8350
20071,8379
20094,8424
20027,8241
20013,8318
20103,8444
20105,8421
20036,8353
20054,8384
20077,8417
20137,8340
20047,8483
20019,8344
20042,8475
20026,8298
20116,8424
20134,8443
20012,8265
20088,8479
20143,8315
20076,8238
20009,8291
20099,8417
20046,8344
20085,8456
20115,8481
20011,8336
20119,8275
20029,8401
20052,8246
20126,8419
20075,8319
19985,8331
20059,8332
20082,8423
20135,8307
20068,8278
20109,8426
20024,8404
20042,8415
20102,8459
20051,8295
20141,8345
20148,8317
20023,8341
20097,8467
20131,8300
20064,8281
20101,8402
20050,8292
20034,8343
20057,8238
20006,8273
20084,8379
20015,8429
20017,8390
20107,8260
20024,8464
20114,8430
19989,8296
20049,8373
20056,8289
20074,8448
20146,8415
20095,8448
20005,8296
20097,8415
20055,8296
20129,8430
20154,8459
20022,8450
20080,8453
20027,8462
20156,8426
20031,8272
20089,8249
20015,8481
20038,8322
20077,8466
20047,8304
20121,8438
20139,8435
20072,8366
20111,8313
20021,8443
20044,8236
20030,8299
20104,8425
20053,8394
20127,8281
20060,8300
20150,8426
20152,8437
20043,8317
20133,8435
20103,8305
20013,8435
20052,8453
20063,8327
20086,8236
20144,8445
20019,8293
20093,8246
20132,8460
20116,8307
20026,8433
20028,8429
20104,8485
20035,8293
20143,8332
20125,8443
20076,8353
20007,8443
20099,8298
20009,8424
20018,8294
20108,8420
20041,8415
20115,8362
20124,8484
20135,8420
19994,8318
20068,8409
20091,8360
20001,8320
20024,8287
20010,8286
20118,8343
20100,8412
20051,8432
20074,8243
20023,8302
20016,8440
20039,8302
20131,8345
20041,8475
20113,8424
20062,8469
20064,8404
20117,8278
20022,8285
20096,8415
20045,8404
20066,8379
19976,8335
20015,8310
20123,8401
19998,8293
20056,8428
20095,8373
20005,8349
19991,8286
20014,8357
20106,8330
20016,8452
20090,8471
20037,8460
20129,8315
20055,8445
20078,8262
19988,8362
20136,8403
20048,8309
20138,8443
20087,8460
20145,8347
20020,8443
20096,8475
20027,8347
20105,8259
20054,8238
20128,8364
19987,8291
20047,8389
20070,8366
20072,8473
19980,8322
20093,8455
20003,8291
20012,8435
20030,8342
20088,8313
20053,8287
20127,8386
20060,8423
20152,8448
20099,8475
20046,8246
20120,8372
20002,8360
20110,8377
20133,8312
20043,8438
20029,8247
20119,8373
20052,8328
20008,8430
20063,8456
20068,8456
20109,8272
20042,8245
20132,8375
20028,8288
20102,8369
20125,8304
20035,8430
20143,8465
20058,8341
20007,8300
20085,8418
20018,8349
20092,8308
20041,8260
20025,8373
20034,8253
20124,8383
20142,8394
19983,8308
20006,8383
20098,8372
20082,8465
20135,8473
20107,8366
20040,8347
20130,8453
20010,8389
20100,8263
20118,8482
20033,8300
20097,8293
20083,8332
19993,8372
20067,8349
20016,8307
20090,8422
20000,8386
20113,8293
20039,8419
20062,8320
20117,8411
20140,8396
20073,8439
19981,8358
20147,8322
20057,8448
20022,8360
20080,8303
20045,8265
19992,8299
20031,8330
20105,8460
20112,8362
20130,8393
20079,8350
20111,8339
20095,8254
20005,8450
20044,8342
20065,8447
20037,8305
20138,8302
20048,8416
20122,8337
20087,8321
20032,8479
20071,8342
20020,8270
20094,8397
20043,8487
20103,8347
20105,8392
20054,8357
20077,8444
20063,8249
20137,8383
19996,8294
20019,8383
20026,8279
20116,8405
20134,8412
20012,8294
20030,8477
20088,8452
20035,8479
20099,8324
20046,8381
19995,8279
20069,8420
20110,8452
20115,8452
20011,8375
20029,8396
20119,8270
20126,8324
20075,8338
20059,8355
20008,8281
20082,8384
19994,8340
20017,8477
20001,8302
20109,8389
20042,8376
20118,8317
20051,8266
20141,8372
19984,8305
20023,8368
20131,8307
20101,8445
20050,8321
20140,8451
20034,8368
20057,8401
20084,8352
20015,8392
20107,8283
20017,8409
20114,8331
20123,8315
19998,8323
20005,8307
20097,8434
20106,8288
20090,8301
20055,8263
20129,8385
20078,8476
20032,8238
20022,8487
20080,8474
20031,8255
20015,8460
20038,8359
20061,8414
20079,8483
20139,8342
20049,8468
20070,8468
20072,8371
20111,8292
20021,8422
20065,8308
20030,8268
20104,8398
20127,8292
20129,8461
19986,8334
20150,8463
20071,8459
20110,8279
20094,8312
20043,8272
20133,8414
20013,8334
20036,8241
20151,8448
20063,8354
20086,8385
20144,8402
20116,8280
20026,8410
20028,8394
20102,8287
20104,8458
20125,8470
20143,8427
20076,8382
20099,8305
20046,8456
20069,8297
20018,8259
20108,8385
20115,8337
20098,8282
20082,8311
20135,8387
20107,8456
20091,8335
20024,8260
20010,8315
20118,8328
20100,8441
20051,8407
20074,8412
20148,8429
20016,8413
20131,8444
20064,8393
20057,8286
20022,8310
20096,8436
20066,8340
19976,8340
20015,8285
20049,8389
20123,8436
20146,8367
20095,8336
20014,8334
20106,8343
20016,8473
20037,8471
20129,8286
20055,8408
20078,8363
19988,8343
20136,8440
19997,8287
20020,8416
19990,8294
20089,8361
20128,8321
20038,8466
20061,8275
20121,8294
20047,8416
20070,8323
19980,8351
20026,8493
20065,8449
20012,8456
20104,8313
20088,8286
20030,8443
20053,8378
20127,8425
20150,8346
20161,8425
20002,8325
20110,8354
20043,8397
20119,8336
20013,8451
20063,8471
20068,8469
20086,8284
19978,8317
20093,8358
20132,8348
20028,8285
20102,8394
20051,8484
20125,8299
20035,8437
20058,8382
20007,8267
20120,8469
19977,8332
20108,8308
20092,8273
20018,8438
20041,8367
20025,8344
20142,8367
20006,8336
20098,8401
20068,8361
20107,8325
19989,8361
20100,8300
20010,8430
20118,8455
20033,8327
20123,8453
20074,8259
20081,8371
20083,8371
20067,8288
20157,8446
20016,8264
20090,8387
20000,8359
20113,8312
20039,8446
20062,8357
20117,8390
20140,8425
19981,8321
20147,8361
20022,8397
20080,8260
20096,8271
20045,8356
20066,8235
20031,8337
20105,8471
20130,8354
20079,8325
20056,8348
20021,8252
20111,8382
20065,8402
20037,8348
20078,8246
20138,8331
20122,8378
20087,8380
20032,8500
20071,8301
20145,8427
20020,8299
20094,8406
20004,8378
20103,8374
20105,8403
20054,8350
20112,8459
20151,8362
20070,8254
20019,8354
20134,8369
20012,8323
20088,8425
20035,8482
20060,8343
20099,8363
20046,8358
20069,8399
20018,8489
20092,8480
20029,8359
20052,8440
20126,8361
20075,8361
20059,8262
20008,8318
20082,8413
20137,8478
19994,8369
20109,8352
20042,8325
20010,8465
20118,8278
20023,8367
20085,8338
20092,8420
20101,8344
20050,8346
20140,8472
20034,8365
19999,8279
20057,8436
20084,8269
20017,8380
20107,8254
20040,8427
20114,8356
19998,8356
20005,8286
20097,8341
20023,8467
20081,8488
20083,8252
20067,8429
20106,8269
20090,8278
20078,8449
19988,8297
20032,8387
20073,8327
20080,8447
19992,8347
20038,8376
20061,8441
20079,8462
20139,8365
20072,8280
20021,8321
20044,8422
20065,8303
20030,8273
20104,8403
20053,8464
19986,8363
20087,8241
20071,8422
20110,8312
20094,8285
20013,8361
20036,8414
20054,8469
20059,8471
20077,8332
20063,8265
20137,8399
20086,8442
19996,8342
20026,8391
20028,8487
20102,8304
20143,8406
20076,8283
20166,8413
20009,8342
20069,8308
20018,8284
20108,8414
20011,8391
20126,8468
20059,8403
20098,8311
20082,8272
20135,8414
20084,8476
20091,8418
20024,8361
20100,8454
20118,8429
20051,8250
20141,8388
20074,8441
19984,8321
19993,8309
20131,8387
20064,8238
20101,8461
20057,8257
20022,8299
20096,8425
20045,8458
20066,8433
20084,8400
20015,8376
20049,8408
20123,8427
20056,8246
20146,8328
20095,8447
20005,8387
20106,8432
20037,8498
20055,8247
20129,8369
20078,8332
20032,8286
19997,8314
20073,8460
20020,8461
20094,8460
19990,8283
20089,8332
20061,8270
20121,8329
20070,8420
20072,8387
20003,8365
20021,8470
20026,8470
20104,8286
20088,8259
20030,8412
20053,8357
20127,8436
20076,8458
20060,8249
20069,8485
20110,8391
20133,8366
20119,8335
20013,8478
20036,8257
20128,8482
19985,8303
20086,8305
20144,8354
20093,8321
20028,8378
20102,8431
20051,8459
20125,8326
20058,8411
20076,8398
20007,8358
19977,8343
20108,8273
20092,8270
20018,8403
20041,8370
20025,8323
20101,8254
20142,8336
20098,8394
20068,8374
20107,8344
20091,8319
20024,8244
19989,8340
20100,8329
20033,8378
20074,8300
19982,8301
20148,8349
20058,8479
20097,8243
20081,8342
20083,8406
20067,8263
20016,8365
20090,8364
20106,8483
20000,8348
20113,8339
20062,8398
20064,8377
20117,8353
20073,8253
19981,8348
20096,8292
20080,8281
20022,8422
20045,8383
20130,8351
20040,8449
20061,8479
20079,8288
20153,8422
20049,8277
20056,8321
20111,8357
20095,8288
20065,8373
20083,8466
19991,8357
20014,8446
20037,8359
20136,8328
20138,8340
20122,8359
20032,8489
20087,8411
20071,8264
20145,8398
20020,8336
20094,8379
20004,8327
20043,8465
20027,8430
20105,8374
20031,8496
20089,8473
20054,8307
20128,8433
20112,8480
20077,8242
20047,8336
20086,8448
20111,8473
20116,8479
20134,8330
20155,8435
20012,8344
20088,8398
20053,8234
20060,8332
20046,8267
20120,8393
19995,8289
20069,8362
20018,8450
20092,8477
20029,8322
20103,8465
20052,8421
20126,8370
20075,8396
20059,8317
20149,8435
20008,8323
20082,8374
20098,8477
20109,8379
20042,8302
20132,8428
20118,8267
20035,8325
20058,8238
20085,8381
20159,8428
20092,8385
20041,8255
20101,8355
20050,8375
20034,8262
20124,8388
19999,8306
20057,8351
20075,8456
19983,8323
20084,8298
20017,8343
20040,8432
20033,8247
20097,8328
20023,8462
20081,8451
20067,8432
20106,8278
20090,8243
20039,8334
20062,8245
20032,8440
20073,8362
20147,8409
20080,8404
20045,8244
19992,8320
20031,8417
20089,8298
20038,8285
20112,8415
20061,8340
20079,8437
20072,8317
20162,8419
20056,8460
20021,8364
20044,8387
20065,8258
20037,8236
20048,8341
20087,8236
20145,8315
20071,8445
20133,8452
20027,8315
20013,8260
20103,8390
20036,8443
20054,8462
20059,8458
20077,8359
20063,8276
20137,8402
20086,8351
19996,8371
20019,8402
20093,8295
20116,8354
20134,8449
20028,8476
20076,8304
20009,8377
20099,8251
20120,8276
20046,8406
20069,8287
20029,8471
20034,8473
20052,8296
20075,8249
20149,8312
20059,8438
20082,8237
20068,8296
20158,8430
20091,8409
20024,8334
20100,8483
20118,8390
20141,8415
20074,8322
19984,8358
20023,8415
20081,8316
20050,8234
20124,8287
20034,8413
20057,8292
20066,8426
20084,8445
20015,8359
20091,8453
20040,8315
20049,8435
19975,8335
20056,8283
20146,8421
20095,8410
20106,8413
20129,8340
20039,8451
20078,8433
20032,8307
20073,8471
20020,8490
20094,8465
20031,8298
20089,8439
20038,8392
20112,8266
20061,8297
20047,8234
20121,8364
20070,8441
20072,8424
20003,8368
20044,8310
20104,8355
20014,8464
20053,8320
20076,8487
20060,8278
20048,8448
20069,8448
20110,8424
20133,8329
20036,8302
20128,8455
20149,8457
20063,8409
20086,8298
19978,8355
20144,8327
20019,8287
20093,8444
20026,8375
20028,8343
20035,8255
20125,8353
20058,8388
20076,8427
20007,8381
20085,8275
20108,8366
20041,8341
20131,8471
20025,8294
20115,8420
20011,8279
20098,8423
20135,8366
20068,8339
20091,8274
20100,8342
20033,8413
20051,8362
19982,8342
20023,8272
20081,8425
20083,8445
20067,8234
20016,8322
20090,8329
20106,8460
20000,8305
20039,8240
20113,8374
20062,8403
20064,8350
20117,8332
20073,8256
20147,8307
20096,8345
20080,8254
20045,8346
20066,8289
20130,8312
20079,8271
20049,8296
20123,8347
20033,8473
20056,8358
20095,8271
20044,8485
20065,8360
19991,8320
20014,8419
20037,8386
20055,8359
20078,8316
20136,8365
20048,8255
20138,8369
20087,8438
20145,8353
20020,8381
20094,8348
20004,8300
20027,8389
20105,8345
20031,8479
20036,8477
20054,8276
20128,8406
20077,8269
19987,8349
20047,8383
20086,8485
20070,8308
20111,8452
20116,8452
20134,8303
20012,8373
20030,8364
20088,8371
20127,8324
20060,8361
20046,8300
20120,8430
19995,8324
20069,8373
19979,8341
20018,8479
20043,8368
20011,8452
20029,8317
20119,8447
20052,8386
20126,8279
20075,8419
20149,8350
20008,8360
20082,8339
20109,8342
20042,8267
20132,8393
20141,8453
20035,8360
20058,8267
20067,8475
20085,8408
20018,8355
20092,8382
20115,8305
20025,8435
20101,8270
20050,8400
20034,8291
20124,8417
20142,8448
19999,8345
20057,8322
20147,8448
20006,8389
20017,8298
20107,8424
20040,8405
20114,8282
20010,8347
20097,8355
20023,8485
20083,8262
20067,8407
20016,8253
20039,8357
20062,8286
20117,8465
20032,8349
20140,8342
20050,8468
20122,8467
20073,8397
20147,8444
20022,8342
20080,8361
19992,8357
20031,8396
20089,8269
20038,8310
20112,8436
20061,8335
20079,8400
20021,8279
20111,8405
20044,8408
20014,8302
20037,8247
20136,8472
20048,8362
20122,8407
20087,8267
20071,8408
20027,8286
20013,8287
20103,8413
20036,8320
20128,8289
20054,8419
20059,8481
20077,8386
20151,8433
20063,8307
20137,8437
20047,8448
20086,8368
19996,8360
20019,8441
20093,8258
20116,8335
20134,8474
