"X","Y"
13889,12832
13890,12826
13890,12827
13890,12828
13890,12829
13890,12830
13890,12831
13890,12832
13890,12833
13890,12834
13890,12835
13890,12836
13891,12823
13891,12824
13891,12825
13891,12826
13891,12827
13891,12828
13891,12829
13891,12830
13891,12831
13891,12832
13891,12833
13891,12834
13891,12835
13891,12836
13891,12837
13891,12838
13891,12839
13892,12822
13892,12823
13892,12824
13892,12825
13892,12826
13892,12827
13892,12828
13892,12829
13892,12830
13892,12831
13892,12832
13892,12833
13892,12834
13892,12835
13892,12836
13892,12837
13892,12838
13892,12839
13892,12840
13892,12841
13893,12821
13893,12822
13893,12823
13893,12824
13893,12825
13893,12826
13893,12827
13893,12828
13893,12829
13893,12830
13893,12831
13893,12832
13893,12833
13893,12834
13893,12835
13893,12836
13893,12837
13893,12838
13893,12839
13893,12840
13893,12841
13893,12842
13894,12820
13894,12821
13894,12822
13894,12823
13894,12824
13894,12825
13894,12826
13894,12827
13894,12828
13894,12829
13894,12830
13894,12831
13894,12832
13894,12833
13894,12834
13894,12835
13894,12836
13894,12837
13894,12838
13894,12839
13894,12840
13894,12841
13894,12842
13894,12843
13895,12820
13895,12821
13895,12822
13895,12823
13895,12824
13895,12825
13895,12826
13895,12827
13895,12828
13895,12829
13895,12830
13895,12831
13895,12832
13895,12833
13895,12834
13895,12835
13895,12836
13895,12837
13895,12838
13895,12839
13895,12840
13895,12841
13895,12842
13895,12843
13895,12844
13896,12820
13896,12821
13896,12822
13896,12823
13896,12824
13896,12825
13896,12826
13896,12827
13896,12828
13896,12829
13896,12830
13896,12831
13896,12832
13896,12833
13896,12834
13896,12835
13896,12836
13896,12837
13896,12838
13896,12839
13896,12840
13896,12841
13896,12842
13896,12843
13896,12844
13897,12819
13897,12820
13897,12821
13897,12822
13897,12823
13897,12824
13897,12825
13897,12826
13897,12827
13897,12828
13897,12829
13897,12830
13897,12831
13897,12832
13897,12833
13897,12834
13897,12835
13897,12836
13897,12837
13897,12838
13897,12839
13897,12840
13897,12841
13897,12842
13897,12843
13897,12844
13897,12845
13898,12820
13898,12821
13898,12822
13898,12823
13898,12824
13898,12825
13898,12826
13898,12827
13898,12828
13898,12829
13898,12830
13898,12831
13898,12832
13898,12833
13898,12834
13898,12835
13898,12836
13898,12837
13898,12838
13898,12839
13898,12840
13898,12841
13898,12842
13898,12843
13898,12844
13898,12845
13899,12819
13899,12820
13899,12821
13899,12822
13899,12823
13899,12824
13899,12825
13899,12826
13899,12827
13899,12828
13899,12829
13899,12830
13899,12831
13899,12832
13899,12833
13899,12834
13899,12835
13899,12836
13899,12837
13899,12838
13899,12839
13899,12840
13899,12841
13899,12842
13899,12843
13899,12844
13899,12845
13900,12820
13900,12821
13900,12822
13900,12823
13900,12824
13900,12825
13900,12826
13900,12827
13900,12828
13900,12829
13900,12830
13900,12831
13900,12832
13900,12833
13900,12834
13900,12835
13900,12836
13900,12837
13900,12838
13900,12839
13900,12840
13900,12841
13900,12842
13900,12843
13900,12844
13900,12845
13901,12820
13901,12821
13901,12822
13901,12823
13901,12824
13901,12825
13901,12826
13901,12827
13901,12828
13901,12829
13901,12830
13901,12831
13901,12832
13901,12833
13901,12834
13901,12835
13901,12836
13901,12837
13901,12838
13901,12839
13901,12840
13901,12841
13901,12842
13901,12843
13901,12844
13902,12820
13902,12821
13902,12822
13902,12823
13902,12824
13902,12825
13902,12826
13902,12827
13902,12828
13902,12829
13902,12830
13902,12831
13902,12832
13902,12833
13902,12834
13902,12835
13902,12836
13902,12837
13902,12838
13902,12839
13902,12840
13902,12841
13902,12842
13902,12843
13902,12844
13903,12821
13903,12822
13903,12823
13903,12824
13903,12825
13903,12826
13903,12827
13903,12828
13903,12829
13903,12830
13903,12831
13903,12832
13903,12833
13903,12834
13903,12835
13903,12836
13903,12837
13903,12838
13903,12839
13903,12840
13903,12841
13903,12842
13903,12843
13903,12844
13904,12822
13904,12823
13904,12824
13904,12825
13904,12826
13904,12827
13904,12828
13904,12829
13904,12830
13904,12831
13904,12832
13904,12833
13904,12834
13904,12835
13904,12836
13904,12837
13904,12838
13904,12839
13904,12840
13904,12841
13904,12842
13904,12843
13904,12844
13905,12823
13905,12824
13905,12825
13905,12826
13905,12827
13905,12828
13905,12829
13905,12830
13905,12831
13905,12832
13905,12833
13905,12834
13905,12835
13905,12836
13905,12837
13905,12838
13905,12839
13905,12840
13905,12841
13905,12842
13905,12843
13905,12844
13905,12845
13905,12846
13906,12823
13906,12824
13906,12825
13906,12826
13906,12827
13906,12828
13906,12829
13906,12830
13906,12831
13906,12832
13906,12833
13906,12834
13906,12835
13906,12836
13906,12837
13906,12838
13906,12839
13906,12840
13906,12841
13906,12842
13906,12843
13906,12844
13906,12845
13906,12846
13906,12847
13907,12823
13907,12824
13907,12825
13907,12826
13907,12827
13907,12828
13907,12829
13907,12830
13907,12831
13907,12832
13907,12833
13907,12834
13907,12835
13907,12836
13907,12837
13907,12838
13907,12839
13907,12840
13907,12841
13907,12842
13907,12843
13907,12844
13907,12845
13907,12846
13907,12847
13907,12848
13908,12823
13908,12824
13908,12825
13908,12826
13908,12827
13908,12828
13908,12829
13908,12830
13908,12831
13908,12832
13908,12833
13908,12834
13908,12835
13908,12836
13908,12837
13908,12838
13908,12839
13908,12840
13908,12841
13908,12842
13908,12843
13908,12844
13908,12845
13908,12846
13908,12847
13908,12848
13909,12823
13909,12824
13909,12825
13909,12826
13909,12827
13909,12828
13909,12829
13909,12830
13909,12831
13909,12832
13909,12833
13909,12834
13909,12835
13909,12836
13909,12837
13909,12838
13909,12839
13909,12840
13909,12841
13909,12842
13909,12843
13909,12844
13909,12845
13909,12846
13909,12847
13909,12848
13910,12823
13910,12824
13910,12825
13910,12826
13910,12827
13910,12828
13910,12829
13910,12830
13910,12831
13910,12832
13910,12833
13910,12834
13910,12835
13910,12836
13910,12837
13910,12838
13910,12839
13910,12840
13910,12841
13910,12842
13910,12843
13910,12844
13910,12845
13910,12846
13910,12847
13910,12848
13910,12849
13911,12823
13911,12824
13911,12825
13911,12826
13911,12827
13911,12828
13911,12829
13911,12830
13911,12831
13911,12832
13911,12833
13911,12834
13911,12835
13911,12836
13911,12837
13911,12838
13911,12839
13911,12840
13911,12841
13911,12842
13911,12843
13911,12844
13911,12845
13911,12846
13911,12847
13911,12848
13911,12849
13912,12823
13912,12824
13912,12825
13912,12826
13912,12827
13912,12828
13912,12829
13912,12830
13912,12831
13912,12832
13912,12833
13912,12834
13912,12835
13912,12836
13912,12837
13912,12838
13912,12839
13912,12840
13912,12841
13912,12842
13912,12843
13912,12844
13912,12845
13912,12846
13912,12847
13912,12848
13912,12849
13913,12823
13913,12824
13913,12825
13913,12826
13913,12827
13913,12828
13913,12829
13913,12830
13913,12831
13913,12832
13913,12833
13913,12834
13913,12835
13913,12836
13913,12837
13913,12838
13913,12839
13913,12840
13913,12841
13913,12842
13913,12843
13913,12844
13913,12845
13913,12846
13913,12847
13913,12848
13913,12849
13913,12850
13914,12822
13914,12823
13914,12824
13914,12825
13914,12826
13914,12827
13914,12828
13914,12829
13914,12830
13914,12831
13914,12832
13914,12833
13914,12834
13914,12835
13914,12836
13914,12837
13914,12838
13914,12839
13914,12840
13914,12841
13914,12842
13914,12843
13914,12844
13914,12845
13914,12846
13914,12847
13914,12848
13914,12849
13914,12850
13914,12851
13914,12862
13914,12863
13915,12823
13915,12824
13915,12825
13915,12826
13915,12827
13915,12828
13915,12829
13915,12830
13915,12831
13915,12832
13915,12833
13915,12834
13915,12835
13915,12836
13915,12837
13915,12838
13915,12839
13915,12840
13915,12841
13915,12842
13915,12843
13915,12844
13915,12845
13915,12846
13915,12847
13915,12848
13915,12849
13915,12850
13915,12851
13915,12852
13915,12853
13915,12859
13915,12860
13915,12861
13915,12862
13915,12863
13915,12864
13915,12865
13915,12866
13916,12822
13916,12823
13916,12824
13916,12825
13916,12826
13916,12827
13916,12828
13916,12829
13916,12830
13916,12831
13916,12832
13916,12833
13916,12834
13916,12835
13916,12836
13916,12837
13916,12838
13916,12839
13916,12840
13916,12841
13916,12842
13916,12843
13916,12844
13916,12845
13916,12846
13916,12847
13916,12848
13916,12849
13916,12850
13916,12851
13916,12852
13916,12853
13916,12854
13916,12855
13916,12856
13916,12858
13916,12859
13916,12860
13916,12861
13916,12862
13916,12863
13916,12864
13916,12865
13916,12866
13916,12867
13917,12823
13917,12824
13917,12825
13917,12826
13917,12827
13917,12828
13917,12829
13917,12830
13917,12831
13917,12832
13917,12833
13917,12834
13917,12835
13917,12836
13917,12837
13917,12838
13917,12839
13917,12840
13917,12841
13917,12842
13917,12843
13917,12844
13917,12845
13917,12846
13917,12847
13917,12848
13917,12849
13917,12850
13917,12851
13917,12852
13917,12853
13917,12854
13917,12855
13917,12856
13917,12857
13917,12858
13917,12859
13917,12860
13917,12861
13917,12862
13917,12863
13917,12864
13917,12865
13917,12866
13917,12867
13917,12868
13917,12869
13918,12822
13918,12823
13918,12824
13918,12825
13918,12826
13918,12827
13918,12828
13918,12829
13918,12830
13918,12831
13918,12832
13918,12833
13918,12834
13918,12835
13918,12836
13918,12837
13918,12838
13918,12839
13918,12840
13918,12841
13918,12842
13918,12843
13918,12844
13918,12845
13918,12846
13918,12847
13918,12848
13918,12849
13918,12850
13918,12851
13918,12852
13918,12853
13918,12854
13918,12855
13918,12856
13918,12857
13918,12858
13918,12859
13918,12860
13918,12861
13918,12862
13918,12863
13918,12864
13918,12865
13918,12866
13918,12867
13918,12868
13918,12869
13918,12870
13918,12896
13918,12900
13919,12822
13919,12823
13919,12824
13919,12825
13919,12826
13919,12827
13919,12828
13919,12829
13919,12830
13919,12831
13919,12832
13919,12833
13919,12834
13919,12835
13919,12836
13919,12837
13919,12838
13919,12839
13919,12840
13919,12841
13919,12842
13919,12843
13919,12844
13919,12845
13919,12846
13919,12847
13919,12848
13919,12849
13919,12850
13919,12851
13919,12852
13919,12853
13919,12854
13919,12855
13919,12856
13919,12857
13919,12858
13919,12859
13919,12860
13919,12861
13919,12862
13919,12863
13919,12864
13919,12865
13919,12866
13919,12867
13919,12868
13919,12869
13919,12870
13919,12871
13919,12872
13919,12873
13919,12880
13919,12887
13919,12893
13919,12894
13919,12895
13919,12896
13919,12897
13919,12898
13919,12899
13919,12900
13919,12901
13920,12822
13920,12823
13920,12824
13920,12825
13920,12826
13920,12827
13920,12828
13920,12829
13920,12830
13920,12831
13920,12832
13920,12833
13920,12834
13920,12835
13920,12836
13920,12837
13920,12838
13920,12839
13920,12840
13920,12841
13920,12842
13920,12843
13920,12844
13920,12845
13920,12846
13920,12847
13920,12848
13920,12849
13920,12850
13920,12851
13920,12852
13920,12853
13920,12854
13920,12855
13920,12856
13920,12857
13920,12858
13920,12859
13920,12860
13920,12861
13920,12862
13920,12863
13920,12864
13920,12865
13920,12866
13920,12867
13920,12868
13920,12869
13920,12870
13920,12871
13920,12872
13920,12873
13920,12874
13920,12875
13920,12876
13920,12877
13920,12878
13920,12879
13920,12880
13920,12881
13920,12882
13920,12883
13920,12884
13920,12885
13920,12886
13920,12887
13920,12888
13920,12889
13920,12890
13920,12892
13920,12893
13920,12894
13920,12895
13920,12896
13920,12897
13920,12898
13920,12899
13920,12900
13920,12901
13920,12902
13921,12821
13921,12822
13921,12823
13921,12824
13921,12825
13921,12826
13921,12827
13921,12828
13921,12829
13921,12830
13921,12831
13921,12832
13921,12833
13921,12834
13921,12835
13921,12836
13921,12837
13921,12838
13921,12839
13921,12840
13921,12841
13921,12842
13921,12843
13921,12844
13921,12845
13921,12846
13921,12847
13921,12848
13921,12849
13921,12850
13921,12851
13921,12852
13921,12853
13921,12854
13921,12855
13921,12856
13921,12857
13921,12858
13921,12859
13921,12860
13921,12861
13921,12862
13921,12863
13921,12864
13921,12865
13921,12866
13921,12867
13921,12868
13921,12869
13921,12870
13921,12871
13921,12872
13921,12873
13921,12874
13921,12875
13921,12876
13921,12877
13921,12878
13921,12879
13921,12880
13921,12881
13921,12882
13921,12883
13921,12884
13921,12885
13921,12886
13921,12887
13921,12888
13921,12889
13921,12890
13921,12891
13921,12892
13921,12893
13921,12894
13921,12895
13921,12896
13921,12897
13921,12898
13921,12899
13921,12900
13921,12901
13921,12902
13921,12903
13922,12821
13922,12822
13922,12823
13922,12824
13922,12825
13922,12826
13922,12827
13922,12828
13922,12829
13922,12830
13922,12831
13922,12832
13922,12833
13922,12834
13922,12835
13922,12836
13922,12837
13922,12838
13922,12839
13922,12840
13922,12841
13922,12842
13922,12843
13922,12844
13922,12845
13922,12846
13922,12847
13922,12848
13922,12849
13922,12850
13922,12851
13922,12852
13922,12853
13922,12854
13922,12855
13922,12856
13922,12857
13922,12858
13922,12859
13922,12860
13922,12861
13922,12862
13922,12863
13922,12864
13922,12865
13922,12866
13922,12867
13922,12868
13922,12869
13922,12870
13922,12871
13922,12872
13922,12873
13922,12874
13922,12875
13922,12876
13922,12877
13922,12878
13922,12879
13922,12880
13922,12881
13922,12882
13922,12883
13922,12884
13922,12885
13922,12886
13922,12887
13922,12888
13922,12889
13922,12890
13922,12891
13922,12892
13922,12893
13922,12894
13922,12895
13922,12896
13922,12897
13922,12898
13922,12899
13922,12900
13922,12901
13922,12902
13922,12903
13922,12904
13923,12820
13923,12821
13923,12822
13923,12823
13923,12824
13923,12825
13923,12826
13923,12827
13923,12828
13923,12829
13923,12830
13923,12831
13923,12832
13923,12833
13923,12834
13923,12835
13923,12836
13923,12837
13923,12838
13923,12839
13923,12840
13923,12841
13923,12842
13923,12843
13923,12844
13923,12845
13923,12846
13923,12847
13923,12848
13923,12849
13923,12850
13923,12851
13923,12852
13923,12853
13923,12854
13923,12855
13923,12856
13923,12857
13923,12858
13923,12859
13923,12860
13923,12861
13923,12862
13923,12863
13923,12864
13923,12865
13923,12866
13923,12867
13923,12868
13923,12869
13923,12870
13923,12871
13923,12872
13923,12873
13923,12874
13923,12875
13923,12876
13923,12877
13923,12878
13923,12879
13923,12880
13923,12881
13923,12882
13923,12883
13923,12884
13923,12885
13923,12886
13923,12887
13923,12888
13923,12889
13923,12890
13923,12891
13923,12892
13923,12893
13923,12894
13923,12895
13923,12896
13923,12897
13923,12898
13923,12899
13923,12900
13923,12901
13923,12902
13923,12903
13923,12904
13923,12905
13924,12820
13924,12821
13924,12822
13924,12823
13924,12824
13924,12825
13924,12826
13924,12827
13924,12828
13924,12829
13924,12830
13924,12831
13924,12832
13924,12833
13924,12834
13924,12835
13924,12836
13924,12837
13924,12838
13924,12839
13924,12840
13924,12841
13924,12842
13924,12843
13924,12844
13924,12845
13924,12846
13924,12847
13924,12848
13924,12849
13924,12850
13924,12851
13924,12852
13924,12853
13924,12854
13924,12855
13924,12856
13924,12857
13924,12858
13924,12859
13924,12860
13924,12861
13924,12862
13924,12863
13924,12864
13924,12865
13924,12866
13924,12867
13924,12868
13924,12869
13924,12870
13924,12871
13924,12872
13924,12873
13924,12874
13924,12875
13924,12876
13924,12877
13924,12878
13924,12879
13924,12880
13924,12881
13924,12882
13924,12883
13924,12884
13924,12885
13924,12886
13924,12887
13924,12888
13924,12889
13924,12890
13924,12891
13924,12892
13924,12893
13924,12894
13924,12895
13924,12896
13924,12897
13924,12898
13924,12899
13924,12900
13924,12901
13924,12902
13924,12903
13924,12904
13924,12905
13924,12906
13925,12820
13925,12821
13925,12822
13925,12823
13925,12824
13925,12825
13925,12826
13925,12827
13925,12828
13925,12829
13925,12830
13925,12831
13925,12832
13925,12833
13925,12834
13925,12835
13925,12836
13925,12837
13925,12838
13925,12839
13925,12840
13925,12841
13925,12842
13925,12843
13925,12844
13925,12845
13925,12846
13925,12847
13925,12848
13925,12849
13925,12850
13925,12851
13925,12852
13925,12853
13925,12854
13925,12855
13925,12856
13925,12857
13925,12858
13925,12859
13925,12860
13925,12861
13925,12862
13925,12863
13925,12864
13925,12865
13925,12866
13925,12867
13925,12868
13925,12869
13925,12870
13925,12871
13925,12872
13925,12873
13925,12874
13925,12875
13925,12876
13925,12877
13925,12878
13925,12879
13925,12880
13925,12881
13925,12882
13925,12883
13925,12884
13925,12885
13925,12886
13925,12887
13925,12888
13925,12889
13925,12890
13925,12891
13925,12892
13925,12893
13925,12894
13925,12895
13925,12896
13925,12897
13925,12898
13925,12899
13925,12900
13925,12901
13925,12902
13925,12903
13925,12904
13925,12905
13925,12906
13925,12907
13926,12814
13926,12815
13926,12817
13926,12819
13926,12820
13926,12821
13926,12822
13926,12823
13926,12824
13926,12825
13926,12826
13926,12827
13926,12828
13926,12829
13926,12830
13926,12831
13926,12832
13926,12833
13926,12834
13926,12835
13926,12836
13926,12837
13926,12838
13926,12839
13926,12840
13926,12841
13926,12842
13926,12843
13926,12844
13926,12845
13926,12846
13926,12847
13926,12848
13926,12849
13926,12850
13926,12851
13926,12852
13926,12853
13926,12854
13926,12855
13926,12856
13926,12857
13926,12858
13926,12859
13926,12860
13926,12861
13926,12862
13926,12863
13926,12864
13926,12865
13926,12866
13926,12867
13926,12868
13926,12869
13926,12870
13926,12871
13926,12872
13926,12873
13926,12874
13926,12875
13926,12876
13926,12877
13926,12878
13926,12879
13926,12880
13926,12881
13926,12882
13926,12883
13926,12884
13926,12885
13926,12886
13926,12887
13926,12888
13926,12889
13926,12890
13926,12891
13926,12892
13926,12893
13926,12894
13926,12895
13926,12896
13926,12897
13926,12898
13926,12899
13926,12900
13926,12901
13926,12902
13926,12903
13926,12904
13926,12905
13926,12906
13926,12907
13926,12908
13927,12811
13927,12812
13927,12813
13927,12814
13927,12815
13927,12816
13927,12817
13927,12818
13927,12819
13927,12820
13927,12821
13927,12822
13927,12823
13927,12824
13927,12825
13927,12826
13927,12827
13927,12828
13927,12829
13927,12830
13927,12831
13927,12832
13927,12833
13927,12834
13927,12835
13927,12836
13927,12837
13927,12838
13927,12839
13927,12840
13927,12841
13927,12842
13927,12843
13927,12844
13927,12845
13927,12846
13927,12847
13927,12848
13927,12849
13927,12850
13927,12851
13927,12852
13927,12853
13927,12854
13927,12855
13927,12856
13927,12857
13927,12858
13927,12859
13927,12860
13927,12861
13927,12862
13927,12863
13927,12864
13927,12865
13927,12866
13927,12867
13927,12868
13927,12869
13927,12870
13927,12871
13927,12872
13927,12873
13927,12874
13927,12875
13927,12876
13927,12877
13927,12878
13927,12879
13927,12880
13927,12881
13927,12882
13927,12883
13927,12884
13927,12885
13927,12886
13927,12887
13927,12888
13927,12889
13927,12890
13927,12891
13927,12892
13927,12893
13927,12894
13927,12895
13927,12896
13927,12897
13927,12898
13927,12899
13927,12900
13927,12901
13927,12902
13927,12903
13927,12904
13927,12905
13927,12906
13927,12907
13927,12908
13927,12909
13928,12810
13928,12811
13928,12812
13928,12813
13928,12814
13928,12815
13928,12816
13928,12817
13928,12818
13928,12819
13928,12820
13928,12821
13928,12822
13928,12823
13928,12824
13928,12825
13928,12826
13928,12827
13928,12828
13928,12829
13928,12830
13928,12831
13928,12832
13928,12833
13928,12834
13928,12835
13928,12836
13928,12837
13928,12838
13928,12839
13928,12840
13928,12841
13928,12842
13928,12843
13928,12844
13928,12845
13928,12846
13928,12847
13928,12848
13928,12849
13928,12850
13928,12851
13928,12852
13928,12853
13928,12854
13928,12855
13928,12856
13928,12857
13928,12858
13928,12859
13928,12860
13928,12861
13928,12862
13928,12863
13928,12864
13928,12865
13928,12866
13928,12867
13928,12868
13928,12869
13928,12870
13928,12871
13928,12872
13928,12873
13928,12874
13928,12875
13928,12876
13928,12877
13928,12878
13928,12879
13928,12880
13928,12881
13928,12882
13928,12883
13928,12884
13928,12885
13928,12886
13928,12887
13928,12888
13928,12889
13928,12890
13928,12891
13928,12892
13928,12893
13928,12894
13928,12895
13928,12896
13928,12897
13928,12898
13928,12899
13928,12900
13928,12901
13928,12902
13928,12903
13928,12904
13928,12905
13928,12906
13928,12907
13928,12908
13928,12909
13928,12910
13929,12809
13929,12810
13929,12811
13929,12812
13929,12813
13929,12814
13929,12815
13929,12816
13929,12817
13929,12818
13929,12819
13929,12820
13929,12821
13929,12822
13929,12823
13929,12824
13929,12825
13929,12826
13929,12827
13929,12828
13929,12829
13929,12830
13929,12831
13929,12832
13929,12833
13929,12834
13929,12835
13929,12836
13929,12837
13929,12838
13929,12839
13929,12840
13929,12841
13929,12842
13929,12843
13929,12844
13929,12845
13929,12846
13929,12847
13929,12848
13929,12849
13929,12850
13929,12851
13929,12852
13929,12853
13929,12854
13929,12855
13929,12856
13929,12857
13929,12858
13929,12859
13929,12860
13929,12861
13929,12862
13929,12863
13929,12864
13929,12865
13929,12866
13929,12867
13929,12868
13929,12869
13929,12870
13929,12871
13929,12872
13929,12873
13929,12874
13929,12875
13929,12876
13929,12877
13929,12878
13929,12879
13929,12880
13929,12881
13929,12882
13929,12883
13929,12884
13929,12885
13929,12886
13929,12887
13929,12888
13929,12889
13929,12890
13929,12891
13929,12892
13929,12893
13929,12894
13929,12895
13929,12896
13929,12897
13929,12898
13929,12899
13929,12900
13929,12901
13929,12902
13929,12903
13929,12904
13929,12905
13929,12906
13929,12907
13929,12908
13929,12909
13929,12910
13930,12808
13930,12809
13930,12810
13930,12811
13930,12812
13930,12813
13930,12814
13930,12815
13930,12816
13930,12817
13930,12818
13930,12819
13930,12820
13930,12821
13930,12822
13930,12823
13930,12824
13930,12825
13930,12826
13930,12827
13930,12828
13930,12829
13930,12830
13930,12831
13930,12832
13930,12833
13930,12834
13930,12835
13930,12836
13930,12837
13930,12838
13930,12839
13930,12840
13930,12841
13930,12842
13930,12843
13930,12844
13930,12845
13930,12846
13930,12847
13930,12848
13930,12849
13930,12850
13930,12851
13930,12852
13930,12853
13930,12854
13930,12855
13930,12856
13930,12857
13930,12858
13930,12859
13930,12860
13930,12861
13930,12862
13930,12863
13930,12864
13930,12865
13930,12866
13930,12867
13930,12868
13930,12869
13930,12870
13930,12871
13930,12872
13930,12873
13930,12874
13930,12875
13930,12876
13930,12877
13930,12878
13930,12879
13930,12880
13930,12881
13930,12882
13930,12883
13930,12884
13930,12885
13930,12886
13930,12887
13930,12888
13930,12889
13930,12890
13930,12891
13930,12892
13930,12893
13930,12894
13930,12895
13930,12896
13930,12897
13930,12898
13930,12899
13930,12900
13930,12901
13930,12902
13930,12903
13930,12904
13930,12905
13930,12906
13930,12907
13930,12908
13930,12909
13930,12910
13931,12807
13931,12808
13931,12809
13931,12810
13931,12811
13931,12812
13931,12813
13931,12814
13931,12815
13931,12816
13931,12817
13931,12818
13931,12819
13931,12820
13931,12821
13931,12822
13931,12823
13931,12824
13931,12825
13931,12826
13931,12827
13931,12828
13931,12829
13931,12830
13931,12831
13931,12832
13931,12833
13931,12834
13931,12835
13931,12836
13931,12837
13931,12838
13931,12839
13931,12840
13931,12841
13931,12842
13931,12843
13931,12844
13931,12845
13931,12846
13931,12847
13931,12848
13931,12849
13931,12850
13931,12851
13931,12852
13931,12853
13931,12854
13931,12855
13931,12856
13931,12857
13931,12858
13931,12859
13931,12860
13931,12861
13931,12862
13931,12863
13931,12864
13931,12865
13931,12866
13931,12867
13931,12868
13931,12869
13931,12870
13931,12871
13931,12872
13931,12873
13931,12874
13931,12875
13931,12876
13931,12877
13931,12878
13931,12879
13931,12880
13931,12881
13931,12882
13931,12883
13931,12884
13931,12885
13931,12886
13931,12887
13931,12888
13931,12889
13931,12890
13931,12891
13931,12892
13931,12893
13931,12894
13931,12895
13931,12896
13931,12897
13931,12898
13931,12899
13931,12900
13931,12901
13931,12902
13931,12903
13931,12904
13931,12905
13931,12906
13931,12907
13931,12908
13931,12909
13931,12910
13932,12806
13932,12807
13932,12808
13932,12809
13932,12810
13932,12811
13932,12812
13932,12813
13932,12814
13932,12815
13932,12816
13932,12817
13932,12818
13932,12819
13932,12820
13932,12821
13932,12822
13932,12823
13932,12824
13932,12825
13932,12826
13932,12827
13932,12828
13932,12829
13932,12830
13932,12831
13932,12832
13932,12833
13932,12834
13932,12835
13932,12836
13932,12837
13932,12838
13932,12839
13932,12840
13932,12841
13932,12842
13932,12843
13932,12844
13932,12845
13932,12846
13932,12847
13932,12848
13932,12849
13932,12850
13932,12851
13932,12852
13932,12853
13932,12854
13932,12855
13932,12856
13932,12857
13932,12858
13932,12859
13932,12860
13932,12861
13932,12862
13932,12863
13932,12864
13932,12865
13932,12866
13932,12867
13932,12868
13932,12869
13932,12870
13932,12871
13932,12872
13932,12873
13932,12874
13932,12875
13932,12876
13932,12877
13932,12878
13932,12879
13932,12880
13932,12881
13932,12882
13932,12883
13932,12884
13932,12885
13932,12886
13932,12887
13932,12888
13932,12889
13932,12890
13932,12891
13932,12892
13932,12893
13932,12894
13932,12895
13932,12896
13932,12897
13932,12898
13932,12899
13932,12900
13932,12901
13932,12902
13932,12903
13932,12904
13932,12905
13932,12906
13932,12907
13932,12908
13932,12909
13932,12910
13933,12805
13933,12806
13933,12807
13933,12808
13933,12809
13933,12810
13933,12811
13933,12812
13933,12813
13933,12814
13933,12815
13933,12816
13933,12817
13933,12818
13933,12819
13933,12820
13933,12821
13933,12822
13933,12823
13933,12824
13933,12825
13933,12826
13933,12827
13933,12828
13933,12829
13933,12830
13933,12831
13933,12832
13933,12833
13933,12834
13933,12835
13933,12836
13933,12837
13933,12838
13933,12839
13933,12840
13933,12841
13933,12842
13933,12843
13933,12844
13933,12845
13933,12846
13933,12847
13933,12848
13933,12849
13933,12850
13933,12851
13933,12852
13933,12853
13933,12854
13933,12855
13933,12856
13933,12857
13933,12858
13933,12859
13933,12860
13933,12861
13933,12862
13933,12863
13933,12864
13933,12865
13933,12866
13933,12867
13933,12868
13933,12869
13933,12870
13933,12871
13933,12872
13933,12873
13933,12874
13933,12875
13933,12876
13933,12877
13933,12878
13933,12879
13933,12880
13933,12881
13933,12882
13933,12883
13933,12884
13933,12885
13933,12886
13933,12887
13933,12888
13933,12889
13933,12890
13933,12891
13933,12892
13933,12893
13933,12894
13933,12895
13933,12896
13933,12897
13933,12898
13933,12899
13933,12900
13933,12901
13933,12902
13933,12903
13933,12904
13933,12905
13933,12906
13933,12907
13933,12908
13933,12909
13933,12910
13934,12805
13934,12806
13934,12807
13934,12808
13934,12809
13934,12810
13934,12811
13934,12812
13934,12813
13934,12814
13934,12815
13934,12816
13934,12817
13934,12818
13934,12819
13934,12820
13934,12821
13934,12822
13934,12823
13934,12824
13934,12825
13934,12826
13934,12827
13934,12828
13934,12829
13934,12830
13934,12831
13934,12832
13934,12833
13934,12834
13934,12835
13934,12836
13934,12837
13934,12838
13934,12839
13934,12840
13934,12841
13934,12842
13934,12843
13934,12844
13934,12845
13934,12846
13934,12847
13934,12848
13934,12849
13934,12850
13934,12851
13934,12852
13934,12853
13934,12854
13934,12855
13934,12856
13934,12857
13934,12858
13934,12859
13934,12860
13934,12861
13934,12862
13934,12863
13934,12864
13934,12865
13934,12866
13934,12867
13934,12868
13934,12869
13934,12870
13934,12871
13934,12872
13934,12873
13934,12874
13934,12875
13934,12876
13934,12877
13934,12878
13934,12879
13934,12880
13934,12881
13934,12882
13934,12883
13934,12884
13934,12885
13934,12886
13934,12887
13934,12888
13934,12889
13934,12890
13934,12891
13934,12892
13934,12893
13934,12894
13934,12895
13934,12896
13934,12897
13934,12898
13934,12899
13934,12900
13934,12901
13934,12902
13934,12903
13934,12904
13934,12905
13934,12906
13934,12907
13934,12908
13934,12909
13934,12910
13935,12804
13935,12805
13935,12806
13935,12807
13935,12808
13935,12809
13935,12810
13935,12811
13935,12812
13935,12813
13935,12814
13935,12815
13935,12816
13935,12817
13935,12818
13935,12819
13935,12820
13935,12821
13935,12822
13935,12823
13935,12824
13935,12825
13935,12826
13935,12827
13935,12828
13935,12829
13935,12830
13935,12831
13935,12832
13935,12833
13935,12834
13935,12835
13935,12836
13935,12837
13935,12838
13935,12839
13935,12840
13935,12841
13935,12842
13935,12843
13935,12844
13935,12845
13935,12846
13935,12847
13935,12848
13935,12849
13935,12850
13935,12851
13935,12852
13935,12853
13935,12854
13935,12855
13935,12856
13935,12857
13935,12858
13935,12859
13935,12860
13935,12861
13935,12862
13935,12863
13935,12864
13935,12865
13935,12866
13935,12867
13935,12868
13935,12869
13935,12870
13935,12871
13935,12872
13935,12873
13935,12874
13935,12875
13935,12876
13935,12877
13935,12878
13935,12879
13935,12880
13935,12881
13935,12882
13935,12883
13935,12884
13935,12885
13935,12886
13935,12887
13935,12888
13935,12889
13935,12890
13935,12891
13935,12892
13935,12893
13935,12894
13935,12895
13935,12896
13935,12897
13935,12898
13935,12899
13935,12900
13935,12901
13935,12902
13935,12903
13935,12904
13935,12905
13935,12906
13935,12907
13935,12908
13935,12909
13935,12910
13936,12791
13936,12800
13936,12803
13936,12804
13936,12805
13936,12806
13936,12807
13936,12808
13936,12809
13936,12810
13936,12811
13936,12812
13936,12813
13936,12814
13936,12815
13936,12816
13936,12817
13936,12818
13936,12819
13936,12820
13936,12821
13936,12822
13936,12823
13936,12824
13936,12825
13936,12826
13936,12827
13936,12828
13936,12829
13936,12830
13936,12831
13936,12832
13936,12833
13936,12834
13936,12835
13936,12836
13936,12837
13936,12838
13936,12839
13936,12840
13936,12841
13936,12842
13936,12843
13936,12844
13936,12845
13936,12846
13936,12847
13936,12848
13936,12849
13936,12850
13936,12851
13936,12852
13936,12853
13936,12854
13936,12855
13936,12856
13936,12857
13936,12858
13936,12859
13936,12860
13936,12861
13936,12862
13936,12863
13936,12864
13936,12865
13936,12866
13936,12867
13936,12868
13936,12869
13936,12870
13936,12871
13936,12872
13936,12873
13936,12874
13936,12875
13936,12876
13936,12877
13936,12878
13936,12879
13936,12880
13936,12881
13936,12882
13936,12883
13936,12884
13936,12885
13936,12886
13936,12887
13936,12888
13936,12889
13936,12890
13936,12891
13936,12892
13936,12893
13936,12894
13936,12895
13936,12896
13936,12897
13936,12898
13936,12899
13936,12900
13936,12901
13936,12902
13936,12903
13936,12904
13936,12905
13936,12906
13936,12907
13936,12908
13936,12909
13936,12910
13937,12787
13937,12788
13937,12789
13937,12790
13937,12791
13937,12792
13937,12793
13937,12794
13937,12797
13937,12798
13937,12799
13937,12800
13937,12801
13937,12802
13937,12803
13937,12804
13937,12805
13937,12806
13937,12807
13937,12808
13937,12809
13937,12810
13937,12811
13937,12812
13937,12813
13937,12814
13937,12815
13937,12816
13937,12817
13937,12818
13937,12819
13937,12820
13937,12821
13937,12822
13937,12823
13937,12824
13937,12825
13937,12826
13937,12827
13937,12828
13937,12829
13937,12830
13937,12831
13937,12832
13937,12833
13937,12834
13937,12835
13937,12836
13937,12837
13937,12838
13937,12839
13937,12840
13937,12841
13937,12842
13937,12843
13937,12844
13937,12845
13937,12846
13937,12847
13937,12848
13937,12849
13937,12850
13937,12851
13937,12852
13937,12853
13937,12854
13937,12855
13937,12856
13937,12857
13937,12858
13937,12859
13937,12860
13937,12861
13937,12862
13937,12863
13937,12864
13937,12865
13937,12866
13937,12867
13937,12868
13937,12869
13937,12870
13937,12871
13937,12872
13937,12873
13937,12874
13937,12875
13937,12876
13937,12877
13937,12878
13937,12879
13937,12880
13937,12881
13937,12882
13937,12883
13937,12884
13937,12885
13937,12886
13937,12887
13937,12888
13937,12889
13937,12890
13937,12891
13937,12892
13937,12893
13937,12894
13937,12895
13937,12896
13937,12897
13937,12898
13937,12899
13937,12900
13937,12901
13937,12902
13937,12903
13937,12904
13937,12905
13937,12906
13937,12907
13937,12908
13937,12909
13937,12910
13938,12785
13938,12786
13938,12787
13938,12788
13938,12789
13938,12790
13938,12791
13938,12792
13938,12793
13938,12794
13938,12795
13938,12796
13938,12797
13938,12798
13938,12799
13938,12800
13938,12801
13938,12802
13938,12803
13938,12804
13938,12805
13938,12806
13938,12807
13938,12808
13938,12809
13938,12810
13938,12811
13938,12812
13938,12813
13938,12814
13938,12815
13938,12816
13938,12817
13938,12818
13938,12819
13938,12820
13938,12821
13938,12822
13938,12823
13938,12824
13938,12825
13938,12826
13938,12827
13938,12828
13938,12829
13938,12830
13938,12831
13938,12832
13938,12833
13938,12834
13938,12835
13938,12836
13938,12837
13938,12838
13938,12839
13938,12840
13938,12841
13938,12842
13938,12843
13938,12844
13938,12845
13938,12846
13938,12847
13938,12848
13938,12849
13938,12850
13938,12851
13938,12852
13938,12853
13938,12854
13938,12855
13938,12856
13938,12857
13938,12858
13938,12859
13938,12860
13938,12861
13938,12862
13938,12863
13938,12864
13938,12865
13938,12866
13938,12867
13938,12868
13938,12869
13938,12870
13938,12871
13938,12872
13938,12873
13938,12874
13938,12875
13938,12876
13938,12877
13938,12878
13938,12879
13938,12880
13938,12881
13938,12882
13938,12883
13938,12884
13938,12885
13938,12886
13938,12887
13938,12888
13938,12889
13938,12890
13938,12891
13938,12892
13938,12893
13938,12894
13938,12895
13938,12896
13938,12897
13938,12898
13938,12899
13938,12900
13938,12901
13938,12902
13938,12903
13938,12904
13938,12905
13938,12906
13938,12907
13938,12908
13938,12909
13938,12910
13939,12784
13939,12785
13939,12786
13939,12787
13939,12788
13939,12789
13939,12790
13939,12791
13939,12792
13939,12793
13939,12794
13939,12795
13939,12796
13939,12797
13939,12798
13939,12799
13939,12800
13939,12801
13939,12802
13939,12803
13939,12804
13939,12805
13939,12806
13939,12807
13939,12808
13939,12809
13939,12810
13939,12811
13939,12812
13939,12813
13939,12814
13939,12815
13939,12816
13939,12817
13939,12818
13939,12819
13939,12820
13939,12821
13939,12822
13939,12823
13939,12824
13939,12825
13939,12826
13939,12827
13939,12828
13939,12829
13939,12830
13939,12831
13939,12832
13939,12833
13939,12834
13939,12835
13939,12836
13939,12837
13939,12838
13939,12839
13939,12840
13939,12841
13939,12842
13939,12843
13939,12844
13939,12845
13939,12846
13939,12847
13939,12848
13939,12849
13939,12850
13939,12851
13939,12852
13939,12853
13939,12854
13939,12855
13939,12856
13939,12857
13939,12858
13939,12859
13939,12860
13939,12861
13939,12862
13939,12863
13939,12864
13939,12865
13939,12866
13939,12867
13939,12868
13939,12869
13939,12870
13939,12871
13939,12872
13939,12873
13939,12874
13939,12875
13939,12876
13939,12877
13939,12878
13939,12879
13939,12880
13939,12881
13939,12882
13939,12883
13939,12884
13939,12885
13939,12886
13939,12887
13939,12888
13939,12889
13939,12890
13939,12891
13939,12892
13939,12893
13939,12894
13939,12895
13939,12896
13939,12897
13939,12898
13939,12899
13939,12900
13939,12901
13939,12902
13939,12903
13939,12904
13939,12905
13939,12906
13939,12907
13939,12908
13939,12909
13939,12910
13940,12783
13940,12784
13940,12785
13940,12786
13940,12787
13940,12788
13940,12789
13940,12790
13940,12791
13940,12792
13940,12793
13940,12794
13940,12795
13940,12796
13940,12797
13940,12798
13940,12799
13940,12800
13940,12801
13940,12802
13940,12803
13940,12804
13940,12805
13940,12806
13940,12807
13940,12808
13940,12809
13940,12810
13940,12811
13940,12812
13940,12813
13940,12814
13940,12815
13940,12816
13940,12817
13940,12818
13940,12819
13940,12820
13940,12821
13940,12822
13940,12823
13940,12824
13940,12825
13940,12826
13940,12827
13940,12828
13940,12829
13940,12830
13940,12831
13940,12832
13940,12833
13940,12834
13940,12835
13940,12836
13940,12837
13940,12838
13940,12839
13940,12840
13940,12841
13940,12842
13940,12843
13940,12844
13940,12845
13940,12846
13940,12847
13940,12848
13940,12849
13940,12850
13940,12851
13940,12852
13940,12853
13940,12854
13940,12855
13940,12856
13940,12857
13940,12858
13940,12859
13940,12860
13940,12861
13940,12862
13940,12863
13940,12864
13940,12865
13940,12866
13940,12867
13940,12868
13940,12869
13940,12870
13940,12871
13940,12872
13940,12873
13940,12874
13940,12875
13940,12876
13940,12877
13940,12878
13940,12879
13940,12880
13940,12881
13940,12882
13940,12883
13940,12884
13940,12885
13940,12886
13940,12887
13940,12888
13940,12889
13940,12890
13940,12891
13940,12892
13940,12893
13940,12894
13940,12895
13940,12896
13940,12897
13940,12898
13940,12899
13940,12900
13940,12901
13940,12902
13940,12903
13940,12904
13940,12905
13940,12906
13940,12907
13940,12908
13940,12909
13940,12910
13941,12783
13941,12784
13941,12785
13941,12786
13941,12787
13941,12788
13941,12789
13941,12790
13941,12791
13941,12792
13941,12793
13941,12794
13941,12795
13941,12796
13941,12797
13941,12798
13941,12799
13941,12800
13941,12801
13941,12802
13941,12803
13941,12804
13941,12805
13941,12806
13941,12807
13941,12808
13941,12809
13941,12810
13941,12811
13941,12812
13941,12813
13941,12814
13941,12815
13941,12816
13941,12817
13941,12818
13941,12819
13941,12820
13941,12821
13941,12822
13941,12823
13941,12824
13941,12825
13941,12826
13941,12827
13941,12828
13941,12829
13941,12830
13941,12831
13941,12832
13941,12833
13941,12834
13941,12835
13941,12836
13941,12837
13941,12838
13941,12839
13941,12840
13941,12841
13941,12842
13941,12843
13941,12844
13941,12845
13941,12846
13941,12847
13941,12848
13941,12849
13941,12850
13941,12851
13941,12852
13941,12853
13941,12854
13941,12855
13941,12856
13941,12857
13941,12858
13941,12859
13941,12860
13941,12861
13941,12862
13941,12863
13941,12864
13941,12865
13941,12866
13941,12867
13941,12868
13941,12869
13941,12870
13941,12871
13941,12872
13941,12873
13941,12874
13941,12875
13941,12876
13941,12877
13941,12878
13941,12879
13941,12880
13941,12881
13941,12882
13941,12883
13941,12884
13941,12885
13941,12886
13941,12887
13941,12888
13941,12889
13941,12890
13941,12891
13941,12892
13941,12893
13941,12894
13941,12895
13941,12896
13941,12897
13941,12898
13941,12899
13941,12900
13941,12901
13941,12902
13941,12903
13941,12904
13941,12905
13941,12906
13941,12907
13941,12908
13941,12909
13941,12910
13942,12782
13942,12783
13942,12784
13942,12785
13942,12786
13942,12787
13942,12788
13942,12789
13942,12790
13942,12791
13942,12792
13942,12793
13942,12794
13942,12795
13942,12796
13942,12797
13942,12798
13942,12799
13942,12800
13942,12801
13942,12802
13942,12803
13942,12804
13942,12805
13942,12806
13942,12807
13942,12808
13942,12809
13942,12810
13942,12811
13942,12812
13942,12813
13942,12814
13942,12815
13942,12816
13942,12817
13942,12818
13942,12819
13942,12820
13942,12821
13942,12822
13942,12823
13942,12824
13942,12825
13942,12826
13942,12827
13942,12828
13942,12829
13942,12830
13942,12831
13942,12832
13942,12833
13942,12834
13942,12835
13942,12836
13942,12837
13942,12838
13942,12839
13942,12840
13942,12841
13942,12842
13942,12843
13942,12844
13942,12845
13942,12846
13942,12847
13942,12848
13942,12849
13942,12850
13942,12851
13942,12852
13942,12853
13942,12854
13942,12855
13942,12856
13942,12857
13942,12858
13942,12859
13942,12860
13942,12861
13942,12862
13942,12863
13942,12864
13942,12865
13942,12866
13942,12867
13942,12868
13942,12869
13942,12870
13942,12871
13942,12872
13942,12873
13942,12874
13942,12875
13942,12876
13942,12877
13942,12878
13942,12879
13942,12880
13942,12881
13942,12882
13942,12883
13942,12884
13942,12885
13942,12886
13942,12887
13942,12888
13942,12889
13942,12890
13942,12891
13942,12892
13942,12893
13942,12894
13942,12895
13942,12896
13942,12897
13942,12898
13942,12899
13942,12900
13942,12901
13942,12902
13942,12903
13942,12904
13942,12905
13942,12906
13942,12907
13942,12908
13942,12909
13942,12910
13943,12783
13943,12784
13943,12785
13943,12786
13943,12787
13943,12788
13943,12789
13943,12790
13943,12791
13943,12792
13943,12793
13943,12794
13943,12795
13943,12796
13943,12797
13943,12798
13943,12799
13943,12800
13943,12801
13943,12802
13943,12803
13943,12804
13943,12805
13943,12806
13943,12807
13943,12808
13943,12809
13943,12810
13943,12811
13943,12812
13943,12813
13943,12814
13943,12815
13943,12816
13943,12817
13943,12818
13943,12819
13943,12820
13943,12821
13943,12822
13943,12823
13943,12824
13943,12825
13943,12826
13943,12827
13943,12828
13943,12829
13943,12830
13943,12831
13943,12832
13943,12833
13943,12834
13943,12835
13943,12836
13943,12837
13943,12838
13943,12839
13943,12840
13943,12841
13943,12842
13943,12843
13943,12844
13943,12845
13943,12846
13943,12847
13943,12848
13943,12849
13943,12850
13943,12851
13943,12852
13943,12853
13943,12854
13943,12855
13943,12856
13943,12857
13943,12858
13943,12859
13943,12860
13943,12861
13943,12862
13943,12863
13943,12864
13943,12865
13943,12866
13943,12867
13943,12868
13943,12869
13943,12870
13943,12871
13943,12872
13943,12873
13943,12874
13943,12875
13943,12876
13943,12877
13943,12878
13943,12879
13943,12880
13943,12881
13943,12882
13943,12883
13943,12884
13943,12885
13943,12886
13943,12887
13943,12888
13943,12889
13943,12890
13943,12891
13943,12892
13943,12893
13943,12894
13943,12895
13943,12896
13943,12897
13943,12898
13943,12899
13943,12900
13943,12901
13943,12902
13943,12903
13943,12904
13943,12905
13943,12906
13943,12907
13943,12908
13943,12909
13943,12910
13944,12783
13944,12784
13944,12785
13944,12786
13944,12787
13944,12788
13944,12789
13944,12790
13944,12791
13944,12792
13944,12793
13944,12794
13944,12795
13944,12796
13944,12797
13944,12798
13944,12799
13944,12800
13944,12801
13944,12802
13944,12803
13944,12804
13944,12805
13944,12806
13944,12807
13944,12808
13944,12809
13944,12810
13944,12811
13944,12812
13944,12813
13944,12814
13944,12815
13944,12816
13944,12817
13944,12818
13944,12819
13944,12820
13944,12821
13944,12822
13944,12823
13944,12824
13944,12825
13944,12826
13944,12827
13944,12828
13944,12829
13944,12830
13944,12831
13944,12832
13944,12833
13944,12834
13944,12835
13944,12836
13944,12837
13944,12838
13944,12839
13944,12840
13944,12841
13944,12842
13944,12843
13944,12844
13944,12845
13944,12846
13944,12847
13944,12848
13944,12849
13944,12850
13944,12851
13944,12852
13944,12853
13944,12854
13944,12855
13944,12856
13944,12857
13944,12858
13944,12859
13944,12860
13944,12861
13944,12862
13944,12863
13944,12864
13944,12865
13944,12866
13944,12867
13944,12868
13944,12869
13944,12870
13944,12871
13944,12872
13944,12873
13944,12874
13944,12875
13944,12876
13944,12877
13944,12878
13944,12879
13944,12880
13944,12881
13944,12882
13944,12883
13944,12884
13944,12885
13944,12886
13944,12887
13944,12888
13944,12889
13944,12890
13944,12891
13944,12892
13944,12893
13944,12894
13944,12895
13944,12896
13944,12897
13944,12898
13944,12899
13944,12900
13944,12901
13944,12902
13944,12903
13944,12904
13944,12905
13944,12906
13944,12907
13944,12908
13944,12909
13944,12910
13945,12783
13945,12784
13945,12785
13945,12786
13945,12787
13945,12788
13945,12789
13945,12790
13945,12791
13945,12792
13945,12793
13945,12794
13945,12795
13945,12796
13945,12797
13945,12798
13945,12799
13945,12800
13945,12801
13945,12802
13945,12803
13945,12804
13945,12805
13945,12806
13945,12807
13945,12808
13945,12809
13945,12810
13945,12811
13945,12812
13945,12813
13945,12814
13945,12815
13945,12816
13945,12817
13945,12818
13945,12819
13945,12820
13945,12821
13945,12822
13945,12823
13945,12824
13945,12825
13945,12826
13945,12827
13945,12828
13945,12829
13945,12830
13945,12831
13945,12832
13945,12833
13945,12834
13945,12835
13945,12836
13945,12837
13945,12838
13945,12839
13945,12840
13945,12841
13945,12842
13945,12843
13945,12844
13945,12845
13945,12846
13945,12847
13945,12848
13945,12849
13945,12850
13945,12851
13945,12852
13945,12853
13945,12854
13945,12855
13945,12856
13945,12857
13945,12858
13945,12859
13945,12860
13945,12861
13945,12862
13945,12863
13945,12864
13945,12865
13945,12866
13945,12867
13945,12868
13945,12869
13945,12870
13945,12871
13945,12872
13945,12873
13945,12874
13945,12875
13945,12876
13945,12877
13945,12878
13945,12879
13945,12880
13945,12881
13945,12882
13945,12883
13945,12884
13945,12885
13945,12886
13945,12887
13945,12888
13945,12889
13945,12890
13945,12891
13945,12892
13945,12893
13945,12894
13945,12895
13945,12896
13945,12897
13945,12898
13945,12899
13945,12900
13945,12901
13945,12902
13945,12903
13945,12904
13945,12905
13945,12906
13945,12907
13945,12908
13945,12909
13945,12910
13946,12784
13946,12785
13946,12786
13946,12787
13946,12788
13946,12789
13946,12790
13946,12791
13946,12792
13946,12793
13946,12794
13946,12795
13946,12796
13946,12797
13946,12798
13946,12799
13946,12800
13946,12801
13946,12802
13946,12803
13946,12804
13946,12805
13946,12806
13946,12807
13946,12808
13946,12809
13946,12810
13946,12811
13946,12812
13946,12813
13946,12814
13946,12815
13946,12816
13946,12817
13946,12818
13946,12819
13946,12820
13946,12821
13946,12822
13946,12823
13946,12824
13946,12825
13946,12826
13946,12827
13946,12828
13946,12829
13946,12830
13946,12831
13946,12832
13946,12833
13946,12834
13946,12835
13946,12836
13946,12837
13946,12838
13946,12839
13946,12840
13946,12841
13946,12842
13946,12843
13946,12844
13946,12845
13946,12846
13946,12847
13946,12848
13946,12849
13946,12850
13946,12851
13946,12852
13946,12853
13946,12854
13946,12855
13946,12856
13946,12857
13946,12858
13946,12859
13946,12860
13946,12861
13946,12862
13946,12863
13946,12864
13946,12865
13946,12866
13946,12867
13946,12868
13946,12869
13946,12870
13946,12871
13946,12872
13946,12873
13946,12874
13946,12875
13946,12876
13946,12877
13946,12878
13946,12879
13946,12880
13946,12881
13946,12882
13946,12883
13946,12884
13946,12885
13946,12886
13946,12887
13946,12888
13946,12889
13946,12890
13946,12891
13946,12892
13946,12893
13946,12894
13946,12895
13946,12896
13946,12897
13946,12898
13946,12899
13946,12900
13946,12901
13946,12902
13946,12903
13946,12904
13946,12905
13946,12906
13946,12907
13946,12908
13946,12909
13946,12910
13947,12783
13947,12784
13947,12785
13947,12786
13947,12787
13947,12788
13947,12789
13947,12790
13947,12791
13947,12792
13947,12793
13947,12794
13947,12795
13947,12796
13947,12797
13947,12798
13947,12799
13947,12800
13947,12801
13947,12802
13947,12803
13947,12804
13947,12805
13947,12806
13947,12807
13947,12808
13947,12809
13947,12810
13947,12811
13947,12812
13947,12813
13947,12814
13947,12815
13947,12816
13947,12817
13947,12818
13947,12819
13947,12820
13947,12821
13947,12822
13947,12823
13947,12824
13947,12825
13947,12826
13947,12827
13947,12828
13947,12829
13947,12830
13947,12831
13947,12832
13947,12833
13947,12834
13947,12835
13947,12836
13947,12837
13947,12838
13947,12839
13947,12840
13947,12841
13947,12842
13947,12843
13947,12844
13947,12845
13947,12846
13947,12847
13947,12848
13947,12849
13947,12850
13947,12851
13947,12852
13947,12853
13947,12854
13947,12855
13947,12856
13947,12857
13947,12858
13947,12859
13947,12860
13947,12861
13947,12862
13947,12863
13947,12864
13947,12865
13947,12866
13947,12867
13947,12868
13947,12869
13947,12870
13947,12871
13947,12872
13947,12873
13947,12874
13947,12875
13947,12876
13947,12877
13947,12878
13947,12879
13947,12880
13947,12881
13947,12882
13947,12883
13947,12884
13947,12885
13947,12886
13947,12887
13947,12888
13947,12889
13947,12890
13947,12891
13947,12892
13947,12893
13947,12894
13947,12895
13947,12896
13947,12897
13947,12898
13947,12899
13947,12900
13947,12901
13947,12902
13947,12903
13947,12904
13947,12905
13947,12906
13947,12907
13947,12908
13947,12909
13947,12910
13948,12784
13948,12785
13948,12786
13948,12787
13948,12788
13948,12789
13948,12790
13948,12791
13948,12792
13948,12793
13948,12794
13948,12795
13948,12796
13948,12797
13948,12798
13948,12799
13948,12800
13948,12801
13948,12802
13948,12803
13948,12804
13948,12805
13948,12806
13948,12807
13948,12808
13948,12809
13948,12810
13948,12811
13948,12812
13948,12813
13948,12814
13948,12815
13948,12816
13948,12817
13948,12818
13948,12819
13948,12820
13948,12821
13948,12822
13948,12823
13948,12824
13948,12825
13948,12826
13948,12827
13948,12828
13948,12829
13948,12830
13948,12831
13948,12832
13948,12833
13948,12834
13948,12835
13948,12836
13948,12837
13948,12838
13948,12839
13948,12840
13948,12841
13948,12842
13948,12843
13948,12844
13948,12845
13948,12846
13948,12847
13948,12848
13948,12849
13948,12850
13948,12851
13948,12852
13948,12853
13948,12854
13948,12855
13948,12856
13948,12857
13948,12858
13948,12859
13948,12860
13948,12861
13948,12862
13948,12863
13948,12864
13948,12865
13948,12866
13948,12867
13948,12868
13948,12869
13948,12870
13948,12871
13948,12872
13948,12873
13948,12874
13948,12875
13948,12876
13948,12877
13948,12878
13948,12879
13948,12880
13948,12881
13948,12882
13948,12883
13948,12884
13948,12885
13948,12886
13948,12887
13948,12888
13948,12889
13948,12890
13948,12891
13948,12892
13948,12893
13948,12894
13948,12895
13948,12896
13948,12897
13948,12898
13948,12899
13948,12900
13948,12901
13948,12902
13948,12903
13948,12904
13948,12905
13948,12906
13948,12907
13948,12908
13948,12909
13948,12910
13949,12784
13949,12785
13949,12786
13949,12787
13949,12788
13949,12789
13949,12790
13949,12791
13949,12792
13949,12793
13949,12794
13949,12795
13949,12796
13949,12797
13949,12798
13949,12799
13949,12800
13949,12801
13949,12802
13949,12803
13949,12804
13949,12805
13949,12806
13949,12807
13949,12808
13949,12809
13949,12810
13949,12811
13949,12812
13949,12813
13949,12814
13949,12815
13949,12816
13949,12817
13949,12818
13949,12819
13949,12820
13949,12821
13949,12822
13949,12823
13949,12824
13949,12825
13949,12826
13949,12827
13949,12828
13949,12829
13949,12830
13949,12831
13949,12832
13949,12833
13949,12834
13949,12835
13949,12836
13949,12837
13949,12838
13949,12839
13949,12840
13949,12841
13949,12842
13949,12843
13949,12844
13949,12845
13949,12846
13949,12847
13949,12848
13949,12849
13949,12850
13949,12851
13949,12852
13949,12853
13949,12854
13949,12855
13949,12856
13949,12857
13949,12858
13949,12859
13949,12860
13949,12861
13949,12862
13949,12863
13949,12864
13949,12865
13949,12866
13949,12867
13949,12868
13949,12869
13949,12870
13949,12871
13949,12872
13949,12873
13949,12874
13949,12875
13949,12876
13949,12877
13949,12878
13949,12879
13949,12880
13949,12881
13949,12882
13949,12883
13949,12884
13949,12885
13949,12886
13949,12887
13949,12888
13949,12889
13949,12890
13949,12891
13949,12892
13949,12893
13949,12894
13949,12895
13949,12896
13949,12897
13949,12898
13949,12899
13949,12900
13949,12901
13949,12902
13949,12903
13949,12904
13949,12905
13949,12906
13949,12907
13949,12908
13949,12909
13949,12910
13950,12784
13950,12785
13950,12786
13950,12787
13950,12788
13950,12789
13950,12790
13950,12791
13950,12792
13950,12793
13950,12794
13950,12795
13950,12796
13950,12797
13950,12798
13950,12799
13950,12800
13950,12801
13950,12802
13950,12803
13950,12804
13950,12805
13950,12806
13950,12807
13950,12808
13950,12809
13950,12810
13950,12811
13950,12812
13950,12813
13950,12814
13950,12815
13950,12816
13950,12817
13950,12818
13950,12819
13950,12820
13950,12821
13950,12822
13950,12823
13950,12824
13950,12825
13950,12826
13950,12827
13950,12828
13950,12829
13950,12830
13950,12831
13950,12832
13950,12833
13950,12834
13950,12835
13950,12836
13950,12837
13950,12838
13950,12839
13950,12840
13950,12841
13950,12842
13950,12843
13950,12844
13950,12845
13950,12846
13950,12847
13950,12848
13950,12849
13950,12850
13950,12851
13950,12852
13950,12853
13950,12854
13950,12855
13950,12856
13950,12857
13950,12858
13950,12859
13950,12860
13950,12861
13950,12862
13950,12863
13950,12864
13950,12865
13950,12866
13950,12867
13950,12868
13950,12869
13950,12870
13950,12871
13950,12872
13950,12873
13950,12874
13950,12875
13950,12876
13950,12877
13950,12878
13950,12879
13950,12880
13950,12881
13950,12882
13950,12883
13950,12884
13950,12885
13950,12886
13950,12887
13950,12888
13950,12889
13950,12890
13950,12891
13950,12892
13950,12893
13950,12894
13950,12895
13950,12896
13950,12897
13950,12898
13950,12899
13950,12900
13950,12901
13950,12902
13950,12903
13950,12904
13950,12905
13950,12906
13950,12907
13950,12908
13950,12909
13950,12910
13951,12785
13951,12786
13951,12787
13951,12788
13951,12789
13951,12790
13951,12791
13951,12792
13951,12793
13951,12794
13951,12795
13951,12796
13951,12797
13951,12798
13951,12799
13951,12800
13951,12801
13951,12802
13951,12803
13951,12804
13951,12805
13951,12806
13951,12807
13951,12808
13951,12809
13951,12810
13951,12811
13951,12812
13951,12813
13951,12814
13951,12815
13951,12816
13951,12817
13951,12818
13951,12819
13951,12820
13951,12821
13951,12822
13951,12823
13951,12824
13951,12825
13951,12826
13951,12827
13951,12828
13951,12829
13951,12830
13951,12831
13951,12832
13951,12833
13951,12834
13951,12835
13951,12836
13951,12837
13951,12838
13951,12839
13951,12840
13951,12841
13951,12842
13951,12843
13951,12844
13951,12845
13951,12846
13951,12847
13951,12848
13951,12849
13951,12850
13951,12851
13951,12852
13951,12853
13951,12854
13951,12855
13951,12856
13951,12857
13951,12858
13951,12859
13951,12860
13951,12861
13951,12862
13951,12863
13951,12864
13951,12865
13951,12866
13951,12867
13951,12868
13951,12869
13951,12870
13951,12871
13951,12872
13951,12873
13951,12874
13951,12875
13951,12876
13951,12877
13951,12878
13951,12879
13951,12880
13951,12881
13951,12882
13951,12883
13951,12884
13951,12885
13951,12886
13951,12887
13951,12888
13951,12889
13951,12890
13951,12891
13951,12892
13951,12893
13951,12894
13951,12895
13951,12896
13951,12897
13951,12898
13951,12899
13951,12900
13951,12901
13951,12902
13951,12903
13951,12904
13951,12905
13951,12906
13951,12907
13951,12908
13951,12909
13951,12910
13952,12786
13952,12787
13952,12788
13952,12789
13952,12790
13952,12791
13952,12792
13952,12793
13952,12794
13952,12795
13952,12796
13952,12797
13952,12798
13952,12799
13952,12800
13952,12801
13952,12802
13952,12803
13952,12804
13952,12805
13952,12806
13952,12807
13952,12808
13952,12809
13952,12810
13952,12811
13952,12812
13952,12813
13952,12814
13952,12815
13952,12816
13952,12817
13952,12818
13952,12819
13952,12820
13952,12821
13952,12822
13952,12823
13952,12824
13952,12825
13952,12826
13952,12827
13952,12828
13952,12829
13952,12830
13952,12831
13952,12832
13952,12833
13952,12834
13952,12835
13952,12836
13952,12837
13952,12838
13952,12839
13952,12840
13952,12841
13952,12842
13952,12843
13952,12844
13952,12845
13952,12846
13952,12847
13952,12848
13952,12849
13952,12850
13952,12851
13952,12852
13952,12853
13952,12854
13952,12855
13952,12856
13952,12857
13952,12858
13952,12859
13952,12860
13952,12861
13952,12862
13952,12863
13952,12864
13952,12865
13952,12866
13952,12867
13952,12868
13952,12869
13952,12870
13952,12871
13952,12872
13952,12873
13952,12874
13952,12875
13952,12876
13952,12877
13952,12878
13952,12879
13952,12880
13952,12881
13952,12882
13952,12883
13952,12884
13952,12885
13952,12886
13952,12887
13952,12888
13952,12889
13952,12890
13952,12891
13952,12892
13952,12893
13952,12894
13952,12895
13952,12896
13952,12897
13952,12898
13952,12899
13952,12900
13952,12901
13952,12902
13952,12903
13952,12904
13952,12905
13952,12906
13952,12907
13952,12908
13952,12909
13952,12910
13953,12787
13953,12788
13953,12789
13953,12790
13953,12791
13953,12792
13953,12793
13953,12794
13953,12795
13953,12796
13953,12797
13953,12798
13953,12799
13953,12800
13953,12801
13953,12802
13953,12803
13953,12804
13953,12805
13953,12806
13953,12807
13953,12808
13953,12809
13953,12810
13953,12811
13953,12812
13953,12813
13953,12814
13953,12815
13953,12816
13953,12817
13953,12818
13953,12819
13953,12820
13953,12821
13953,12822
13953,12823
13953,12824
13953,12825
13953,12826
13953,12827
13953,12828
13953,12829
13953,12830
13953,12831
13953,12832
13953,12833
13953,12834
13953,12835
13953,12836
13953,12837
13953,12838
13953,12839
13953,12840
13953,12841
13953,12842
13953,12843
13953,12844
13953,12845
13953,12846
13953,12847
13953,12848
13953,12849
13953,12850
13953,12851
13953,12852
13953,12853
13953,12854
13953,12855
13953,12856
13953,12857
13953,12858
13953,12859
13953,12860
13953,12861
13953,12862
13953,12863
13953,12864
13953,12865
13953,12866
13953,12867
13953,12868
13953,12869
13953,12870
13953,12871
13953,12872
13953,12873
13953,12874
13953,12875
13953,12876
13953,12877
13953,12878
13953,12879
13953,12880
13953,12881
13953,12882
13953,12883
13953,12884
13953,12885
13953,12886
13953,12887
13953,12888
13953,12889
13953,12890
13953,12891
13953,12892
13953,12893
13953,12894
13953,12895
13953,12896
13953,12897
13953,12898
13953,12899
13953,12900
13953,12901
13953,12902
13953,12903
13953,12904
13953,12905
13953,12906
13953,12907
13953,12908
13953,12909
13953,12910
13954,12787
13954,12788
13954,12789
13954,12790
13954,12791
13954,12792
13954,12793
13954,12794
13954,12795
13954,12796
13954,12797
13954,12798
13954,12799
13954,12800
13954,12801
13954,12802
13954,12803
13954,12804
13954,12805
13954,12806
13954,12807
13954,12808
13954,12809
13954,12810
13954,12811
13954,12812
13954,12813
13954,12814
13954,12815
13954,12816
13954,12817
13954,12818
13954,12819
13954,12820
13954,12821
13954,12822
13954,12823
13954,12824
13954,12825
13954,12826
13954,12827
13954,12828
13954,12829
13954,12830
13954,12831
13954,12832
13954,12833
13954,12834
13954,12835
13954,12836
13954,12837
13954,12838
13954,12839
13954,12840
13954,12841
13954,12842
13954,12843
13954,12844
13954,12845
13954,12846
13954,12847
13954,12848
13954,12849
13954,12850
13954,12851
13954,12852
13954,12853
13954,12854
13954,12855
13954,12856
13954,12857
13954,12858
13954,12859
13954,12860
13954,12861
13954,12862
13954,12863
13954,12864
13954,12865
13954,12866
13954,12867
13954,12868
13954,12869
13954,12870
13954,12871
13954,12872
13954,12873
13954,12874
13954,12875
13954,12876
13954,12877
13954,12878
13954,12879
13954,12880
13954,12881
13954,12882
13954,12883
13954,12884
13954,12885
13954,12886
13954,12887
13954,12888
13954,12889
13954,12890
13954,12891
13954,12892
13954,12893
13954,12894
13954,12895
13954,12896
13954,12897
13954,12898
13954,12899
13954,12900
13954,12901
13954,12902
13954,12903
13954,12904
13954,12905
13954,12906
13954,12907
13954,12908
13954,12909
13954,12910
13955,12787
13955,12788
13955,12789
13955,12790
13955,12791
13955,12792
13955,12793
13955,12794
13955,12795
13955,12796
13955,12797
13955,12798
13955,12799
13955,12800
13955,12801
13955,12802
13955,12803
13955,12804
13955,12805
13955,12806
13955,12807
13955,12808
13955,12809
13955,12810
13955,12811
13955,12812
13955,12813
13955,12814
13955,12815
13955,12816
13955,12817
13955,12818
13955,12819
13955,12820
13955,12821
13955,12822
13955,12823
13955,12824
13955,12825
13955,12826
13955,12827
13955,12828
13955,12829
13955,12830
13955,12831
13955,12832
13955,12833
13955,12834
13955,12835
13955,12836
13955,12837
13955,12838
13955,12839
13955,12840
13955,12841
13955,12842
13955,12843
13955,12844
13955,12845
13955,12846
13955,12847
13955,12848
13955,12849
13955,12850
13955,12851
13955,12852
13955,12853
13955,12854
13955,12855
13955,12856
13955,12857
13955,12858
13955,12859
13955,12860
13955,12861
13955,12862
13955,12863
13955,12864
13955,12865
13955,12866
13955,12867
13955,12868
13955,12869
13955,12870
13955,12871
13955,12872
13955,12873
13955,12874
13955,12875
13955,12876
13955,12877
13955,12878
13955,12879
13955,12880
13955,12881
13955,12882
13955,12883
13955,12884
13955,12885
13955,12886
13955,12887
13955,12888
13955,12889
13955,12890
13955,12891
13955,12892
13955,12893
13955,12894
13955,12895
13955,12896
13955,12897
13955,12898
13955,12899
13955,12900
13955,12901
13955,12902
13955,12903
13955,12904
13955,12905
13955,12906
13955,12907
13955,12908
13955,12909
13955,12910
13956,12788
13956,12789
13956,12790
13956,12791
13956,12792
13956,12793
13956,12794
13956,12795
13956,12796
13956,12797
13956,12798
13956,12799
13956,12800
13956,12801
13956,12802
13956,12803
13956,12804
13956,12805
13956,12806
13956,12807
13956,12808
13956,12809
13956,12810
13956,12811
13956,12812
13956,12813
13956,12814
13956,12815
13956,12816
13956,12817
13956,12818
13956,12819
13956,12820
13956,12821
13956,12822
13956,12823
13956,12824
13956,12825
13956,12826
13956,12827
13956,12828
13956,12829
13956,12830
13956,12831
13956,12832
13956,12833
13956,12834
13956,12835
13956,12836
13956,12837
13956,12838
13956,12839
13956,12840
13956,12841
13956,12842
13956,12843
13956,12844
13956,12845
13956,12846
13956,12847
13956,12848
13956,12849
13956,12850
13956,12851
13956,12852
13956,12853
13956,12854
13956,12855
13956,12856
13956,12857
13956,12858
13956,12859
13956,12860
13956,12861
13956,12862
13956,12863
13956,12864
13956,12865
13956,12866
13956,12867
13956,12868
13956,12869
13956,12870
13956,12871
13956,12872
13956,12873
13956,12874
13956,12875
13956,12876
13956,12877
13956,12878
13956,12879
13956,12880
13956,12881
13956,12882
13956,12883
13956,12884
13956,12885
13956,12886
13956,12887
13956,12888
13956,12889
13956,12890
13956,12891
13956,12892
13956,12893
13956,12894
13956,12895
13956,12896
13956,12897
13956,12898
13956,12899
13956,12900
13956,12901
13956,12902
13956,12903
13956,12904
13956,12905
13956,12906
13956,12907
13956,12908
13956,12909
13956,12910
13957,12789
13957,12790
13957,12791
13957,12792
13957,12793
13957,12794
13957,12795
13957,12796
13957,12797
13957,12798
13957,12799
13957,12800
13957,12801
13957,12802
13957,12803
13957,12804
13957,12805
13957,12806
13957,12807
13957,12808
13957,12809
13957,12810
13957,12811
13957,12812
13957,12813
13957,12814
13957,12815
13957,12816
13957,12817
13957,12818
13957,12819
13957,12820
13957,12821
13957,12822
13957,12823
13957,12824
13957,12825
13957,12826
13957,12827
13957,12828
13957,12829
13957,12830
13957,12831
13957,12832
13957,12833
13957,12834
13957,12835
13957,12836
13957,12837
13957,12838
13957,12839
13957,12840
13957,12841
13957,12842
13957,12843
13957,12844
13957,12845
13957,12846
13957,12847
13957,12848
13957,12849
13957,12850
13957,12851
13957,12852
13957,12853
13957,12854
13957,12855
13957,12856
13957,12857
13957,12858
13957,12859
13957,12860
13957,12861
13957,12862
13957,12863
13957,12864
13957,12865
13957,12866
13957,12867
13957,12868
13957,12869
13957,12870
13957,12871
13957,12872
13957,12873
13957,12874
13957,12875
13957,12876
13957,12877
13957,12878
13957,12879
13957,12880
13957,12881
13957,12882
13957,12883
13957,12884
13957,12885
13957,12886
13957,12887
13957,12888
13957,12889
13957,12890
13957,12891
13957,12892
13957,12893
13957,12894
13957,12895
13957,12896
13957,12897
13957,12898
13957,12899
13957,12900
13957,12901
13957,12902
13957,12903
13957,12904
13957,12905
13957,12906
13957,12907
13957,12908
13957,12909
13957,12910
13958,12790
13958,12791
13958,12792
13958,12793
13958,12794
13958,12795
13958,12796
13958,12797
13958,12798
13958,12799
13958,12800
13958,12801
13958,12802
13958,12803
13958,12804
13958,12805
13958,12806
13958,12807
13958,12808
13958,12809
13958,12810
13958,12811
13958,12812
13958,12813
13958,12814
13958,12815
13958,12816
13958,12817
13958,12818
13958,12819
13958,12820
13958,12821
13958,12822
13958,12823
13958,12824
13958,12825
13958,12826
13958,12827
13958,12828
13958,12829
13958,12830
13958,12831
13958,12832
13958,12833
13958,12834
13958,12835
13958,12836
13958,12837
13958,12838
13958,12839
13958,12840
13958,12841
13958,12842
13958,12843
13958,12844
13958,12845
13958,12846
13958,12847
13958,12848
13958,12849
13958,12850
13958,12851
13958,12852
13958,12853
13958,12854
13958,12855
13958,12856
13958,12857
13958,12858
13958,12859
13958,12860
13958,12861
13958,12862
13958,12863
13958,12864
13958,12865
13958,12866
13958,12867
13958,12868
13958,12869
13958,12870
13958,12871
13958,12872
13958,12873
13958,12874
13958,12875
13958,12876
13958,12877
13958,12878
13958,12879
13958,12880
13958,12881
13958,12882
13958,12883
13958,12884
13958,12885
13958,12886
13958,12887
13958,12888
13958,12889
13958,12890
13958,12891
13958,12892
13958,12893
13958,12894
13958,12895
13958,12896
13958,12897
13958,12898
13958,12899
13958,12900
13958,12901
13958,12902
13958,12903
13958,12904
13958,12905
13958,12906
13958,12907
13958,12908
13958,12909
13958,12910
13959,12792
13959,12793
13959,12794
13959,12795
13959,12796
13959,12797
13959,12798
13959,12799
13959,12800
13959,12801
13959,12802
13959,12803
13959,12804
13959,12805
13959,12806
13959,12807
13959,12808
13959,12809
13959,12810
13959,12811
13959,12812
13959,12813
13959,12814
13959,12815
13959,12816
13959,12817
13959,12818
13959,12819
13959,12820
13959,12821
13959,12822
13959,12823
13959,12824
13959,12825
13959,12826
13959,12827
13959,12828
13959,12829
13959,12830
13959,12831
13959,12832
13959,12833
13959,12834
13959,12835
13959,12836
13959,12837
13959,12838
13959,12839
13959,12840
13959,12841
13959,12842
13959,12843
13959,12844
13959,12845
13959,12846
13959,12847
13959,12848
13959,12849
13959,12850
13959,12851
13959,12852
13959,12853
13959,12854
13959,12855
13959,12856
13959,12857
13959,12858
13959,12859
13959,12860
13959,12861
13959,12862
13959,12863
13959,12864
13959,12865
13959,12866
13959,12867
13959,12868
13959,12869
13959,12870
13959,12871
13959,12872
13959,12873
13959,12874
13959,12875
13959,12876
13959,12877
13959,12878
13959,12879
13959,12880
13959,12881
13959,12882
13959,12883
13959,12884
13959,12885
13959,12886
13959,12887
13959,12888
13959,12889
13959,12890
13959,12891
13959,12892
13959,12893
13959,12894
13959,12895
13959,12896
13959,12897
13959,12898
13959,12899
13959,12900
13959,12901
13959,12902
13959,12903
13959,12904
13959,12905
13959,12906
13959,12907
13959,12908
13959,12909
13959,12910
13960,12794
13960,12795
13960,12796
13960,12797
13960,12798
13960,12799
13960,12800
13960,12801
13960,12802
13960,12803
13960,12804
13960,12805
13960,12806
13960,12807
13960,12808
13960,12809
13960,12810
13960,12811
13960,12812
13960,12813
13960,12814
13960,12815
13960,12816
13960,12817
13960,12818
13960,12819
13960,12820
13960,12821
13960,12822
13960,12823
13960,12824
13960,12825
13960,12826
13960,12827
13960,12828
13960,12829
13960,12830
13960,12831
13960,12832
13960,12833
13960,12834
13960,12835
13960,12836
13960,12837
13960,12838
13960,12839
13960,12840
13960,12841
13960,12842
13960,12843
13960,12844
13960,12845
13960,12846
13960,12847
13960,12848
13960,12849
13960,12850
13960,12851
13960,12852
13960,12853
13960,12854
13960,12855
13960,12856
13960,12857
13960,12858
13960,12859
13960,12860
13960,12861
13960,12862
13960,12863
13960,12864
13960,12865
13960,12866
13960,12867
13960,12868
13960,12869
13960,12870
13960,12871
13960,12872
13960,12873
13960,12874
13960,12875
13960,12876
13960,12877
13960,12878
13960,12879
13960,12880
13960,12881
13960,12882
13960,12883
13960,12884
13960,12885
13960,12886
13960,12887
13960,12888
13960,12889
13960,12890
13960,12891
13960,12892
13960,12893
13960,12894
13960,12895
13960,12896
13960,12897
13960,12898
13960,12899
13960,12900
13960,12901
13960,12902
13960,12903
13960,12904
13960,12905
13960,12906
13960,12907
13960,12908
13960,12909
13960,12910
13961,12795
13961,12796
13961,12797
13961,12798
13961,12799
13961,12800
13961,12801
13961,12802
13961,12803
13961,12804
13961,12805
13961,12806
13961,12807
13961,12808
13961,12809
13961,12810
13961,12811
13961,12812
13961,12813
13961,12814
13961,12815
13961,12816
13961,12817
13961,12818
13961,12819
13961,12820
13961,12821
13961,12822
13961,12823
13961,12824
13961,12825
13961,12826
13961,12827
13961,12828
13961,12829
13961,12830
13961,12831
13961,12832
13961,12833
13961,12834
13961,12835
13961,12836
13961,12837
13961,12838
13961,12839
13961,12840
13961,12841
13961,12842
13961,12843
13961,12844
13961,12845
13961,12846
13961,12847
13961,12848
13961,12849
13961,12850
13961,12851
13961,12852
13961,12853
13961,12854
13961,12855
13961,12856
13961,12857
13961,12858
13961,12859
13961,12860
13961,12861
13961,12862
13961,12863
13961,12864
13961,12865
13961,12866
13961,12867
13961,12868
13961,12869
13961,12870
13961,12871
13961,12872
13961,12873
13961,12874
13961,12875
13961,12876
13961,12877
13961,12878
13961,12879
13961,12880
13961,12881
13961,12882
13961,12883
13961,12884
13961,12885
13961,12886
13961,12887
13961,12888
13961,12889
13961,12890
13961,12891
13961,12892
13961,12893
13961,12894
13961,12895
13961,12896
13961,12897
13961,12898
13961,12899
13961,12900
13961,12901
13961,12902
13961,12903
13961,12904
13961,12905
13961,12906
13961,12907
13961,12908
13961,12909
13961,12910
13962,12796
13962,12797
13962,12798
13962,12799
13962,12800
13962,12801
13962,12802
13962,12803
13962,12804
13962,12805
13962,12806
13962,12807
13962,12808
13962,12809
13962,12810
13962,12811
13962,12812
13962,12813
13962,12814
13962,12815
13962,12816
13962,12817
13962,12818
13962,12819
13962,12820
13962,12821
13962,12822
13962,12823
13962,12824
13962,12825
13962,12826
13962,12827
13962,12828
13962,12829
13962,12830
13962,12831
13962,12832
13962,12833
13962,12834
13962,12835
13962,12836
13962,12837
13962,12838
13962,12839
13962,12840
13962,12841
13962,12842
13962,12843
13962,12844
13962,12845
13962,12846
13962,12847
13962,12848
13962,12849
13962,12850
13962,12851
13962,12852
13962,12853
13962,12854
13962,12855
13962,12856
13962,12857
13962,12858
13962,12859
13962,12860
13962,12861
13962,12862
13962,12863
13962,12864
13962,12865
13962,12866
13962,12867
13962,12868
13962,12869
13962,12870
13962,12871
13962,12872
13962,12873
13962,12874
13962,12875
13962,12876
13962,12877
13962,12878
13962,12879
13962,12880
13962,12881
13962,12882
13962,12883
13962,12884
13962,12885
13962,12886
13962,12887
13962,12888
13962,12889
13962,12890
13962,12891
13962,12892
13962,12893
13962,12894
13962,12895
13962,12896
13962,12897
13962,12898
13962,12899
13962,12900
13962,12901
13962,12902
13962,12903
13962,12904
13962,12905
13962,12906
13962,12907
13962,12908
13962,12909
13962,12910
13963,12795
13963,12796
13963,12797
13963,12798
13963,12799
13963,12800
13963,12801
13963,12802
13963,12803
13963,12804
13963,12805
13963,12806
13963,12807
13963,12808
13963,12809
13963,12810
13963,12811
13963,12812
13963,12813
13963,12814
13963,12815
13963,12816
13963,12817
13963,12818
13963,12819
13963,12820
13963,12821
13963,12822
13963,12823
13963,12824
13963,12825
13963,12826
13963,12827
13963,12828
13963,12829
13963,12830
13963,12831
13963,12832
13963,12833
13963,12834
13963,12835
13963,12836
13963,12837
13963,12838
13963,12839
13963,12840
13963,12841
13963,12842
13963,12843
13963,12844
13963,12845
13963,12846
13963,12847
13963,12848
13963,12849
13963,12850
13963,12851
13963,12852
13963,12853
13963,12854
13963,12855
13963,12856
13963,12857
13963,12858
13963,12859
13963,12860
13963,12861
13963,12862
13963,12863
13963,12864
13963,12865
13963,12866
13963,12867
13963,12868
13963,12869
13963,12870
13963,12871
13963,12872
13963,12873
13963,12874
13963,12875
13963,12876
13963,12877
13963,12878
13963,12879
13963,12880
13963,12881
13963,12882
13963,12883
13963,12884
13963,12885
13963,12886
13963,12887
13963,12888
13963,12889
13963,12890
13963,12891
13963,12892
13963,12893
13963,12894
13963,12895
13963,12896
13963,12897
13963,12898
13963,12899
13963,12900
13963,12901
13963,12902
13963,12903
13963,12904
13963,12905
13963,12906
13963,12907
13963,12908
13963,12909
13963,12910
13964,12795
13964,12796
13964,12797
13964,12798
13964,12799
13964,12800
13964,12801
13964,12802
13964,12803
13964,12804
13964,12805
13964,12806
13964,12807
13964,12808
13964,12809
13964,12810
13964,12811
13964,12812
13964,12813
13964,12814
13964,12815
13964,12816
13964,12817
13964,12818
13964,12819
13964,12820
13964,12821
13964,12822
13964,12823
13964,12824
13964,12825
13964,12826
13964,12827
13964,12828
13964,12829
13964,12830
13964,12831
13964,12832
13964,12833
13964,12834
13964,12835
13964,12836
13964,12837
13964,12838
13964,12839
13964,12840
13964,12841
13964,12842
13964,12843
13964,12844
13964,12845
13964,12846
13964,12847
13964,12848
13964,12849
13964,12850
13964,12851
13964,12852
13964,12853
13964,12854
13964,12855
13964,12856
13964,12857
13964,12858
13964,12859
13964,12860
13964,12861
13964,12862
13964,12863
13964,12864
13964,12865
13964,12866
13964,12867
13964,12868
13964,12869
13964,12870
13964,12871
13964,12872
13964,12873
13964,12874
13964,12875
13964,12876
13964,12877
13964,12878
13964,12879
13964,12880
13964,12881
13964,12882
13964,12883
13964,12884
13964,12885
13964,12886
13964,12887
13964,12888
13964,12889
13964,12890
13964,12891
13964,12892
13964,12893
13964,12894
13964,12895
13964,12896
13964,12897
13964,12898
13964,12899
13964,12900
13964,12901
13964,12902
13964,12903
13964,12904
13964,12905
13964,12906
13964,12907
13964,12908
13964,12909
13964,12910
13965,12792
13965,12793
13965,12794
13965,12795
13965,12796
13965,12797
13965,12798
13965,12799
13965,12800
13965,12801
13965,12802
13965,12803
13965,12804
13965,12805
13965,12806
13965,12807
13965,12808
13965,12809
13965,12810
13965,12811
13965,12812
13965,12813
13965,12814
13965,12815
13965,12816
13965,12817
13965,12818
13965,12819
13965,12820
13965,12821
13965,12822
13965,12823
13965,12824
13965,12825
13965,12826
13965,12827
13965,12828
13965,12829
13965,12830
13965,12831
13965,12832
13965,12833
13965,12834
13965,12835
13965,12836
13965,12837
13965,12838
13965,12839
13965,12840
13965,12841
13965,12842
13965,12843
13965,12844
13965,12845
13965,12846
13965,12847
13965,12848
13965,12849
13965,12850
13965,12851
13965,12852
13965,12853
13965,12854
13965,12855
13965,12856
13965,12857
13965,12858
13965,12859
13965,12860
13965,12861
13965,12862
13965,12863
13965,12864
13965,12865
13965,12866
13965,12867
13965,12868
13965,12869
13965,12870
13965,12871
13965,12872
13965,12873
13965,12874
13965,12875
13965,12876
13965,12877
13965,12878
13965,12879
13965,12880
13965,12881
13965,12882
13965,12883
13965,12884
13965,12885
13965,12886
13965,12887
13965,12888
13965,12889
13965,12890
13965,12891
13965,12892
13965,12893
13965,12894
13965,12895
13965,12896
13965,12897
13965,12898
13965,12899
13965,12900
13965,12901
13965,12902
13965,12903
13965,12904
13965,12905
13965,12906
13965,12907
13965,12908
13965,12909
13965,12910
13966,12790
13966,12791
13966,12792
13966,12793
13966,12794
13966,12795
13966,12796
13966,12797
13966,12798
13966,12799
13966,12800
13966,12801
13966,12802
13966,12803
13966,12804
13966,12805
13966,12806
13966,12807
13966,12808
13966,12809
13966,12810
13966,12811
13966,12812
13966,12813
13966,12814
13966,12815
13966,12816
13966,12817
13966,12818
13966,12819
13966,12820
13966,12821
13966,12822
13966,12823
13966,12824
13966,12825
13966,12826
13966,12827
13966,12828
13966,12829
13966,12830
13966,12831
13966,12832
13966,12833
13966,12834
13966,12835
13966,12836
13966,12837
13966,12838
13966,12839
13966,12840
13966,12841
13966,12842
13966,12843
13966,12844
13966,12845
13966,12846
13966,12847
13966,12848
13966,12849
13966,12850
13966,12851
13966,12852
13966,12853
13966,12854
13966,12855
13966,12856
13966,12857
13966,12858
13966,12859
13966,12860
13966,12861
13966,12862
13966,12863
13966,12864
13966,12865
13966,12866
13966,12867
13966,12868
13966,12869
13966,12870
13966,12871
13966,12872
13966,12873
13966,12874
13966,12875
13966,12876
13966,12877
13966,12878
13966,12879
13966,12880
13966,12881
13966,12882
13966,12883
13966,12884
13966,12885
13966,12886
13966,12887
13966,12888
13966,12889
13966,12890
13966,12891
13966,12892
13966,12893
13966,12894
13966,12895
13966,12896
13966,12897
13966,12898
13966,12899
13966,12900
13966,12901
13966,12902
13966,12903
13966,12904
13966,12905
13966,12906
13966,12907
13966,12908
13966,12909
13966,12910
13967,12789
13967,12790
13967,12791
13967,12792
13967,12793
13967,12794
13967,12795
13967,12796
13967,12797
13967,12798
13967,12799
13967,12800
13967,12801
13967,12802
13967,12803
13967,12804
13967,12805
13967,12806
13967,12807
13967,12808
13967,12809
13967,12810
13967,12811
13967,12812
13967,12813
13967,12814
13967,12815
13967,12816
13967,12817
13967,12818
13967,12819
13967,12820
13967,12821
13967,12822
13967,12823
13967,12824
13967,12825
13967,12826
13967,12827
13967,12828
13967,12829
13967,12830
13967,12831
13967,12832
13967,12833
13967,12834
13967,12835
13967,12836
13967,12837
13967,12838
13967,12839
13967,12840
13967,12841
13967,12842
13967,12843
13967,12844
13967,12845
13967,12846
13967,12847
13967,12848
13967,12849
13967,12850
13967,12851
13967,12852
13967,12853
13967,12854
13967,12855
13967,12856
13967,12857
13967,12858
13967,12859
13967,12860
13967,12861
13967,12862
13967,12863
13967,12864
13967,12865
13967,12866
13967,12867
13967,12868
13967,12869
13967,12870
13967,12871
13967,12872
13967,12873
13967,12874
13967,12875
13967,12876
13967,12877
13967,12878
13967,12879
13967,12880
13967,12881
13967,12882
13967,12883
13967,12884
13967,12885
13967,12886
13967,12887
13967,12888
13967,12889
13967,12890
13967,12891
13967,12892
13967,12893
13967,12894
13967,12895
13967,12896
13967,12897
13967,12898
13967,12899
13967,12900
13967,12901
13967,12902
13967,12903
13967,12904
13967,12905
13967,12906
13967,12907
13967,12908
13967,12909
13967,12910
13968,12788
13968,12789
13968,12790
13968,12791
13968,12792
13968,12793
13968,12794
13968,12795
13968,12796
13968,12797
13968,12798
13968,12799
13968,12800
13968,12801
13968,12802
13968,12803
13968,12804
13968,12805
13968,12806
13968,12807
13968,12808
13968,12809
13968,12810
13968,12811
13968,12812
13968,12813
13968,12814
13968,12815
13968,12816
13968,12817
13968,12818
13968,12819
13968,12820
13968,12821
13968,12822
13968,12823
13968,12824
13968,12825
13968,12826
13968,12827
13968,12828
13968,12829
13968,12830
13968,12831
13968,12832
13968,12833
13968,12834
13968,12835
13968,12836
13968,12837
13968,12838
13968,12839
13968,12840
13968,12841
13968,12842
13968,12843
13968,12844
13968,12845
13968,12846
13968,12847
13968,12848
13968,12849
13968,12850
13968,12851
13968,12852
13968,12853
13968,12854
13968,12855
13968,12856
13968,12857
13968,12858
13968,12859
13968,12860
13968,12861
13968,12862
13968,12863
13968,12864
13968,12865
13968,12866
13968,12867
13968,12868
13968,12869
13968,12870
13968,12871
13968,12872
13968,12873
13968,12874
13968,12875
13968,12876
13968,12877
13968,12878
13968,12879
13968,12880
13968,12881
13968,12882
13968,12883
13968,12884
13968,12885
13968,12886
13968,12887
13968,12888
13968,12889
13968,12890
13968,12891
13968,12892
13968,12893
13968,12894
13968,12895
13968,12896
13968,12897
13968,12898
13968,12899
13968,12900
13968,12901
13968,12902
13968,12903
13968,12904
13968,12905
13968,12906
13968,12907
13968,12908
13968,12909
13968,12910
13969,12788
13969,12789
13969,12790
13969,12791
13969,12792
13969,12793
13969,12794
13969,12795
13969,12796
13969,12797
13969,12798
13969,12799
13969,12800
13969,12801
13969,12802
13969,12803
13969,12804
13969,12805
13969,12806
13969,12807
13969,12808
13969,12809
13969,12810
13969,12811
13969,12812
13969,12813
13969,12814
13969,12815
13969,12816
13969,12817
13969,12818
13969,12819
13969,12820
13969,12821
13969,12822
13969,12823
13969,12824
13969,12825
13969,12826
13969,12827
13969,12828
13969,12829
13969,12830
13969,12831
13969,12832
13969,12833
13969,12834
13969,12835
13969,12836
13969,12837
13969,12838
13969,12839
13969,12840
13969,12841
13969,12842
13969,12843
13969,12844
13969,12845
13969,12846
13969,12847
13969,12848
13969,12849
13969,12850
13969,12851
13969,12852
13969,12853
13969,12854
13969,12855
13969,12856
13969,12857
13969,12858
13969,12859
13969,12860
13969,12861
13969,12862
13969,12863
13969,12864
13969,12865
13969,12866
13969,12867
13969,12868
13969,12869
13969,12870
13969,12871
13969,12872
13969,12873
13969,12874
13969,12875
13969,12876
13969,12877
13969,12878
13969,12879
13969,12880
13969,12881
13969,12882
13969,12883
13969,12884
13969,12885
13969,12886
13969,12887
13969,12888
13969,12889
13969,12890
13969,12891
13969,12892
13969,12893
13969,12894
13969,12895
13969,12896
13969,12897
13969,12898
13969,12899
13969,12900
13969,12901
13969,12902
13969,12903
13969,12904
13969,12905
13969,12906
13969,12907
13969,12908
13969,12909
13969,12910
13969,12911
13970,12788
13970,12789
13970,12790
13970,12791
13970,12792
13970,12793
13970,12794
13970,12795
13970,12796
13970,12797
13970,12798
13970,12799
13970,12800
13970,12801
13970,12802
13970,12803
13970,12804
13970,12805
13970,12806
13970,12807
13970,12808
13970,12809
13970,12810
13970,12811
13970,12812
13970,12813
13970,12814
13970,12815
13970,12816
13970,12817
13970,12818
13970,12819
13970,12820
13970,12821
13970,12822
13970,12823
13970,12824
13970,12825
13970,12826
13970,12827
13970,12828
13970,12829
13970,12830
13970,12831
13970,12832
13970,12833
13970,12834
13970,12835
13970,12836
13970,12837
13970,12838
13970,12839
13970,12840
13970,12841
13970,12842
13970,12843
13970,12844
13970,12845
13970,12846
13970,12847
13970,12848
13970,12849
13970,12850
13970,12851
13970,12852
13970,12853
13970,12854
13970,12855
13970,12856
13970,12857
13970,12858
13970,12859
13970,12860
13970,12861
13970,12862
13970,12863
13970,12864
13970,12865
13970,12866
13970,12867
13970,12868
13970,12869
13970,12870
13970,12871
13970,12872
13970,12873
13970,12874
13970,12875
13970,12876
13970,12877
13970,12878
13970,12879
13970,12880
13970,12881
13970,12882
13970,12883
13970,12884
13970,12885
13970,12886
13970,12887
13970,12888
13970,12889
13970,12890
13970,12891
13970,12892
13970,12893
13970,12894
13970,12895
13970,12896
13970,12897
13970,12898
13970,12899
13970,12900
13970,12901
13970,12902
13970,12903
13970,12904
13970,12905
13970,12906
13970,12907
13970,12908
13970,12909
13970,12910
13970,12911
13971,12787
13971,12788
13971,12789
13971,12790
13971,12791
13971,12792
13971,12793
13971,12794
13971,12795
13971,12796
13971,12797
13971,12798
13971,12799
13971,12800
13971,12801
13971,12802
13971,12803
13971,12804
13971,12805
13971,12806
13971,12807
13971,12808
13971,12809
13971,12810
13971,12811
13971,12812
13971,12813
13971,12814
13971,12815
13971,12816
13971,12817
13971,12818
13971,12819
13971,12820
13971,12821
13971,12822
13971,12823
13971,12824
13971,12825
13971,12826
13971,12827
13971,12828
13971,12829
13971,12830
13971,12831
13971,12832
13971,12833
13971,12834
13971,12835
13971,12836
13971,12837
13971,12838
13971,12839
13971,12840
13971,12841
13971,12842
13971,12843
13971,12844
13971,12845
13971,12846
13971,12847
13971,12848
13971,12849
13971,12850
13971,12851
13971,12852
13971,12853
13971,12854
13971,12855
13971,12856
13971,12857
13971,12858
13971,12859
13971,12860
13971,12861
13971,12862
13971,12863
13971,12864
13971,12865
13971,12866
13971,12867
13971,12868
13971,12869
13971,12870
13971,12871
13971,12872
13971,12873
13971,12874
13971,12875
13971,12876
13971,12877
13971,12878
13971,12879
13971,12880
13971,12881
13971,12882
13971,12883
13971,12884
13971,12885
13971,12886
13971,12887
13971,12888
13971,12889
13971,12890
13971,12891
13971,12892
13971,12893
13971,12894
13971,12895
13971,12896
13971,12897
13971,12898
13971,12899
13971,12900
13971,12901
13971,12902
13971,12903
13971,12904
13971,12905
13971,12906
13971,12907
13971,12908
13971,12909
13971,12910
13971,12911
13972,12787
13972,12788
13972,12789
13972,12790
13972,12791
13972,12792
13972,12793
13972,12794
13972,12795
13972,12796
13972,12797
13972,12798
13972,12799
13972,12800
13972,12801
13972,12802
13972,12803
13972,12804
13972,12805
13972,12806
13972,12807
13972,12808
13972,12809
13972,12810
13972,12811
13972,12812
13972,12813
13972,12814
13972,12815
13972,12816
13972,12817
13972,12818
13972,12819
13972,12820
13972,12821
13972,12822
13972,12823
13972,12824
13972,12825
13972,12826
13972,12827
13972,12828
13972,12829
13972,12830
13972,12831
13972,12832
13972,12833
13972,12834
13972,12835
13972,12836
13972,12837
13972,12838
13972,12839
13972,12840
13972,12841
13972,12842
13972,12843
13972,12844
13972,12845
13972,12846
13972,12847
13972,12848
13972,12849
13972,12850
13972,12851
13972,12852
13972,12853
13972,12854
13972,12855
13972,12856
13972,12857
13972,12858
13972,12859
13972,12860
13972,12861
13972,12862
13972,12863
13972,12864
13972,12865
13972,12866
13972,12867
13972,12868
13972,12869
13972,12870
13972,12871
13972,12872
13972,12873
13972,12874
13972,12875
13972,12876
13972,12877
13972,12878
13972,12879
13972,12880
13972,12881
13972,12882
13972,12883
13972,12884
13972,12885
13972,12886
13972,12887
13972,12888
13972,12889
13972,12890
13972,12891
13972,12892
13972,12893
13972,12894
13972,12895
13972,12896
13972,12897
13972,12898
13972,12899
13972,12900
13972,12901
13972,12902
13972,12903
13972,12904
13972,12905
13972,12906
13972,12907
13972,12908
13972,12909
13972,12910
13972,12911
13973,12787
13973,12788
13973,12789
13973,12790
13973,12791
13973,12792
13973,12793
13973,12794
13973,12795
13973,12796
13973,12797
13973,12798
13973,12799
13973,12800
13973,12801
13973,12802
13973,12803
13973,12804
13973,12805
13973,12806
13973,12807
13973,12808
13973,12809
13973,12810
13973,12811
13973,12812
13973,12813
13973,12814
13973,12815
13973,12816
13973,12817
13973,12818
13973,12819
13973,12820
13973,12821
13973,12822
13973,12823
13973,12824
13973,12825
13973,12826
13973,12827
13973,12828
13973,12829
13973,12830
13973,12831
13973,12832
13973,12833
13973,12834
13973,12835
13973,12836
13973,12837
13973,12838
13973,12839
13973,12840
13973,12841
13973,12842
13973,12843
13973,12844
13973,12845
13973,12846
13973,12847
13973,12848
13973,12849
13973,12850
13973,12851
13973,12852
13973,12853
13973,12854
13973,12855
13973,12856
13973,12857
13973,12858
13973,12859
13973,12860
13973,12861
13973,12862
13973,12863
13973,12864
13973,12865
13973,12866
13973,12867
13973,12868
13973,12869
13973,12870
13973,12871
13973,12872
13973,12873
13973,12874
13973,12875
13973,12876
13973,12877
13973,12878
13973,12879
13973,12880
13973,12881
13973,12882
13973,12883
13973,12884
13973,12885
13973,12886
13973,12887
13973,12888
13973,12889
13973,12890
13973,12891
13973,12892
13973,12893
13973,12894
13973,12895
13973,12896
13973,12897
13973,12898
13973,12899
13973,12900
13973,12901
13973,12902
13973,12903
13973,12904
13973,12905
13973,12906
13973,12907
13973,12908
13973,12909
13973,12910
13973,12911
13974,12786
13974,12787
13974,12788
13974,12789
13974,12790
13974,12791
13974,12792
13974,12793
13974,12794
13974,12795
13974,12796
13974,12797
13974,12798
13974,12799
13974,12800
13974,12801
13974,12802
13974,12803
13974,12804
13974,12805
13974,12806
13974,12807
13974,12808
13974,12809
13974,12810
13974,12811
13974,12812
13974,12813
13974,12814
13974,12815
13974,12816
13974,12817
13974,12818
13974,12819
13974,12820
13974,12821
13974,12822
13974,12823
13974,12824
13974,12825
13974,12826
13974,12827
13974,12828
13974,12829
13974,12830
13974,12831
13974,12832
13974,12833
13974,12834
13974,12835
13974,12836
13974,12837
13974,12838
13974,12839
13974,12840
13974,12841
13974,12842
13974,12843
13974,12844
13974,12845
13974,12846
13974,12847
13974,12848
13974,12849
13974,12850
13974,12851
13974,12852
13974,12853
13974,12854
13974,12855
13974,12856
13974,12857
13974,12858
13974,12859
13974,12860
13974,12861
13974,12862
13974,12863
13974,12864
13974,12865
13974,12866
13974,12867
13974,12868
13974,12869
13974,12870
13974,12871
13974,12872
13974,12873
13974,12874
13974,12875
13974,12876
13974,12877
13974,12878
13974,12879
13974,12880
13974,12881
13974,12882
13974,12883
13974,12884
13974,12885
13974,12886
13974,12887
13974,12888
13974,12889
13974,12890
13974,12891
13974,12892
13974,12893
13974,12894
13974,12895
13974,12896
13974,12897
13974,12898
13974,12899
13974,12900
13974,12901
13974,12902
13974,12903
13974,12904
13974,12905
13974,12906
13974,12907
13974,12908
13974,12909
13974,12910
13974,12911
13975,12785
13975,12786
13975,12787
13975,12788
13975,12789
13975,12790
13975,12791
13975,12792
13975,12793
13975,12794
13975,12795
13975,12796
13975,12797
13975,12798
13975,12799
13975,12800
13975,12801
13975,12802
13975,12803
13975,12804
13975,12805
13975,12806
13975,12807
13975,12808
13975,12809
13975,12810
13975,12811
13975,12812
13975,12813
13975,12814
13975,12815
13975,12816
13975,12817
13975,12818
13975,12819
13975,12820
13975,12821
13975,12822
13975,12823
13975,12824
13975,12825
13975,12826
13975,12827
13975,12828
13975,12829
13975,12830
13975,12831
13975,12832
13975,12833
13975,12834
13975,12835
13975,12836
13975,12837
13975,12838
13975,12839
13975,12840
13975,12841
13975,12842
13975,12843
13975,12844
13975,12845
13975,12846
13975,12847
13975,12848
13975,12849
13975,12850
13975,12851
13975,12852
13975,12853
13975,12854
13975,12855
13975,12856
13975,12857
13975,12858
13975,12859
13975,12860
13975,12861
13975,12862
13975,12863
13975,12864
13975,12865
13975,12866
13975,12867
13975,12868
13975,12869
13975,12870
13975,12871
13975,12872
13975,12873
13975,12874
13975,12875
13975,12876
13975,12877
13975,12878
13975,12879
13975,12880
13975,12881
13975,12882
13975,12883
13975,12884
13975,12885
13975,12886
13975,12887
13975,12888
13975,12889
13975,12890
13975,12891
13975,12892
13975,12893
13975,12894
13975,12895
13975,12896
13975,12897
13975,12898
13975,12899
13975,12900
13975,12901
13975,12902
13975,12903
13975,12904
13975,12905
13975,12906
13975,12907
13975,12908
13975,12909
13975,12910
13975,12911
13976,12782
13976,12783
13976,12784
13976,12785
13976,12786
13976,12787
13976,12788
13976,12789
13976,12790
13976,12791
13976,12792
13976,12793
13976,12794
13976,12795
13976,12796
13976,12797
13976,12798
13976,12799
13976,12800
13976,12801
13976,12802
13976,12803
13976,12804
13976,12805
13976,12806
13976,12807
13976,12808
13976,12809
13976,12810
13976,12811
13976,12812
13976,12813
13976,12814
13976,12815
13976,12816
13976,12817
13976,12818
13976,12819
13976,12820
13976,12821
13976,12822
13976,12823
13976,12824
13976,12825
13976,12826
13976,12827
13976,12828
13976,12829
13976,12830
13976,12831
13976,12832
13976,12833
13976,12834
13976,12835
13976,12836
13976,12837
13976,12838
13976,12839
13976,12840
13976,12841
13976,12842
13976,12843
13976,12844
13976,12845
13976,12846
13976,12847
13976,12848
13976,12849
13976,12850
13976,12851
13976,12852
13976,12853
13976,12854
13976,12855
13976,12856
13976,12857
13976,12858
13976,12859
13976,12860
13976,12861
13976,12862
13976,12863
13976,12864
13976,12865
13976,12866
13976,12867
13976,12868
13976,12869
13976,12870
13976,12871
13976,12872
13976,12873
13976,12874
13976,12875
13976,12876
13976,12877
13976,12878
13976,12879
13976,12880
13976,12881
13976,12882
13976,12883
13976,12884
13976,12885
13976,12886
13976,12887
13976,12888
13976,12889
13976,12890
13976,12891
13976,12892
13976,12893
13976,12894
13976,12895
13976,12896
13976,12897
13976,12898
13976,12899
13976,12900
13976,12901
13976,12902
13976,12903
13976,12904
13976,12905
13976,12906
13976,12907
13976,12908
13976,12909
13976,12910
13976,12911
13977,12780
13977,12781
13977,12782
13977,12783
13977,12784
13977,12785
13977,12786
13977,12787
13977,12788
13977,12789
13977,12790
13977,12791
13977,12792
13977,12793
13977,12794
13977,12795
13977,12796
13977,12797
13977,12798
13977,12799
13977,12800
13977,12801
13977,12802
13977,12803
13977,12804
13977,12805
13977,12806
13977,12807
13977,12808
13977,12809
13977,12810
13977,12811
13977,12812
13977,12813
13977,12814
13977,12815
13977,12816
13977,12817
13977,12818
13977,12819
13977,12820
13977,12821
13977,12822
13977,12823
13977,12824
13977,12825
13977,12826
13977,12827
13977,12828
13977,12829
13977,12830
13977,12831
13977,12832
13977,12833
13977,12834
13977,12835
13977,12836
13977,12837
13977,12838
13977,12839
13977,12840
13977,12841
13977,12842
13977,12843
13977,12844
13977,12845
13977,12846
13977,12847
13977,12848
13977,12849
13977,12850
13977,12851
13977,12852
13977,12853
13977,12854
13977,12855
13977,12856
13977,12857
13977,12858
13977,12859
13977,12860
13977,12861
13977,12862
13977,12863
13977,12864
13977,12865
13977,12866
13977,12867
13977,12868
13977,12869
13977,12870
13977,12871
13977,12872
13977,12873
13977,12874
13977,12875
13977,12876
13977,12877
13977,12878
13977,12879
13977,12880
13977,12881
13977,12882
13977,12883
13977,12884
13977,12885
13977,12886
13977,12887
13977,12888
13977,12889
13977,12890
13977,12891
13977,12892
13977,12893
13977,12894
13977,12895
13977,12896
13977,12897
13977,12898
13977,12899
13977,12900
13977,12901
13977,12902
13977,12903
13977,12904
13977,12905
13977,12906
13977,12907
13977,12908
13977,12909
13977,12910
13977,12911
13978,12778
13978,12779
13978,12780
13978,12781
13978,12782
13978,12783
13978,12784
13978,12785
13978,12786
13978,12787
13978,12788
13978,12789
13978,12790
13978,12791
13978,12792
13978,12793
13978,12794
13978,12795
13978,12796
13978,12797
13978,12798
13978,12799
13978,12800
13978,12801
13978,12802
13978,12803
13978,12804
13978,12805
13978,12806
13978,12807
13978,12808
13978,12809
13978,12810
13978,12811
13978,12812
13978,12813
13978,12814
13978,12815
13978,12816
13978,12817
13978,12818
13978,12819
13978,12820
13978,12821
13978,12822
13978,12823
13978,12824
13978,12825
13978,12826
13978,12827
13978,12828
13978,12829
13978,12830
13978,12831
13978,12832
13978,12833
13978,12834
13978,12835
13978,12836
13978,12837
13978,12838
13978,12839
13978,12840
13978,12841
13978,12842
13978,12843
13978,12844
13978,12845
13978,12846
13978,12847
13978,12848
13978,12849
13978,12850
13978,12851
13978,12852
13978,12853
13978,12854
13978,12855
13978,12856
13978,12857
13978,12858
13978,12859
13978,12860
13978,12861
13978,12862
13978,12863
13978,12864
13978,12865
13978,12866
13978,12867
13978,12868
13978,12869
13978,12870
13978,12871
13978,12872
13978,12873
13978,12874
13978,12875
13978,12876
13978,12877
13978,12878
13978,12879
13978,12880
13978,12881
13978,12882
13978,12883
13978,12884
13978,12885
13978,12886
13978,12887
13978,12888
13978,12889
13978,12890
13978,12891
13978,12892
13978,12893
13978,12894
13978,12895
13978,12896
13978,12897
13978,12898
13978,12899
13978,12900
13978,12901
13978,12902
13978,12903
13978,12904
13978,12905
13978,12906
13978,12907
13978,12908
13978,12909
13978,12910
13978,12911
13979,12760
13979,12761
13979,12762
13979,12777
13979,12778
13979,12779
13979,12780
13979,12781
13979,12782
13979,12783
13979,12784
13979,12785
13979,12786
13979,12787
13979,12788
13979,12789
13979,12790
13979,12791
13979,12792
13979,12793
13979,12794
13979,12795
13979,12796
13979,12797
13979,12798
13979,12799
13979,12800
13979,12801
13979,12802
13979,12803
13979,12804
13979,12805
13979,12806
13979,12807
13979,12808
13979,12809
13979,12810
13979,12811
13979,12812
13979,12813
13979,12814
13979,12815
13979,12816
13979,12817
13979,12818
13979,12819
13979,12820
13979,12821
13979,12822
13979,12823
13979,12824
13979,12825
13979,12826
13979,12827
13979,12828
13979,12829
13979,12830
13979,12831
13979,12832
13979,12833
13979,12834
13979,12835
13979,12836
13979,12837
13979,12838
13979,12839
13979,12840
13979,12841
13979,12842
13979,12843
13979,12844
13979,12845
13979,12846
13979,12847
13979,12848
13979,12849
13979,12850
13979,12851
13979,12852
13979,12853
13979,12854
13979,12855
13979,12856
13979,12857
13979,12858
13979,12859
13979,12860
13979,12861
13979,12862
13979,12863
13979,12864
13979,12865
13979,12866
13979,12867
13979,12868
13979,12869
13979,12870
13979,12871
13979,12872
13979,12873
13979,12874
13979,12875
13979,12876
13979,12877
13979,12878
13979,12879
13979,12880
13979,12881
13979,12882
13979,12883
13979,12884
13979,12885
13979,12886
13979,12887
13979,12888
13979,12889
13979,12890
13979,12891
13979,12892
13979,12893
13979,12894
13979,12895
13979,12896
13979,12897
13979,12898
13979,12899
13979,12900
13979,12901
13979,12902
13979,12903
13979,12904
13979,12905
13979,12906
13979,12907
13979,12908
13979,12909
13979,12910
13979,12911
13980,12757
13980,12758
13980,12759
13980,12760
13980,12761
13980,12762
13980,12763
13980,12764
13980,12765
13980,12776
13980,12777
13980,12778
13980,12779
13980,12780
13980,12781
13980,12782
13980,12783
13980,12784
13980,12785
13980,12786
13980,12787
13980,12788
13980,12789
13980,12790
13980,12791
13980,12792
13980,12793
13980,12794
13980,12795
13980,12796
13980,12797
13980,12798
13980,12799
13980,12800
13980,12801
13980,12802
13980,12803
13980,12804
13980,12805
13980,12806
13980,12807
13980,12808
13980,12809
13980,12810
13980,12811
13980,12812
13980,12813
13980,12814
13980,12815
13980,12816
13980,12817
13980,12818
13980,12819
13980,12820
13980,12821
13980,12822
13980,12823
13980,12824
13980,12825
13980,12826
13980,12827
13980,12828
13980,12829
13980,12830
13980,12831
13980,12832
13980,12833
13980,12834
13980,12835
13980,12836
13980,12837
13980,12838
13980,12839
13980,12840
13980,12841
13980,12842
13980,12843
13980,12844
13980,12845
13980,12846
13980,12847
13980,12848
13980,12849
13980,12850
13980,12851
13980,12852
13980,12853
13980,12854
13980,12855
13980,12856
13980,12857
13980,12858
13980,12859
13980,12860
13980,12861
13980,12862
13980,12863
13980,12864
13980,12865
13980,12866
13980,12867
13980,12868
13980,12869
13980,12870
13980,12871
13980,12872
13980,12873
13980,12874
13980,12875
13980,12876
13980,12877
13980,12878
13980,12879
13980,12880
13980,12881
13980,12882
13980,12883
13980,12884
13980,12885
13980,12886
13980,12887
13980,12888
13980,12889
13980,12890
13980,12891
13980,12892
13980,12893
13980,12894
13980,12895
13980,12896
13980,12897
13980,12898
13980,12899
13980,12900
13980,12901
13980,12902
13980,12903
13980,12904
13980,12905
13980,12906
13980,12907
13980,12908
13980,12909
13980,12910
13980,12911
13981,12756
13981,12757
13981,12758
13981,12759
13981,12760
13981,12761
13981,12762
13981,12763
13981,12764
13981,12765
13981,12766
13981,12767
13981,12769
13981,12775
13981,12776
13981,12777
13981,12778
13981,12779
13981,12780
13981,12781
13981,12782
13981,12783
13981,12784
13981,12785
13981,12786
13981,12787
13981,12788
13981,12789
13981,12790
13981,12791
13981,12792
13981,12793
13981,12794
13981,12795
13981,12796
13981,12797
13981,12798
13981,12799
13981,12800
13981,12801
13981,12802
13981,12803
13981,12804
13981,12805
13981,12806
13981,12807
13981,12808
13981,12809
13981,12810
13981,12811
13981,12812
13981,12813
13981,12814
13981,12815
13981,12816
13981,12817
13981,12818
13981,12819
13981,12820
13981,12821
13981,12822
13981,12823
13981,12824
13981,12825
13981,12826
13981,12827
13981,12828
13981,12829
13981,12830
13981,12831
13981,12832
13981,12833
13981,12834
13981,12835
13981,12836
13981,12837
13981,12838
13981,12839
13981,12840
13981,12841
13981,12842
13981,12843
13981,12844
13981,12845
13981,12846
13981,12847
13981,12848
13981,12849
13981,12850
13981,12851
13981,12852
13981,12853
13981,12854
13981,12855
13981,12856
13981,12857
13981,12858
13981,12859
13981,12860
13981,12861
13981,12862
13981,12863
13981,12864
13981,12865
13981,12866
13981,12867
13981,12868
13981,12869
13981,12870
13981,12871
13981,12872
13981,12873
13981,12874
13981,12875
13981,12876
13981,12877
13981,12878
13981,12879
13981,12880
13981,12881
13981,12882
13981,12883
13981,12884
13981,12885
13981,12886
13981,12887
13981,12888
13981,12889
13981,12890
13981,12891
13981,12892
13981,12893
13981,12894
13981,12895
13981,12896
13981,12897
13981,12898
13981,12899
13981,12900
13981,12901
13981,12902
13981,12903
13981,12904
13981,12905
13981,12906
13981,12907
13981,12908
13981,12909
13981,12910
13981,12911
13982,12755
13982,12756
13982,12757
13982,12758
13982,12759
13982,12760
13982,12761
13982,12762
13982,12763
13982,12764
13982,12765
13982,12766
13982,12767
13982,12768
13982,12769
13982,12770
13982,12771
13982,12772
13982,12773
13982,12774
13982,12775
13982,12776
13982,12777
13982,12778
13982,12779
13982,12780
13982,12781
13982,12782
13982,12783
13982,12784
13982,12785
13982,12786
13982,12787
13982,12788
13982,12789
13982,12790
13982,12791
13982,12792
13982,12793
13982,12794
13982,12795
13982,12796
13982,12797
13982,12798
13982,12799
13982,12800
13982,12801
13982,12802
13982,12803
13982,12804
13982,12805
13982,12806
13982,12807
13982,12808
13982,12809
13982,12810
13982,12811
13982,12812
13982,12813
13982,12814
13982,12815
13982,12816
13982,12817
13982,12818
13982,12819
13982,12820
13982,12821
13982,12822
13982,12823
13982,12824
13982,12825
13982,12826
13982,12827
13982,12828
13982,12829
13982,12830
13982,12831
13982,12832
13982,12833
13982,12834
13982,12835
13982,12836
13982,12837
13982,12838
13982,12839
13982,12840
13982,12841
13982,12842
13982,12843
13982,12844
13982,12845
13982,12846
13982,12847
13982,12848
13982,12849
13982,12850
13982,12851
13982,12852
13982,12853
13982,12854
13982,12855
13982,12856
13982,12857
13982,12858
13982,12859
13982,12860
13982,12861
13982,12862
13982,12863
13982,12864
13982,12865
13982,12866
13982,12867
13982,12868
13982,12869
13982,12870
13982,12871
13982,12872
13982,12873
13982,12874
13982,12875
13982,12876
13982,12877
13982,12878
13982,12879
13982,12880
13982,12881
13982,12882
13982,12883
13982,12884
13982,12885
13982,12886
13982,12887
13982,12888
13982,12889
13982,12890
13982,12891
13982,12892
13982,12893
13982,12894
13982,12895
13982,12896
13982,12897
13982,12898
13982,12899
13982,12900
13982,12901
13982,12902
13982,12903
13982,12904
13982,12905
13982,12906
13982,12907
13982,12908
13982,12909
13982,12910
13982,12911
13983,12754
13983,12755
13983,12756
13983,12757
13983,12758
13983,12759
13983,12760
13983,12761
13983,12762
13983,12763
13983,12764
13983,12765
13983,12766
13983,12767
13983,12768
13983,12769
13983,12770
13983,12771
13983,12772
13983,12773
13983,12774
13983,12775
13983,12776
13983,12777
13983,12778
13983,12779
13983,12780
13983,12781
13983,12782
13983,12783
13983,12784
13983,12785
13983,12786
13983,12787
13983,12788
13983,12789
13983,12790
13983,12791
13983,12792
13983,12793
13983,12794
13983,12795
13983,12796
13983,12797
13983,12798
13983,12799
13983,12800
13983,12801
13983,12802
13983,12803
13983,12804
13983,12805
13983,12806
13983,12807
13983,12808
13983,12809
13983,12810
13983,12811
13983,12812
13983,12813
13983,12814
13983,12815
13983,12816
13983,12817
13983,12818
13983,12819
13983,12820
13983,12821
13983,12822
13983,12823
13983,12824
13983,12825
13983,12826
13983,12827
13983,12828
13983,12829
13983,12830
13983,12831
13983,12832
13983,12833
13983,12834
13983,12835
13983,12836
13983,12837
13983,12838
13983,12839
13983,12840
13983,12841
13983,12842
13983,12843
13983,12844
13983,12845
13983,12846
13983,12847
13983,12848
13983,12849
13983,12850
13983,12851
13983,12852
13983,12853
13983,12854
13983,12855
13983,12856
13983,12857
13983,12858
13983,12859
13983,12860
13983,12861
13983,12862
13983,12863
13983,12864
13983,12865
13983,12866
13983,12867
13983,12868
13983,12869
13983,12870
13983,12871
13983,12872
13983,12873
13983,12874
13983,12875
13983,12876
13983,12877
13983,12878
13983,12879
13983,12880
13983,12881
13983,12882
13983,12883
13983,12884
13983,12885
13983,12886
13983,12887
13983,12888
13983,12889
13983,12890
13983,12891
13983,12892
13983,12893
13983,12894
13983,12895
13983,12896
13983,12897
13983,12898
13983,12899
13983,12900
13983,12901
13983,12902
13983,12903
13983,12904
13983,12905
13983,12906
13983,12907
13983,12908
13983,12909
13983,12910
13983,12911
13984,12751
13984,12752
13984,12753
13984,12754
13984,12755
13984,12756
13984,12757
13984,12758
13984,12759
13984,12760
13984,12761
13984,12762
13984,12763
13984,12764
13984,12765
13984,12766
13984,12767
13984,12768
13984,12769
13984,12770
13984,12771
13984,12772
13984,12773
13984,12774
13984,12775
13984,12776
13984,12777
13984,12778
13984,12779
13984,12780
13984,12781
13984,12782
13984,12783
13984,12784
13984,12785
13984,12786
13984,12787
13984,12788
13984,12789
13984,12790
13984,12791
13984,12792
13984,12793
13984,12794
13984,12795
13984,12796
13984,12797
13984,12798
13984,12799
13984,12800
13984,12801
13984,12802
13984,12803
13984,12804
13984,12805
13984,12806
13984,12807
13984,12808
13984,12809
13984,12810
13984,12811
13984,12812
13984,12813
13984,12814
13984,12815
13984,12816
13984,12817
13984,12818
13984,12819
13984,12820
13984,12821
13984,12822
13984,12823
13984,12824
13984,12825
13984,12826
13984,12827
13984,12828
13984,12829
13984,12830
13984,12831
13984,12832
13984,12833
13984,12834
13984,12835
13984,12836
13984,12837
13984,12838
13984,12839
13984,12840
13984,12841
13984,12842
13984,12843
13984,12844
13984,12845
13984,12846
13984,12847
13984,12848
13984,12849
13984,12850
13984,12851
13984,12852
13984,12853
13984,12854
13984,12855
13984,12856
13984,12857
13984,12858
13984,12859
13984,12860
13984,12861
13984,12862
13984,12863
13984,12864
13984,12865
13984,12866
13984,12867
13984,12868
13984,12869
13984,12870
13984,12871
13984,12872
13984,12873
13984,12874
13984,12875
13984,12876
13984,12877
13984,12878
13984,12879
13984,12880
13984,12881
13984,12882
13984,12883
13984,12884
13984,12885
13984,12886
13984,12887
13984,12888
13984,12889
13984,12890
13984,12891
13984,12892
13984,12893
13984,12894
13984,12895
13984,12896
13984,12897
13984,12898
13984,12899
13984,12900
13984,12901
13984,12902
13984,12903
13984,12904
13984,12905
13984,12906
13984,12907
13984,12908
13984,12909
13984,12910
13984,12911
13985,12750
13985,12751
13985,12752
13985,12753
13985,12754
13985,12755
13985,12756
13985,12757
13985,12758
13985,12759
13985,12760
13985,12761
13985,12762
13985,12763
13985,12764
13985,12765
13985,12766
13985,12767
13985,12768
13985,12769
13985,12770
13985,12771
13985,12772
13985,12773
13985,12774
13985,12775
13985,12776
13985,12777
13985,12778
13985,12779
13985,12780
13985,12781
13985,12782
13985,12783
13985,12784
13985,12785
13985,12786
13985,12787
13985,12788
13985,12789
13985,12790
13985,12791
13985,12792
13985,12793
13985,12794
13985,12795
13985,12796
13985,12797
13985,12798
13985,12799
13985,12800
13985,12801
13985,12802
13985,12803
13985,12804
13985,12805
13985,12806
13985,12807
13985,12808
13985,12809
13985,12810
13985,12811
13985,12812
13985,12813
13985,12814
13985,12815
13985,12816
13985,12817
13985,12818
13985,12819
13985,12820
13985,12821
13985,12822
13985,12823
13985,12824
13985,12825
13985,12826
13985,12827
13985,12828
13985,12829
13985,12830
13985,12831
13985,12832
13985,12833
13985,12834
13985,12835
13985,12836
13985,12837
13985,12838
13985,12839
13985,12840
13985,12841
13985,12842
13985,12843
13985,12844
13985,12845
13985,12846
13985,12847
13985,12848
13985,12849
13985,12850
13985,12851
13985,12852
13985,12853
13985,12854
13985,12855
13985,12856
13985,12857
13985,12858
13985,12859
13985,12860
13985,12861
13985,12862
13985,12863
13985,12864
13985,12865
13985,12866
13985,12867
13985,12868
13985,12869
13985,12870
13985,12871
13985,12872
13985,12873
13985,12874
13985,12875
13985,12876
13985,12877
13985,12878
13985,12879
13985,12880
13985,12881
13985,12882
13985,12883
13985,12884
13985,12885
13985,12886
13985,12887
13985,12888
13985,12889
13985,12890
13985,12891
13985,12892
13985,12893
13985,12894
13985,12895
13985,12896
13985,12897
13985,12898
13985,12899
13985,12900
13985,12901
13985,12902
13985,12903
13985,12904
13985,12905
13985,12906
13985,12907
13985,12908
13985,12909
13985,12910
13985,12911
13986,12749
13986,12750
13986,12751
13986,12752
13986,12753
13986,12754
13986,12755
13986,12756
13986,12757
13986,12758
13986,12759
13986,12760
13986,12761
13986,12762
13986,12763
13986,12764
13986,12765
13986,12766
13986,12767
13986,12768
13986,12769
13986,12770
13986,12771
13986,12772
13986,12773
13986,12774
13986,12775
13986,12776
13986,12777
13986,12778
13986,12779
13986,12780
13986,12781
13986,12782
13986,12783
13986,12784
13986,12785
13986,12786
13986,12787
13986,12788
13986,12789
13986,12790
13986,12791
13986,12792
13986,12793
13986,12794
13986,12795
13986,12796
13986,12797
13986,12798
13986,12799
13986,12800
13986,12801
13986,12802
13986,12803
13986,12804
13986,12805
13986,12806
13986,12807
13986,12808
13986,12809
13986,12810
13986,12811
13986,12812
13986,12813
13986,12814
13986,12815
13986,12816
13986,12817
13986,12818
13986,12819
13986,12820
13986,12821
13986,12822
13986,12823
13986,12824
13986,12825
13986,12826
13986,12827
13986,12828
13986,12829
13986,12830
13986,12831
13986,12832
13986,12833
13986,12834
13986,12835
13986,12836
13986,12837
13986,12838
13986,12839
13986,12840
13986,12841
13986,12842
13986,12843
13986,12844
13986,12845
13986,12846
13986,12847
13986,12848
13986,12849
13986,12850
13986,12851
13986,12852
13986,12853
13986,12854
13986,12855
13986,12856
13986,12857
13986,12858
13986,12859
13986,12860
13986,12861
13986,12862
13986,12863
13986,12864
13986,12865
13986,12866
13986,12867
13986,12868
13986,12869
13986,12870
13986,12871
13986,12872
13986,12873
13986,12874
13986,12875
13986,12876
13986,12877
13986,12878
13986,12879
13986,12880
13986,12881
13986,12882
13986,12883
13986,12884
13986,12885
13986,12886
13986,12887
13986,12888
13986,12889
13986,12890
13986,12891
13986,12892
13986,12893
13986,12894
13986,12895
13986,12896
13986,12897
13986,12898
13986,12899
13986,12900
13986,12901
13986,12902
13986,12903
13986,12904
13986,12905
13986,12906
13986,12907
13986,12908
13986,12909
13986,12910
13986,12911
13987,12748
13987,12749
13987,12750
13987,12751
13987,12752
13987,12753
13987,12754
13987,12755
13987,12756
13987,12757
13987,12758
13987,12759
13987,12760
13987,12761
13987,12762
13987,12763
13987,12764
13987,12765
13987,12766
13987,12767
13987,12768
13987,12769
13987,12770
13987,12771
13987,12772
13987,12773
13987,12774
13987,12775
13987,12776
13987,12777
13987,12778
13987,12779
13987,12780
13987,12781
13987,12782
13987,12783
13987,12784
13987,12785
13987,12786
13987,12787
13987,12788
13987,12789
13987,12790
13987,12791
13987,12792
13987,12793
13987,12794
13987,12795
13987,12796
13987,12797
13987,12798
13987,12799
13987,12800
13987,12801
13987,12802
13987,12803
13987,12804
13987,12805
13987,12806
13987,12807
13987,12808
13987,12809
13987,12810
13987,12811
13987,12812
13987,12813
13987,12814
13987,12815
13987,12816
13987,12817
13987,12818
13987,12819
13987,12820
13987,12821
13987,12822
13987,12823
13987,12824
13987,12825
13987,12826
13987,12827
13987,12828
13987,12829
13987,12830
13987,12831
13987,12832
13987,12833
13987,12834
13987,12835
13987,12836
13987,12837
13987,12838
13987,12839
13987,12840
13987,12841
13987,12842
13987,12843
13987,12844
13987,12845
13987,12846
13987,12847
13987,12848
13987,12849
13987,12850
13987,12851
13987,12852
13987,12853
13987,12854
13987,12855
13987,12856
13987,12857
13987,12858
13987,12859
13987,12860
13987,12861
13987,12862
13987,12863
13987,12864
13987,12865
13987,12866
13987,12867
13987,12868
13987,12869
13987,12870
13987,12871
13987,12872
13987,12873
13987,12874
13987,12875
13987,12876
13987,12877
13987,12878
13987,12879
13987,12880
13987,12881
13987,12882
13987,12883
13987,12884
13987,12885
13987,12886
13987,12887
13987,12888
13987,12889
13987,12890
13987,12891
13987,12892
13987,12893
13987,12894
13987,12895
13987,12896
13987,12897
13987,12898
13987,12899
13987,12900
13987,12901
13987,12902
13987,12903
13987,12904
13987,12905
13987,12906
13987,12907
13987,12908
13987,12909
13987,12910
13987,12911
13988,12748
13988,12749
13988,12750
13988,12751
13988,12752
13988,12753
13988,12754
13988,12755
13988,12756
13988,12757
13988,12758
13988,12759
13988,12760
13988,12761
13988,12762
13988,12763
13988,12764
13988,12765
13988,12766
13988,12767
13988,12768
13988,12769
13988,12770
13988,12771
13988,12772
13988,12773
13988,12774
13988,12775
13988,12776
13988,12777
13988,12778
13988,12779
13988,12780
13988,12781
13988,12782
13988,12783
13988,12784
13988,12785
13988,12786
13988,12787
13988,12788
13988,12789
13988,12790
13988,12791
13988,12792
13988,12793
13988,12794
13988,12795
13988,12796
13988,12797
13988,12798
13988,12799
13988,12800
13988,12801
13988,12802
13988,12803
13988,12804
13988,12805
13988,12806
13988,12807
13988,12808
13988,12809
13988,12810
13988,12811
13988,12812
13988,12813
13988,12814
13988,12815
13988,12816
13988,12817
13988,12818
13988,12819
13988,12820
13988,12821
13988,12822
13988,12823
13988,12824
13988,12825
13988,12826
13988,12827
13988,12828
13988,12829
13988,12830
13988,12831
13988,12832
13988,12833
13988,12834
13988,12835
13988,12836
13988,12837
13988,12838
13988,12839
13988,12840
13988,12841
13988,12842
13988,12843
13988,12844
13988,12845
13988,12846
13988,12847
13988,12848
13988,12849
13988,12850
13988,12851
13988,12852
13988,12853
13988,12854
13988,12855
13988,12856
13988,12857
13988,12858
13988,12859
13988,12860
13988,12861
13988,12862
13988,12863
13988,12864
13988,12865
13988,12866
13988,12867
13988,12868
13988,12869
13988,12870
13988,12871
13988,12872
13988,12873
13988,12874
13988,12875
13988,12876
13988,12877
13988,12878
13988,12879
13988,12880
13988,12881
13988,12882
13988,12883
13988,12884
13988,12885
13988,12886
13988,12887
13988,12888
13988,12889
13988,12890
13988,12891
13988,12892
13988,12893
13988,12894
13988,12895
13988,12896
13988,12897
13988,12898
13988,12899
13988,12900
13988,12901
13988,12902
13988,12903
13988,12904
13988,12905
13988,12906
13988,12907
13988,12908
13988,12909
13988,12910
13988,12911
13989,12748
13989,12749
13989,12750
13989,12751
13989,12752
13989,12753
13989,12754
13989,12755
13989,12756
13989,12757
13989,12758
13989,12759
13989,12760
13989,12761
13989,12762
13989,12763
13989,12764
13989,12765
13989,12766
13989,12767
13989,12768
13989,12769
13989,12770
13989,12771
13989,12772
13989,12773
13989,12774
13989,12775
13989,12776
13989,12777
13989,12778
13989,12779
13989,12780
13989,12781
13989,12782
13989,12783
13989,12784
13989,12785
13989,12786
13989,12787
13989,12788
13989,12789
13989,12790
13989,12791
13989,12792
13989,12793
13989,12794
13989,12795
13989,12796
13989,12797
13989,12798
13989,12799
13989,12800
13989,12801
13989,12802
13989,12803
13989,12804
13989,12805
13989,12806
13989,12807
13989,12808
13989,12809
13989,12810
13989,12811
13989,12812
13989,12813
13989,12814
13989,12815
13989,12816
13989,12817
13989,12818
13989,12819
13989,12820
13989,12821
13989,12822
13989,12823
13989,12824
13989,12825
13989,12826
13989,12827
13989,12828
13989,12829
13989,12830
13989,12831
13989,12832
13989,12833
13989,12834
13989,12835
13989,12836
13989,12837
13989,12838
13989,12839
13989,12840
13989,12841
13989,12842
13989,12843
13989,12844
13989,12845
13989,12846
13989,12847
13989,12848
13989,12849
13989,12850
13989,12851
13989,12852
13989,12853
13989,12854
13989,12855
13989,12856
13989,12857
13989,12858
13989,12859
13989,12860
13989,12861
13989,12862
13989,12863
13989,12864
13989,12865
13989,12866
13989,12867
13989,12868
13989,12869
13989,12870
13989,12871
13989,12872
13989,12873
13989,12874
13989,12875
13989,12876
13989,12877
13989,12878
13989,12879
13989,12880
13989,12881
13989,12882
13989,12883
13989,12884
13989,12885
13989,12886
13989,12887
13989,12888
13989,12889
13989,12890
13989,12891
13989,12892
13989,12893
13989,12894
13989,12895
13989,12896
13989,12897
13989,12898
13989,12899
13989,12900
13989,12901
13989,12902
13989,12903
13989,12904
13989,12905
13989,12906
13989,12907
13989,12908
13989,12909
13989,12910
13989,12911
13990,12747
13990,12748
13990,12749
13990,12750
13990,12751
13990,12752
13990,12753
13990,12754
13990,12755
13990,12756
13990,12757
13990,12758
13990,12759
13990,12760
13990,12761
13990,12762
13990,12763
13990,12764
13990,12765
13990,12766
13990,12767
13990,12768
13990,12769
13990,12770
13990,12771
13990,12772
13990,12773
13990,12774
13990,12775
13990,12776
13990,12777
13990,12778
13990,12779
13990,12780
13990,12781
13990,12782
13990,12783
13990,12784
13990,12785
13990,12786
13990,12787
13990,12788
13990,12789
13990,12790
13990,12791
13990,12792
13990,12793
13990,12794
13990,12795
13990,12796
13990,12797
13990,12798
13990,12799
13990,12800
13990,12801
13990,12802
13990,12803
13990,12804
13990,12805
13990,12806
13990,12807
13990,12808
13990,12809
13990,12810
13990,12811
13990,12812
13990,12813
13990,12814
13990,12815
13990,12816
13990,12817
13990,12818
13990,12819
13990,12820
13990,12821
13990,12822
13990,12823
13990,12824
13990,12825
13990,12826
13990,12827
13990,12828
13990,12829
13990,12830
13990,12831
13990,12832
13990,12833
13990,12834
13990,12835
13990,12836
13990,12837
13990,12838
13990,12839
13990,12840
13990,12841
13990,12842
13990,12843
13990,12844
13990,12845
13990,12846
13990,12847
13990,12848
13990,12849
13990,12850
13990,12851
13990,12852
13990,12853
13990,12854
13990,12855
13990,12856
13990,12857
13990,12858
13990,12859
13990,12860
13990,12861
13990,12862
13990,12863
13990,12864
13990,12865
13990,12866
13990,12867
13990,12868
13990,12869
13990,12870
13990,12871
13990,12872
13990,12873
13990,12874
13990,12875
13990,12876
13990,12877
13990,12878
13990,12879
13990,12880
13990,12881
13990,12882
13990,12883
13990,12884
13990,12885
13990,12886
13990,12887
13990,12888
13990,12889
13990,12890
13990,12891
13990,12892
13990,12893
13990,12894
13990,12895
13990,12896
13990,12897
13990,12898
13990,12899
13990,12900
13990,12901
13990,12902
13990,12903
13990,12904
13990,12905
13990,12906
13990,12907
13990,12908
13990,12909
13990,12910
13990,12911
13991,12748
13991,12749
13991,12750
13991,12751
13991,12752
13991,12753
13991,12754
13991,12755
13991,12756
13991,12757
13991,12758
13991,12759
13991,12760
13991,12761
13991,12762
13991,12763
13991,12764
13991,12765
13991,12766
13991,12767
13991,12768
13991,12769
13991,12770
13991,12771
13991,12772
13991,12773
13991,12774
13991,12775
13991,12776
13991,12777
13991,12778
13991,12779
13991,12780
13991,12781
13991,12782
13991,12783
13991,12784
13991,12785
13991,12786
13991,12787
13991,12788
13991,12789
13991,12790
13991,12791
13991,12792
13991,12793
13991,12794
13991,12795
13991,12796
13991,12797
13991,12798
13991,12799
13991,12800
13991,12801
13991,12802
13991,12803
13991,12804
13991,12805
13991,12806
13991,12807
13991,12808
13991,12809
13991,12810
13991,12811
13991,12812
13991,12813
13991,12814
13991,12815
13991,12816
13991,12817
13991,12818
13991,12819
13991,12820
13991,12821
13991,12822
13991,12823
13991,12824
13991,12825
13991,12826
13991,12827
13991,12828
13991,12829
13991,12830
13991,12831
13991,12832
13991,12833
13991,12834
13991,12835
13991,12836
13991,12837
13991,12838
13991,12839
13991,12840
13991,12841
13991,12842
13991,12843
13991,12844
13991,12845
13991,12846
13991,12847
13991,12848
13991,12849
13991,12850
13991,12851
13991,12852
13991,12853
13991,12854
13991,12855
13991,12856
13991,12857
13991,12858
13991,12859
13991,12860
13991,12861
13991,12862
13991,12863
13991,12864
13991,12865
13991,12866
13991,12867
13991,12868
13991,12869
13991,12870
13991,12871
13991,12872
13991,12873
13991,12874
13991,12875
13991,12876
13991,12877
13991,12878
13991,12879
13991,12880
13991,12881
13991,12882
13991,12883
13991,12884
13991,12885
13991,12886
13991,12887
13991,12888
13991,12889
13991,12890
13991,12891
13991,12892
13991,12893
13991,12894
13991,12895
13991,12896
13991,12897
13991,12898
13991,12899
13991,12900
13991,12901
13991,12902
13991,12903
13991,12904
13991,12905
13991,12906
13991,12907
13991,12908
13991,12909
13991,12910
13991,12911
13992,12748
13992,12749
13992,12750
13992,12751
13992,12752
13992,12753
13992,12754
13992,12755
13992,12756
13992,12757
13992,12758
13992,12759
13992,12760
13992,12761
13992,12762
13992,12763
13992,12764
13992,12765
13992,12766
13992,12767
13992,12768
13992,12769
13992,12770
13992,12771
13992,12772
13992,12773
13992,12774
13992,12775
13992,12776
13992,12777
13992,12778
13992,12779
13992,12780
13992,12781
13992,12782
13992,12783
13992,12784
13992,12785
13992,12786
13992,12787
13992,12788
13992,12789
13992,12790
13992,12791
13992,12792
13992,12793
13992,12794
13992,12795
13992,12796
13992,12797
13992,12798
13992,12799
13992,12800
13992,12801
13992,12802
13992,12803
13992,12804
13992,12805
13992,12806
13992,12807
13992,12808
13992,12809
13992,12810
13992,12811
13992,12812
13992,12813
13992,12814
13992,12815
13992,12816
13992,12817
13992,12818
13992,12819
13992,12820
13992,12821
13992,12822
13992,12823
13992,12824
13992,12825
13992,12826
13992,12827
13992,12828
13992,12829
13992,12830
13992,12831
13992,12832
13992,12833
13992,12834
13992,12835
13992,12836
13992,12837
13992,12838
13992,12839
13992,12840
13992,12841
13992,12842
13992,12843
13992,12844
13992,12845
13992,12846
13992,12847
13992,12848
13992,12849
13992,12850
13992,12851
13992,12852
13992,12853
13992,12854
13992,12855
13992,12856
13992,12857
13992,12858
13992,12859
13992,12860
13992,12861
13992,12862
13992,12863
13992,12864
13992,12865
13992,12866
13992,12867
13992,12868
13992,12869
13992,12870
13992,12871
13992,12872
13992,12873
13992,12874
13992,12875
13992,12876
13992,12877
13992,12878
13992,12879
13992,12880
13992,12881
13992,12882
13992,12883
13992,12884
13992,12885
13992,12886
13992,12887
13992,12888
13992,12889
13992,12890
13992,12891
13992,12892
13992,12893
13992,12894
13992,12895
13992,12896
13992,12897
13992,12898
13992,12899
13992,12900
13992,12901
13992,12902
13992,12903
13992,12904
13992,12905
13992,12906
13992,12907
13992,12908
13992,12909
13992,12910
13992,12911
13993,12748
13993,12749
13993,12750
13993,12751
13993,12752
13993,12753
13993,12754
13993,12755
13993,12756
13993,12757
13993,12758
13993,12759
13993,12760
13993,12761
13993,12762
13993,12763
13993,12764
13993,12765
13993,12766
13993,12767
13993,12768
13993,12769
13993,12770
13993,12771
13993,12772
13993,12773
13993,12774
13993,12775
13993,12776
13993,12777
13993,12778
13993,12779
13993,12780
13993,12781
13993,12782
13993,12783
13993,12784
13993,12785
13993,12786
13993,12787
13993,12788
13993,12789
13993,12790
13993,12791
13993,12792
13993,12793
13993,12794
13993,12795
13993,12796
13993,12797
13993,12798
13993,12799
13993,12800
13993,12801
13993,12802
13993,12803
13993,12804
13993,12805
13993,12806
13993,12807
13993,12808
13993,12809
13993,12810
13993,12811
13993,12812
13993,12813
13993,12814
13993,12815
13993,12816
13993,12817
13993,12818
13993,12819
13993,12820
13993,12821
13993,12822
13993,12823
13993,12824
13993,12825
13993,12826
13993,12827
13993,12828
13993,12829
13993,12830
13993,12831
13993,12832
13993,12833
13993,12834
13993,12835
13993,12836
13993,12837
13993,12838
13993,12839
13993,12840
13993,12841
13993,12842
13993,12843
13993,12844
13993,12845
13993,12846
13993,12847
13993,12848
13993,12849
13993,12850
13993,12851
13993,12852
13993,12853
13993,12854
13993,12855
13993,12856
13993,12857
13993,12858
13993,12859
13993,12860
13993,12861
13993,12862
13993,12863
13993,12864
13993,12865
13993,12866
13993,12867
13993,12868
13993,12869
13993,12870
13993,12871
13993,12872
13993,12873
13993,12874
13993,12875
13993,12876
13993,12877
13993,12878
13993,12879
13993,12880
13993,12881
13993,12882
13993,12883
13993,12884
13993,12885
13993,12886
13993,12887
13993,12888
13993,12889
13993,12890
13993,12891
13993,12892
13993,12893
13993,12894
13993,12895
13993,12896
13993,12897
13993,12898
13993,12899
13993,12900
13993,12901
13993,12902
13993,12903
13993,12904
13993,12905
13993,12906
13993,12907
13993,12908
13993,12909
13993,12910
13993,12911
13994,12749
13994,12750
13994,12751
13994,12752
13994,12753
13994,12754
13994,12755
13994,12756
13994,12757
13994,12758
13994,12759
13994,12760
13994,12761
13994,12762
13994,12763
13994,12764
13994,12765
13994,12766
13994,12767
13994,12768
13994,12769
13994,12770
13994,12771
13994,12772
13994,12773
13994,12774
13994,12775
13994,12776
13994,12777
13994,12778
13994,12779
13994,12780
13994,12781
13994,12782
13994,12783
13994,12784
13994,12785
13994,12786
13994,12787
13994,12788
13994,12789
13994,12790
13994,12791
13994,12792
13994,12793
13994,12794
13994,12795
13994,12796
13994,12797
13994,12798
13994,12799
13994,12800
13994,12801
13994,12802
13994,12803
13994,12804
13994,12805
13994,12806
13994,12807
13994,12808
13994,12809
13994,12810
13994,12811
13994,12812
13994,12813
13994,12814
13994,12815
13994,12816
13994,12817
13994,12818
13994,12819
13994,12820
13994,12821
13994,12822
13994,12823
13994,12824
13994,12825
13994,12826
13994,12827
13994,12828
13994,12829
13994,12830
13994,12831
13994,12832
13994,12833
13994,12834
13994,12835
13994,12836
13994,12837
13994,12838
13994,12839
13994,12840
13994,12841
13994,12842
13994,12843
13994,12844
13994,12845
13994,12846
13994,12847
13994,12848
13994,12849
13994,12850
13994,12851
13994,12852
13994,12853
13994,12854
13994,12855
13994,12856
13994,12857
13994,12858
13994,12859
13994,12860
13994,12861
13994,12862
13994,12863
13994,12864
13994,12865
13994,12866
13994,12867
13994,12868
13994,12869
13994,12870
13994,12871
13994,12872
13994,12873
13994,12874
13994,12875
13994,12876
13994,12877
13994,12878
13994,12879
13994,12880
13994,12881
13994,12882
13994,12883
13994,12884
13994,12885
13994,12886
13994,12887
13994,12888
13994,12889
13994,12890
13994,12891
13994,12892
13994,12893
13994,12894
13994,12895
13994,12896
13994,12897
13994,12898
13994,12899
13994,12900
13994,12901
13994,12902
13994,12903
13994,12904
13994,12905
13994,12906
13994,12907
13994,12908
13994,12909
13994,12910
13994,12911
13995,12749
13995,12750
13995,12751
13995,12752
13995,12753
13995,12754
13995,12755
13995,12756
13995,12757
13995,12758
13995,12759
13995,12760
13995,12761
13995,12762
13995,12763
13995,12764
13995,12765
13995,12766
13995,12767
13995,12768
13995,12769
13995,12770
13995,12771
13995,12772
13995,12773
13995,12774
13995,12775
13995,12776
13995,12777
13995,12778
13995,12779
13995,12780
13995,12781
13995,12782
13995,12783
13995,12784
13995,12785
13995,12786
13995,12787
13995,12788
13995,12789
13995,12790
13995,12791
13995,12792
13995,12793
13995,12794
13995,12795
13995,12796
13995,12797
13995,12798
13995,12799
13995,12800
13995,12801
13995,12802
13995,12803
13995,12804
13995,12805
13995,12806
13995,12807
13995,12808
13995,12809
13995,12810
13995,12811
13995,12812
13995,12813
13995,12814
13995,12815
13995,12816
13995,12817
13995,12818
13995,12819
13995,12820
13995,12821
13995,12822
13995,12823
13995,12824
13995,12825
13995,12826
13995,12827
13995,12828
13995,12829
13995,12830
13995,12831
13995,12832
13995,12833
13995,12834
13995,12835
13995,12836
13995,12837
13995,12838
13995,12839
13995,12840
13995,12841
13995,12842
13995,12843
13995,12844
13995,12845
13995,12846
13995,12847
13995,12848
13995,12849
13995,12850
13995,12851
13995,12852
13995,12853
13995,12854
13995,12855
13995,12856
13995,12857
13995,12858
13995,12859
13995,12860
13995,12861
13995,12862
13995,12863
13995,12864
13995,12865
13995,12866
13995,12867
13995,12868
13995,12869
13995,12870
13995,12871
13995,12872
13995,12873
13995,12874
13995,12875
13995,12876
13995,12877
13995,12878
13995,12879
13995,12880
13995,12881
13995,12882
13995,12883
13995,12884
13995,12885
13995,12886
13995,12887
13995,12888
13995,12889
13995,12890
13995,12891
13995,12892
13995,12893
13995,12894
13995,12895
13995,12896
13995,12897
13995,12898
13995,12899
13995,12900
13995,12901
13995,12902
13995,12903
13995,12904
13995,12905
13995,12906
13995,12907
13995,12908
13995,12909
13995,12910
13995,12911
13996,12750
13996,12751
13996,12752
13996,12753
13996,12754
13996,12755
13996,12756
13996,12757
13996,12758
13996,12759
13996,12760
13996,12761
13996,12762
13996,12763
13996,12764
13996,12765
13996,12766
13996,12767
13996,12768
13996,12769
13996,12770
13996,12771
13996,12772
13996,12773
13996,12774
13996,12775
13996,12776
13996,12777
13996,12778
13996,12779
13996,12780
13996,12781
13996,12782
13996,12783
13996,12784
13996,12785
13996,12786
13996,12787
13996,12788
13996,12789
13996,12790
13996,12791
13996,12792
13996,12793
13996,12794
13996,12795
13996,12796
13996,12797
13996,12798
13996,12799
13996,12800
13996,12801
13996,12802
13996,12803
13996,12804
13996,12805
13996,12806
13996,12807
13996,12808
13996,12809
13996,12810
13996,12811
13996,12812
13996,12813
13996,12814
13996,12815
13996,12816
13996,12817
13996,12818
13996,12819
13996,12820
13996,12821
13996,12822
13996,12823
13996,12824
13996,12825
13996,12826
13996,12827
13996,12828
13996,12829
13996,12830
13996,12831
13996,12832
13996,12833
13996,12834
13996,12835
13996,12836
13996,12837
13996,12838
13996,12839
13996,12840
13996,12841
13996,12842
13996,12843
13996,12844
13996,12845
13996,12846
13996,12847
13996,12848
13996,12849
13996,12850
13996,12851
13996,12852
13996,12853
13996,12854
13996,12855
13996,12856
13996,12857
13996,12858
13996,12859
13996,12860
13996,12861
13996,12862
13996,12863
13996,12864
13996,12865
13996,12866
13996,12867
13996,12868
13996,12869
13996,12870
13996,12871
13996,12872
13996,12873
13996,12874
13996,12875
13996,12876
13996,12877
13996,12878
13996,12879
13996,12880
13996,12881
13996,12882
13996,12883
13996,12884
13996,12885
13996,12886
13996,12887
13996,12888
13996,12889
13996,12890
13996,12891
13996,12892
13996,12893
13996,12894
13996,12895
13996,12896
13996,12897
13996,12898
13996,12899
13996,12900
13996,12901
13996,12902
13996,12903
13996,12904
13996,12905
13996,12906
13996,12907
13996,12908
13996,12909
13996,12910
13996,12911
13997,12750
13997,12751
13997,12752
13997,12753
13997,12754
13997,12755
13997,12756
13997,12757
13997,12758
13997,12759
13997,12760
13997,12761
13997,12762
13997,12763
13997,12764
13997,12765
13997,12766
13997,12767
13997,12768
13997,12769
13997,12770
13997,12771
13997,12772
13997,12773
13997,12774
13997,12775
13997,12776
13997,12777
13997,12778
13997,12779
13997,12780
13997,12781
13997,12782
13997,12783
13997,12784
13997,12785
13997,12786
13997,12787
13997,12788
13997,12789
13997,12790
13997,12791
13997,12792
13997,12793
13997,12794
13997,12795
13997,12796
13997,12797
13997,12798
13997,12799
13997,12800
13997,12801
13997,12802
13997,12803
13997,12804
13997,12805
13997,12806
13997,12807
13997,12808
13997,12809
13997,12810
13997,12811
13997,12812
13997,12813
13997,12814
13997,12815
13997,12816
13997,12817
13997,12818
13997,12819
13997,12820
13997,12821
13997,12822
13997,12823
13997,12824
13997,12825
13997,12826
13997,12827
13997,12828
13997,12829
13997,12830
13997,12831
13997,12832
13997,12833
13997,12834
13997,12835
13997,12836
13997,12837
13997,12838
13997,12839
13997,12840
13997,12841
13997,12842
13997,12843
13997,12844
13997,12845
13997,12846
13997,12847
13997,12848
13997,12849
13997,12850
13997,12851
13997,12852
13997,12853
13997,12854
13997,12855
13997,12856
13997,12857
13997,12858
13997,12859
13997,12860
13997,12861
13997,12862
13997,12863
13997,12864
13997,12865
13997,12866
13997,12867
13997,12868
13997,12869
13997,12870
13997,12871
13997,12872
13997,12873
13997,12874
13997,12875
13997,12876
13997,12877
13997,12878
13997,12879
13997,12880
13997,12881
13997,12882
13997,12883
13997,12884
13997,12885
13997,12886
13997,12887
13997,12888
13997,12889
13997,12890
13997,12891
13997,12892
13997,12893
13997,12894
13997,12895
13997,12896
13997,12897
13997,12898
13997,12899
13997,12900
13997,12901
13997,12902
13997,12903
13997,12904
13997,12905
13997,12906
13997,12907
13997,12908
13997,12909
13997,12910
13997,12911
13998,12750
13998,12751
13998,12752
13998,12753
13998,12754
13998,12755
13998,12756
13998,12757
13998,12758
13998,12759
13998,12760
13998,12761
13998,12762
13998,12763
13998,12764
13998,12765
13998,12766
13998,12767
13998,12768
13998,12769
13998,12770
13998,12771
13998,12772
13998,12773
13998,12774
13998,12775
13998,12776
13998,12777
13998,12778
13998,12779
13998,12780
13998,12781
13998,12782
13998,12783
13998,12784
13998,12785
13998,12786
13998,12787
13998,12788
13998,12789
13998,12790
13998,12791
13998,12792
13998,12793
13998,12794
13998,12795
13998,12796
13998,12797
13998,12798
13998,12799
13998,12800
13998,12801
13998,12802
13998,12803
13998,12804
13998,12805
13998,12806
13998,12807
13998,12808
13998,12809
13998,12810
13998,12811
13998,12812
13998,12813
13998,12814
13998,12815
13998,12816
13998,12817
13998,12818
13998,12819
13998,12820
13998,12821
13998,12822
13998,12823
13998,12824
13998,12825
13998,12826
13998,12827
13998,12828
13998,12829
13998,12830
13998,12831
13998,12832
13998,12833
13998,12834
13998,12835
13998,12836
13998,12837
13998,12838
13998,12839
13998,12840
13998,12841
13998,12842
13998,12843
13998,12844
13998,12845
13998,12846
13998,12847
13998,12848
13998,12849
13998,12850
13998,12851
13998,12852
13998,12853
13998,12854
13998,12855
13998,12856
13998,12857
13998,12858
13998,12859
13998,12860
13998,12861
13998,12862
13998,12863
13998,12864
13998,12865
13998,12866
13998,12867
13998,12868
13998,12869
13998,12870
13998,12871
13998,12872
13998,12873
13998,12874
13998,12875
13998,12876
13998,12877
13998,12878
13998,12879
13998,12880
13998,12881
13998,12882
13998,12883
13998,12884
13998,12885
13998,12886
13998,12887
13998,12888
13998,12889
13998,12890
13998,12891
13998,12892
13998,12893
13998,12894
13998,12895
13998,12896
13998,12897
13998,12898
13998,12899
13998,12900
13998,12901
13998,12902
13998,12903
13998,12904
13998,12905
13998,12906
13998,12907
13998,12908
13998,12909
13998,12910
13998,12911
13999,12751
13999,12752
13999,12753
13999,12754
13999,12755
13999,12756
13999,12757
13999,12758
13999,12759
13999,12760
13999,12761
13999,12762
13999,12763
13999,12764
13999,12765
13999,12766
13999,12767
13999,12768
13999,12769
13999,12770
13999,12771
13999,12772
13999,12773
13999,12774
13999,12775
13999,12776
13999,12777
13999,12778
13999,12779
13999,12780
13999,12781
13999,12782
13999,12783
13999,12784
13999,12785
13999,12786
13999,12787
13999,12788
13999,12789
13999,12790
13999,12791
13999,12792
13999,12793
13999,12794
13999,12795
13999,12796
13999,12797
13999,12798
13999,12799
13999,12800
13999,12801
13999,12802
13999,12803
13999,12804
13999,12805
13999,12806
13999,12807
13999,12808
13999,12809
13999,12810
13999,12811
13999,12812
13999,12813
13999,12814
13999,12815
13999,12816
13999,12817
13999,12818
13999,12819
13999,12820
13999,12821
13999,12822
13999,12823
13999,12824
13999,12825
13999,12826
13999,12827
13999,12828
13999,12829
13999,12830
13999,12831
13999,12832
13999,12833
13999,12834
13999,12835
13999,12836
13999,12837
13999,12838
13999,12839
13999,12840
13999,12841
13999,12842
13999,12843
13999,12844
13999,12845
13999,12846
13999,12847
13999,12848
13999,12849
13999,12850
13999,12851
13999,12852
13999,12853
13999,12854
13999,12855
13999,12856
13999,12857
13999,12858
13999,12859
13999,12860
13999,12861
13999,12862
13999,12863
13999,12864
13999,12865
13999,12866
13999,12867
13999,12868
13999,12869
13999,12870
13999,12871
13999,12872
13999,12873
13999,12874
13999,12875
13999,12876
13999,12877
13999,12878
13999,12879
13999,12880
13999,12881
13999,12882
13999,12883
13999,12884
13999,12885
13999,12886
13999,12887
13999,12888
13999,12889
13999,12890
13999,12891
13999,12892
13999,12893
13999,12894
13999,12895
13999,12896
13999,12897
13999,12898
13999,12899
13999,12900
13999,12901
13999,12902
13999,12903
13999,12904
13999,12905
13999,12906
13999,12907
13999,12908
13999,12909
13999,12910
13999,12911
14000,12752
14000,12753
14000,12754
14000,12755
14000,12756
14000,12757
14000,12758
14000,12759
14000,12760
14000,12761
14000,12762
14000,12763
14000,12764
14000,12765
14000,12766
14000,12767
14000,12768
14000,12769
14000,12770
14000,12771
14000,12772
14000,12773
14000,12774
14000,12775
14000,12776
14000,12777
14000,12778
14000,12779
14000,12780
14000,12781
14000,12782
14000,12783
14000,12784
14000,12785
14000,12786
14000,12787
14000,12788
14000,12789
14000,12790
14000,12791
14000,12792
14000,12793
14000,12794
14000,12795
14000,12796
14000,12797
14000,12798
14000,12799
14000,12800
14000,12801
14000,12802
14000,12803
14000,12804
14000,12805
14000,12806
14000,12807
14000,12808
14000,12809
14000,12810
14000,12811
14000,12812
14000,12813
14000,12814
14000,12815
14000,12816
14000,12817
14000,12818
14000,12819
14000,12820
14000,12821
14000,12822
14000,12823
14000,12824
14000,12825
14000,12826
14000,12827
14000,12828
14000,12829
14000,12830
14000,12831
14000,12832
14000,12833
14000,12834
14000,12835
14000,12836
14000,12837
14000,12838
14000,12839
14000,12840
14000,12841
14000,12842
14000,12843
14000,12844
14000,12845
14000,12846
14000,12847
14000,12848
14000,12849
14000,12850
14000,12851
14000,12852
14000,12853
14000,12854
14000,12855
14000,12856
14000,12857
14000,12858
14000,12859
14000,12860
14000,12861
14000,12862
14000,12863
14000,12864
14000,12865
14000,12866
14000,12867
14000,12868
14000,12869
14000,12870
14000,12871
14000,12872
14000,12873
14000,12874
14000,12875
14000,12876
14000,12877
14000,12878
14000,12879
14000,12880
14000,12881
14000,12882
14000,12883
14000,12884
14000,12885
14000,12886
14000,12887
14000,12888
14000,12889
14000,12890
14000,12891
14000,12892
14000,12893
14000,12894
14000,12895
14000,12896
14000,12897
14000,12898
14000,12899
14000,12900
14000,12901
14000,12902
14000,12903
14000,12904
14000,12905
14000,12906
14000,12907
14000,12908
14000,12909
14000,12910
14000,12911
14001,12754
14001,12755
14001,12756
14001,12757
14001,12758
14001,12759
14001,12760
14001,12761
14001,12762
14001,12763
14001,12764
14001,12765
14001,12766
14001,12767
14001,12768
14001,12769
14001,12770
14001,12771
14001,12772
14001,12773
14001,12774
14001,12775
14001,12776
14001,12777
14001,12778
14001,12779
14001,12780
14001,12781
14001,12782
14001,12783
14001,12784
14001,12785
14001,12786
14001,12787
14001,12788
14001,12789
14001,12790
14001,12791
14001,12792
14001,12793
14001,12794
14001,12795
14001,12796
14001,12797
14001,12798
14001,12799
14001,12800
14001,12801
14001,12802
14001,12803
14001,12804
14001,12805
14001,12806
14001,12807
14001,12808
14001,12809
14001,12810
14001,12811
14001,12812
14001,12813
14001,12814
14001,12815
14001,12816
14001,12817
14001,12818
14001,12819
14001,12820
14001,12821
14001,12822
14001,12823
14001,12824
14001,12825
14001,12826
14001,12827
14001,12828
14001,12829
14001,12830
14001,12831
14001,12832
14001,12833
14001,12834
14001,12835
14001,12836
14001,12837
14001,12838
14001,12839
14001,12840
14001,12841
14001,12842
14001,12843
14001,12844
14001,12845
14001,12846
14001,12847
14001,12848
14001,12849
14001,12850
14001,12851
14001,12852
14001,12853
14001,12854
14001,12855
14001,12856
14001,12857
14001,12858
14001,12859
14001,12860
14001,12861
14001,12862
14001,12863
14001,12864
14001,12865
14001,12866
14001,12867
14001,12868
14001,12869
14001,12870
14001,12871
14001,12872
14001,12873
14001,12874
14001,12875
14001,12876
14001,12877
14001,12878
14001,12879
14001,12880
14001,12881
14001,12882
14001,12883
14001,12884
14001,12885
14001,12886
14001,12887
14001,12888
14001,12889
14001,12890
14001,12891
14001,12892
14001,12893
14001,12894
14001,12895
14001,12896
14001,12897
14001,12898
14001,12899
14001,12900
14001,12901
14001,12902
14001,12903
14001,12904
14001,12905
14001,12906
14001,12907
14001,12908
14001,12909
14001,12910
14001,12911
14002,12754
14002,12755
14002,12756
14002,12757
14002,12758
14002,12759
14002,12760
14002,12761
14002,12762
14002,12763
14002,12764
14002,12765
14002,12766
14002,12767
14002,12768
14002,12769
14002,12770
14002,12771
14002,12772
14002,12773
14002,12774
14002,12775
14002,12776
14002,12777
14002,12778
14002,12779
14002,12780
14002,12781
14002,12782
14002,12783
14002,12784
14002,12785
14002,12786
14002,12787
14002,12788
14002,12789
14002,12790
14002,12791
14002,12792
14002,12793
14002,12794
14002,12795
14002,12796
14002,12797
14002,12798
14002,12799
14002,12800
14002,12801
14002,12802
14002,12803
14002,12804
14002,12805
14002,12806
14002,12807
14002,12808
14002,12809
14002,12810
14002,12811
14002,12812
14002,12813
14002,12814
14002,12815
14002,12816
14002,12817
14002,12818
14002,12819
14002,12820
14002,12821
14002,12822
14002,12823
14002,12824
14002,12825
14002,12826
14002,12827
14002,12828
14002,12829
14002,12830
14002,12831
14002,12832
14002,12833
14002,12834
14002,12835
14002,12836
14002,12837
14002,12838
14002,12839
14002,12840
14002,12841
14002,12842
14002,12843
14002,12844
14002,12845
14002,12846
14002,12847
14002,12848
14002,12849
14002,12850
14002,12851
14002,12852
14002,12853
14002,12854
14002,12855
14002,12856
14002,12857
14002,12858
14002,12859
14002,12860
14002,12861
14002,12862
14002,12863
14002,12864
14002,12865
14002,12866
14002,12867
14002,12868
14002,12869
14002,12870
14002,12871
14002,12872
14002,12873
14002,12874
14002,12875
14002,12876
14002,12877
14002,12878
14002,12879
14002,12880
14002,12881
14002,12882
14002,12883
14002,12884
14002,12885
14002,12886
14002,12887
14002,12888
14002,12889
14002,12890
14002,12891
14002,12892
14002,12893
14002,12894
14002,12895
14002,12896
14002,12897
14002,12898
14002,12899
14002,12900
14002,12901
14002,12902
14002,12903
14002,12904
14002,12905
14002,12906
14002,12907
14002,12908
14002,12909
14002,12910
14002,12911
14003,12753
14003,12754
14003,12755
14003,12756
14003,12757
14003,12758
14003,12759
14003,12760
14003,12761
14003,12762
14003,12763
14003,12764
14003,12765
14003,12766
14003,12767
14003,12768
14003,12769
14003,12770
14003,12771
14003,12772
14003,12773
14003,12774
14003,12775
14003,12776
14003,12777
14003,12778
14003,12779
14003,12780
14003,12781
14003,12782
14003,12783
14003,12784
14003,12785
14003,12786
14003,12787
14003,12788
14003,12789
14003,12790
14003,12791
14003,12792
14003,12793
14003,12794
14003,12795
14003,12796
14003,12797
14003,12798
14003,12799
14003,12800
14003,12801
14003,12802
14003,12803
14003,12804
14003,12805
14003,12806
14003,12807
14003,12808
14003,12809
14003,12810
14003,12811
14003,12812
14003,12813
14003,12814
14003,12815
14003,12816
14003,12817
14003,12818
14003,12819
14003,12820
14003,12821
14003,12822
14003,12823
14003,12824
14003,12825
14003,12826
14003,12827
14003,12828
14003,12829
14003,12830
14003,12831
14003,12832
14003,12833
14003,12834
14003,12835
14003,12836
14003,12837
14003,12838
14003,12839
14003,12840
14003,12841
14003,12842
14003,12843
14003,12844
14003,12845
14003,12846
14003,12847
14003,12848
14003,12849
14003,12850
14003,12851
14003,12852
14003,12853
14003,12854
14003,12855
14003,12856
14003,12857
14003,12858
14003,12859
14003,12860
14003,12861
14003,12862
14003,12863
14003,12864
14003,12865
14003,12866
14003,12867
14003,12868
14003,12869
14003,12870
14003,12871
14003,12872
14003,12873
14003,12874
14003,12875
14003,12876
14003,12877
14003,12878
14003,12879
14003,12880
14003,12881
14003,12882
14003,12883
14003,12884
14003,12885
14003,12886
14003,12887
14003,12888
14003,12889
14003,12890
14003,12891
14003,12892
14003,12893
14003,12894
14003,12895
14003,12896
14003,12897
14003,12898
14003,12899
14003,12900
14003,12901
14003,12902
14003,12903
14003,12904
14003,12905
14003,12906
14003,12907
14003,12908
14003,12909
14003,12910
14003,12911
14004,12753
14004,12754
14004,12755
14004,12756
14004,12757
14004,12758
14004,12759
14004,12760
14004,12761
14004,12762
14004,12763
14004,12764
14004,12765
14004,12766
14004,12767
14004,12768
14004,12769
14004,12770
14004,12771
14004,12772
14004,12773
14004,12774
14004,12775
14004,12776
14004,12777
14004,12778
14004,12779
14004,12780
14004,12781
14004,12782
14004,12783
14004,12784
14004,12785
14004,12786
14004,12787
14004,12788
14004,12789
14004,12790
14004,12791
14004,12792
14004,12793
14004,12794
14004,12795
14004,12796
14004,12797
14004,12798
14004,12799
14004,12800
14004,12801
14004,12802
14004,12803
14004,12804
14004,12805
14004,12806
14004,12807
14004,12808
14004,12809
14004,12810
14004,12811
14004,12812
14004,12813
14004,12814
14004,12815
14004,12816
14004,12817
14004,12818
14004,12819
14004,12820
14004,12821
14004,12822
14004,12823
14004,12824
14004,12825
14004,12826
14004,12827
14004,12828
14004,12829
14004,12830
14004,12831
14004,12832
14004,12833
14004,12834
14004,12835
14004,12836
14004,12837
14004,12838
14004,12839
14004,12840
14004,12841
14004,12842
14004,12843
14004,12844
14004,12845
14004,12846
14004,12847
14004,12848
14004,12849
14004,12850
14004,12851
14004,12852
14004,12853
14004,12854
14004,12855
14004,12856
14004,12857
14004,12858
14004,12859
14004,12860
14004,12861
14004,12862
14004,12863
14004,12864
14004,12865
14004,12866
14004,12867
14004,12868
14004,12869
14004,12870
14004,12871
14004,12872
14004,12873
14004,12874
14004,12875
14004,12876
14004,12877
14004,12878
14004,12879
14004,12880
14004,12881
14004,12882
14004,12883
14004,12884
14004,12885
14004,12886
14004,12887
14004,12888
14004,12889
14004,12890
14004,12891
14004,12892
14004,12893
14004,12894
14004,12895
14004,12896
14004,12897
14004,12898
14004,12899
14004,12900
14004,12901
14004,12902
14004,12903
14004,12904
14004,12905
14004,12906
14004,12907
14004,12908
14004,12909
14004,12910
14004,12911
14005,12753
14005,12754
14005,12755
14005,12756
14005,12757
14005,12758
14005,12759
14005,12760
14005,12761
14005,12762
14005,12763
14005,12764
14005,12765
14005,12766
14005,12767
14005,12768
14005,12769
14005,12770
14005,12771
14005,12772
14005,12773
14005,12774
14005,12775
14005,12776
14005,12777
14005,12778
14005,12779
14005,12780
14005,12781
14005,12782
14005,12783
14005,12784
14005,12785
14005,12786
14005,12787
14005,12788
14005,12789
14005,12790
14005,12791
14005,12792
14005,12793
14005,12794
14005,12795
14005,12796
14005,12797
14005,12798
14005,12799
14005,12800
14005,12801
14005,12802
14005,12803
14005,12804
14005,12805
14005,12806
14005,12807
14005,12808
14005,12809
14005,12810
14005,12811
14005,12812
14005,12813
14005,12814
14005,12815
14005,12816
14005,12817
14005,12818
14005,12819
14005,12820
14005,12821
14005,12822
14005,12823
14005,12824
14005,12825
14005,12826
14005,12827
14005,12828
14005,12829
14005,12830
14005,12831
14005,12832
14005,12833
14005,12834
14005,12835
14005,12836
14005,12837
14005,12838
14005,12839
14005,12840
14005,12841
14005,12842
14005,12843
14005,12844
14005,12845
14005,12846
14005,12847
14005,12848
14005,12849
14005,12850
14005,12851
14005,12852
14005,12853
14005,12854
14005,12855
14005,12856
14005,12857
14005,12858
14005,12859
14005,12860
14005,12861
14005,12862
14005,12863
14005,12864
14005,12865
14005,12866
14005,12867
14005,12868
14005,12869
14005,12870
14005,12871
14005,12872
14005,12873
14005,12874
14005,12875
14005,12876
14005,12877
14005,12878
14005,12879
14005,12880
14005,12881
14005,12882
14005,12883
14005,12884
14005,12885
14005,12886
14005,12887
14005,12888
14005,12889
14005,12890
14005,12891
14005,12892
14005,12893
14005,12894
14005,12895
14005,12896
14005,12897
14005,12898
14005,12899
14005,12900
14005,12901
14005,12902
14005,12903
14005,12904
14005,12905
14005,12906
14005,12907
14005,12908
14005,12909
14005,12910
14005,12911
14006,12752
14006,12753
14006,12754
14006,12755
14006,12756
14006,12757
14006,12758
14006,12759
14006,12760
14006,12761
14006,12762
14006,12763
14006,12764
14006,12765
14006,12766
14006,12767
14006,12768
14006,12769
14006,12770
14006,12771
14006,12772
14006,12773
14006,12774
14006,12775
14006,12776
14006,12777
14006,12778
14006,12779
14006,12780
14006,12781
14006,12782
14006,12783
14006,12784
14006,12785
14006,12786
14006,12787
14006,12788
14006,12789
14006,12790
14006,12791
14006,12792
14006,12793
14006,12794
14006,12795
14006,12796
14006,12797
14006,12798
14006,12799
14006,12800
14006,12801
14006,12802
14006,12803
14006,12804
14006,12805
14006,12806
14006,12807
14006,12808
14006,12809
14006,12810
14006,12811
14006,12812
14006,12813
14006,12814
14006,12815
14006,12816
14006,12817
14006,12818
14006,12819
14006,12820
14006,12821
14006,12822
14006,12823
14006,12824
14006,12825
14006,12826
14006,12827
14006,12828
14006,12829
14006,12830
14006,12831
14006,12832
14006,12833
14006,12834
14006,12835
14006,12836
14006,12837
14006,12838
14006,12839
14006,12840
14006,12841
14006,12842
14006,12843
14006,12844
14006,12845
14006,12846
14006,12847
14006,12848
14006,12849
14006,12850
14006,12851
14006,12852
14006,12853
14006,12854
14006,12855
14006,12856
14006,12857
14006,12858
14006,12859
14006,12860
14006,12861
14006,12862
14006,12863
14006,12864
14006,12865
14006,12866
14006,12867
14006,12868
14006,12869
14006,12870
14006,12871
14006,12872
14006,12873
14006,12874
14006,12875
14006,12876
14006,12877
14006,12878
14006,12879
14006,12880
14006,12881
14006,12882
14006,12883
14006,12884
14006,12885
14006,12886
14006,12887
14006,12888
14006,12889
14006,12890
14006,12891
14006,12892
14006,12893
14006,12894
14006,12895
14006,12896
14006,12897
14006,12898
14006,12899
14006,12900
14006,12901
14006,12902
14006,12903
14006,12904
14006,12905
14006,12906
14006,12907
14006,12908
14006,12909
14006,12910
14006,12911
14007,12752
14007,12753
14007,12754
14007,12755
14007,12756
14007,12757
14007,12758
14007,12759
14007,12760
14007,12761
14007,12762
14007,12763
14007,12764
14007,12765
14007,12766
14007,12767
14007,12768
14007,12769
14007,12770
14007,12771
14007,12772
14007,12773
14007,12774
14007,12775
14007,12776
14007,12777
14007,12778
14007,12779
14007,12780
14007,12781
14007,12782
14007,12783
14007,12784
14007,12785
14007,12786
14007,12787
14007,12788
14007,12789
14007,12790
14007,12791
14007,12792
14007,12793
14007,12794
14007,12795
14007,12796
14007,12797
14007,12798
14007,12799
14007,12800
14007,12801
14007,12802
14007,12803
14007,12804
14007,12805
14007,12806
14007,12807
14007,12808
14007,12809
14007,12810
14007,12811
14007,12812
14007,12813
14007,12814
14007,12815
14007,12816
14007,12817
14007,12818
14007,12819
14007,12820
14007,12821
14007,12822
14007,12823
14007,12824
14007,12825
14007,12826
14007,12827
14007,12828
14007,12829
14007,12830
14007,12831
14007,12832
14007,12833
14007,12834
14007,12835
14007,12836
14007,12837
14007,12838
14007,12839
14007,12840
14007,12841
14007,12842
14007,12843
14007,12844
14007,12845
14007,12846
14007,12847
14007,12848
14007,12849
14007,12850
14007,12851
14007,12852
14007,12853
14007,12854
14007,12855
14007,12856
14007,12857
14007,12858
14007,12859
14007,12860
14007,12861
14007,12862
14007,12863
14007,12864
14007,12865
14007,12866
14007,12867
14007,12868
14007,12869
14007,12870
14007,12871
14007,12872
14007,12873
14007,12874
14007,12875
14007,12876
14007,12877
14007,12878
14007,12879
14007,12880
14007,12881
14007,12882
14007,12883
14007,12884
14007,12885
14007,12886
14007,12887
14007,12888
14007,12889
14007,12890
14007,12891
14007,12892
14007,12893
14007,12894
14007,12895
14007,12896
14007,12897
14007,12898
14007,12899
14007,12900
14007,12901
14007,12902
14007,12903
14007,12904
14007,12905
14007,12906
14007,12907
14007,12908
14007,12909
14007,12910
14007,12911
14007,12912
14008,12751
14008,12752
14008,12753
14008,12754
14008,12755
14008,12756
14008,12757
14008,12758
14008,12759
14008,12760
14008,12761
14008,12762
14008,12763
14008,12764
14008,12765
14008,12766
14008,12767
14008,12768
14008,12769
14008,12770
14008,12771
14008,12772
14008,12773
14008,12774
14008,12775
14008,12776
14008,12777
14008,12778
14008,12779
14008,12780
14008,12781
14008,12782
14008,12783
14008,12784
14008,12785
14008,12786
14008,12787
14008,12788
14008,12789
14008,12790
14008,12791
14008,12792
14008,12793
14008,12794
14008,12795
14008,12796
14008,12797
14008,12798
14008,12799
14008,12800
14008,12801
14008,12802
14008,12803
14008,12804
14008,12805
14008,12806
14008,12807
14008,12808
14008,12809
14008,12810
14008,12811
14008,12812
14008,12813
14008,12814
14008,12815
14008,12816
14008,12817
14008,12818
14008,12819
14008,12820
14008,12821
14008,12822
14008,12823
14008,12824
14008,12825
14008,12826
14008,12827
14008,12828
14008,12829
14008,12830
14008,12831
14008,12832
14008,12833
14008,12834
14008,12835
14008,12836
14008,12837
14008,12838
14008,12839
14008,12840
14008,12841
14008,12842
14008,12843
14008,12844
14008,12845
14008,12846
14008,12847
14008,12848
14008,12849
14008,12850
14008,12851
14008,12852
14008,12853
14008,12854
14008,12855
14008,12856
14008,12857
14008,12858
14008,12859
14008,12860
14008,12861
14008,12862
14008,12863
14008,12864
14008,12865
14008,12866
14008,12867
14008,12868
14008,12869
14008,12870
14008,12871
14008,12872
14008,12873
14008,12874
14008,12875
14008,12876
14008,12877
14008,12878
14008,12879
14008,12880
14008,12881
14008,12882
14008,12883
14008,12884
14008,12885
14008,12886
14008,12887
14008,12888
14008,12889
14008,12890
14008,12891
14008,12892
14008,12893
14008,12894
14008,12895
14008,12896
14008,12897
14008,12898
14008,12899
14008,12900
14008,12901
14008,12902
14008,12903
14008,12904
14008,12905
14008,12906
14008,12907
14008,12908
14008,12909
14008,12910
14008,12911
14008,12912
14008,12913
14009,12751
14009,12752
14009,12753
14009,12754
14009,12755
14009,12756
14009,12757
14009,12758
14009,12759
14009,12760
14009,12761
14009,12762
14009,12763
14009,12764
14009,12765
14009,12766
14009,12767
14009,12768
14009,12769
14009,12770
14009,12771
14009,12772
14009,12773
14009,12774
14009,12775
14009,12776
14009,12777
14009,12778
14009,12779
14009,12780
14009,12781
14009,12782
14009,12783
14009,12784
14009,12785
14009,12786
14009,12787
14009,12788
14009,12789
14009,12790
14009,12791
14009,12792
14009,12793
14009,12794
14009,12795
14009,12796
14009,12797
14009,12798
14009,12799
14009,12800
14009,12801
14009,12802
14009,12803
14009,12804
14009,12805
14009,12806
14009,12807
14009,12808
14009,12809
14009,12810
14009,12811
14009,12812
14009,12813
14009,12814
14009,12815
14009,12816
14009,12817
14009,12818
14009,12819
14009,12820
14009,12821
14009,12822
14009,12823
14009,12824
14009,12825
14009,12826
14009,12827
14009,12828
14009,12829
14009,12830
14009,12831
14009,12832
14009,12833
14009,12834
14009,12835
14009,12836
14009,12837
14009,12838
14009,12839
14009,12840
14009,12841
14009,12842
14009,12843
14009,12844
14009,12845
14009,12846
14009,12847
14009,12848
14009,12849
14009,12850
14009,12851
14009,12852
14009,12853
14009,12854
14009,12855
14009,12856
14009,12857
14009,12858
14009,12859
14009,12860
14009,12861
14009,12862
14009,12863
14009,12864
14009,12865
14009,12866
14009,12867
14009,12868
14009,12869
14009,12870
14009,12871
14009,12872
14009,12873
14009,12874
14009,12875
14009,12876
14009,12877
14009,12878
14009,12879
14009,12880
14009,12881
14009,12882
14009,12883
14009,12884
14009,12885
14009,12886
14009,12887
14009,12888
14009,12889
14009,12890
14009,12891
14009,12892
14009,12893
14009,12894
14009,12895
14009,12896
14009,12897
14009,12898
14009,12899
14009,12900
14009,12901
14009,12902
14009,12903
14009,12904
14009,12905
14009,12906
14009,12907
14009,12908
14009,12909
14009,12910
14009,12911
14009,12912
14009,12913
14009,12914
14010,12751
14010,12752
14010,12753
14010,12754
14010,12755
14010,12756
14010,12757
14010,12758
14010,12759
14010,12760
14010,12761
14010,12762
14010,12763
14010,12764
14010,12765
14010,12766
14010,12767
14010,12768
14010,12769
14010,12770
14010,12771
14010,12772
14010,12773
14010,12774
14010,12775
14010,12776
14010,12777
14010,12778
14010,12779
14010,12780
14010,12781
14010,12782
14010,12783
14010,12784
14010,12785
14010,12786
14010,12787
14010,12788
14010,12789
14010,12790
14010,12791
14010,12792
14010,12793
14010,12794
14010,12795
14010,12796
14010,12797
14010,12798
14010,12799
14010,12800
14010,12801
14010,12802
14010,12803
14010,12804
14010,12805
14010,12806
14010,12807
14010,12808
14010,12809
14010,12810
14010,12811
14010,12812
14010,12813
14010,12814
14010,12815
14010,12816
14010,12817
14010,12818
14010,12819
14010,12820
14010,12821
14010,12822
14010,12823
14010,12824
14010,12825
14010,12826
14010,12827
14010,12828
14010,12829
14010,12830
14010,12831
14010,12832
14010,12833
14010,12834
14010,12835
14010,12836
14010,12837
14010,12838
14010,12839
14010,12840
14010,12841
14010,12842
14010,12843
14010,12844
14010,12845
14010,12846
14010,12847
14010,12848
14010,12849
14010,12850
14010,12851
14010,12852
14010,12853
14010,12854
14010,12855
14010,12856
14010,12857
14010,12858
14010,12859
14010,12860
14010,12861
14010,12862
14010,12863
14010,12864
14010,12865
14010,12866
14010,12867
14010,12868
14010,12869
14010,12870
14010,12871
14010,12872
14010,12873
14010,12874
14010,12875
14010,12876
14010,12877
14010,12878
14010,12879
14010,12880
14010,12881
14010,12882
14010,12883
14010,12884
14010,12885
14010,12886
14010,12887
14010,12888
14010,12889
14010,12890
14010,12891
14010,12892
14010,12893
14010,12894
14010,12895
14010,12896
14010,12897
14010,12898
14010,12899
14010,12900
14010,12901
14010,12902
14010,12903
14010,12904
14010,12905
14010,12906
14010,12907
14010,12908
14010,12909
14010,12910
14010,12911
14010,12912
14010,12913
14010,12914
14010,12915
14011,12750
14011,12751
14011,12752
14011,12753
14011,12754
14011,12755
14011,12756
14011,12757
14011,12758
14011,12759
14011,12760
14011,12761
14011,12762
14011,12763
14011,12764
14011,12765
14011,12766
14011,12767
14011,12768
14011,12769
14011,12770
14011,12771
14011,12772
14011,12773
14011,12774
14011,12775
14011,12776
14011,12777
14011,12778
14011,12779
14011,12780
14011,12781
14011,12782
14011,12783
14011,12784
14011,12785
14011,12786
14011,12787
14011,12788
14011,12789
14011,12790
14011,12791
14011,12792
14011,12793
14011,12794
14011,12795
14011,12796
14011,12797
14011,12798
14011,12799
14011,12800
14011,12801
14011,12802
14011,12803
14011,12804
14011,12805
14011,12806
14011,12807
14011,12808
14011,12809
14011,12810
14011,12811
14011,12812
14011,12813
14011,12814
14011,12815
14011,12816
14011,12817
14011,12818
14011,12819
14011,12820
14011,12821
14011,12822
14011,12823
14011,12824
14011,12825
14011,12826
14011,12827
14011,12828
14011,12829
14011,12830
14011,12831
14011,12832
14011,12833
14011,12834
14011,12835
14011,12836
14011,12837
14011,12838
14011,12839
14011,12840
14011,12841
14011,12842
14011,12843
14011,12844
14011,12845
14011,12846
14011,12847
14011,12848
14011,12849
14011,12850
14011,12851
14011,12852
14011,12853
14011,12854
14011,12855
14011,12856
14011,12857
14011,12858
14011,12859
14011,12860
14011,12861
14011,12862
14011,12863
14011,12864
14011,12865
14011,12866
14011,12867
14011,12868
14011,12869
14011,12870
14011,12871
14011,12872
14011,12873
14011,12874
14011,12875
14011,12876
14011,12877
14011,12878
14011,12879
14011,12880
14011,12881
14011,12882
14011,12883
14011,12884
14011,12885
14011,12886
14011,12887
14011,12888
14011,12889
14011,12890
14011,12891
14011,12892
14011,12893
14011,12894
14011,12895
14011,12896
14011,12897
14011,12898
14011,12899
14011,12900
14011,12901
14011,12902
14011,12903
14011,12904
14011,12905
14011,12906
14011,12907
14011,12908
14011,12909
14011,12910
14011,12911
14011,12912
14011,12913
14011,12914
14011,12915
14011,12916
14012,12750
14012,12751
14012,12752
14012,12753
14012,12754
14012,12755
14012,12756
14012,12757
14012,12758
14012,12759
14012,12760
14012,12761
14012,12762
14012,12763
14012,12764
14012,12765
14012,12766
14012,12767
14012,12768
14012,12769
14012,12770
14012,12771
14012,12772
14012,12773
14012,12774
14012,12775
14012,12776
14012,12777
14012,12778
14012,12779
14012,12780
14012,12781
14012,12782
14012,12783
14012,12784
14012,12785
14012,12786
14012,12787
14012,12788
14012,12789
14012,12790
14012,12791
14012,12792
14012,12793
14012,12794
14012,12795
14012,12796
14012,12797
14012,12798
14012,12799
14012,12800
14012,12801
14012,12802
14012,12803
14012,12804
14012,12805
14012,12806
14012,12807
14012,12808
14012,12809
14012,12810
14012,12811
14012,12812
14012,12813
14012,12814
14012,12815
14012,12816
14012,12817
14012,12818
14012,12819
14012,12820
14012,12821
14012,12822
14012,12823
14012,12824
14012,12825
14012,12826
14012,12827
14012,12828
14012,12829
14012,12830
14012,12831
14012,12832
14012,12833
14012,12834
14012,12835
14012,12836
14012,12837
14012,12838
14012,12839
14012,12840
14012,12841
14012,12842
14012,12843
14012,12844
14012,12845
14012,12846
14012,12847
14012,12848
14012,12849
14012,12850
14012,12851
14012,12852
14012,12853
14012,12854
14012,12855
14012,12856
14012,12857
14012,12858
14012,12859
14012,12860
14012,12861
14012,12862
14012,12863
14012,12864
14012,12865
14012,12866
14012,12867
14012,12868
14012,12869
14012,12870
14012,12871
14012,12872
14012,12873
14012,12874
14012,12875
14012,12876
14012,12877
14012,12878
14012,12879
14012,12880
14012,12881
14012,12882
14012,12883
14012,12884
14012,12885
14012,12886
14012,12887
14012,12888
14012,12889
14012,12890
14012,12891
14012,12892
14012,12893
14012,12894
14012,12895
14012,12896
14012,12897
14012,12898
14012,12899
14012,12900
14012,12901
14012,12902
14012,12903
14012,12904
14012,12905
14012,12906
14012,12907
14012,12908
14012,12909
14012,12910
14012,12911
14012,12912
14012,12913
14012,12914
14012,12915
14012,12916
14012,12917
14013,12747
14013,12748
14013,12749
14013,12750
14013,12751
14013,12752
14013,12753
14013,12754
14013,12755
14013,12756
14013,12757
14013,12758
14013,12759
14013,12760
14013,12761
14013,12762
14013,12763
14013,12764
14013,12765
14013,12766
14013,12767
14013,12768
14013,12769
14013,12770
14013,12771
14013,12772
14013,12773
14013,12774
14013,12775
14013,12776
14013,12777
14013,12778
14013,12779
14013,12780
14013,12781
14013,12782
14013,12783
14013,12784
14013,12785
14013,12786
14013,12787
14013,12788
14013,12789
14013,12790
14013,12791
14013,12792
14013,12793
14013,12794
14013,12795
14013,12796
14013,12797
14013,12798
14013,12799
14013,12800
14013,12801
14013,12802
14013,12803
14013,12804
14013,12805
14013,12806
14013,12807
14013,12808
14013,12809
14013,12810
14013,12811
14013,12812
14013,12813
14013,12814
14013,12815
14013,12816
14013,12817
14013,12818
14013,12819
14013,12820
14013,12821
14013,12822
14013,12823
14013,12824
14013,12825
14013,12826
14013,12827
14013,12828
14013,12829
14013,12830
14013,12831
14013,12832
14013,12833
14013,12834
14013,12835
14013,12836
14013,12837
14013,12838
14013,12839
14013,12840
14013,12841
14013,12842
14013,12843
14013,12844
14013,12845
14013,12846
14013,12847
14013,12848
14013,12849
14013,12850
14013,12851
14013,12852
14013,12853
14013,12854
14013,12855
14013,12856
14013,12857
14013,12858
14013,12859
14013,12860
14013,12861
14013,12862
14013,12863
14013,12864
14013,12865
14013,12866
14013,12867
14013,12868
14013,12869
14013,12870
14013,12871
14013,12872
14013,12873
14013,12874
14013,12875
14013,12876
14013,12877
14013,12878
14013,12879
14013,12880
14013,12881
14013,12882
14013,12883
14013,12884
14013,12885
14013,12886
14013,12887
14013,12888
14013,12889
14013,12890
14013,12891
14013,12892
14013,12893
14013,12894
14013,12895
14013,12896
14013,12897
14013,12898
14013,12899
14013,12900
14013,12901
14013,12902
14013,12903
14013,12904
14013,12905
14013,12906
14013,12907
14013,12908
14013,12909
14013,12910
14013,12911
14013,12912
14013,12913
14013,12914
14013,12915
14013,12916
14013,12917
14013,12918
14014,12746
14014,12747
14014,12748
14014,12749
14014,12750
14014,12751
14014,12752
14014,12753
14014,12754
14014,12755
14014,12756
14014,12757
14014,12758
14014,12759
14014,12760
14014,12761
14014,12762
14014,12763
14014,12764
14014,12765
14014,12766
14014,12767
14014,12768
14014,12769
14014,12770
14014,12771
14014,12772
14014,12773
14014,12774
14014,12775
14014,12776
14014,12777
14014,12778
14014,12779
14014,12780
14014,12781
14014,12782
14014,12783
14014,12784
14014,12785
14014,12786
14014,12787
14014,12788
14014,12789
14014,12790
14014,12791
14014,12792
14014,12793
14014,12794
14014,12795
14014,12796
14014,12797
14014,12798
14014,12799
14014,12800
14014,12801
14014,12802
14014,12803
14014,12804
14014,12805
14014,12806
14014,12807
14014,12808
14014,12809
14014,12810
14014,12811
14014,12812
14014,12813
14014,12814
14014,12815
14014,12816
14014,12817
14014,12818
14014,12819
14014,12820
14014,12821
14014,12822
14014,12823
14014,12824
14014,12825
14014,12826
14014,12827
14014,12828
14014,12829
14014,12830
14014,12831
14014,12832
14014,12833
14014,12834
14014,12835
14014,12836
14014,12837
14014,12838
14014,12839
14014,12840
14014,12841
14014,12842
14014,12843
14014,12844
14014,12845
14014,12846
14014,12847
14014,12848
14014,12849
14014,12850
14014,12851
14014,12852
14014,12853
14014,12854
14014,12855
14014,12856
14014,12857
14014,12858
14014,12859
14014,12860
14014,12861
14014,12862
14014,12863
14014,12864
14014,12865
14014,12866
14014,12867
14014,12868
14014,12869
14014,12870
14014,12871
14014,12872
14014,12873
14014,12874
14014,12875
14014,12876
14014,12877
14014,12878
14014,12879
14014,12880
14014,12881
14014,12882
14014,12883
14014,12884
14014,12885
14014,12886
14014,12887
14014,12888
14014,12889
14014,12890
14014,12891
14014,12892
14014,12893
14014,12894
14014,12895
14014,12896
14014,12897
14014,12898
14014,12899
14014,12900
14014,12901
14014,12902
14014,12903
14014,12904
14014,12905
14014,12906
14014,12907
14014,12908
14014,12909
14014,12910
14014,12911
14014,12912
14014,12913
14014,12914
14014,12915
14014,12916
14014,12917
14014,12918
14014,12919
14015,12745
14015,12746
14015,12747
14015,12748
14015,12749
14015,12750
14015,12751
14015,12752
14015,12753
14015,12754
14015,12755
14015,12756
14015,12757
14015,12758
14015,12759
14015,12760
14015,12761
14015,12762
14015,12763
14015,12764
14015,12765
14015,12766
14015,12767
14015,12768
14015,12769
14015,12770
14015,12771
14015,12772
14015,12773
14015,12774
14015,12775
14015,12776
14015,12777
14015,12778
14015,12779
14015,12780
14015,12781
14015,12782
14015,12783
14015,12784
14015,12785
14015,12786
14015,12787
14015,12788
14015,12789
14015,12790
14015,12791
14015,12792
14015,12793
14015,12794
14015,12795
14015,12796
14015,12797
14015,12798
14015,12799
14015,12800
14015,12801
14015,12802
14015,12803
14015,12804
14015,12805
14015,12806
14015,12807
14015,12808
14015,12809
14015,12810
14015,12811
14015,12812
14015,12813
14015,12814
14015,12815
14015,12816
14015,12817
14015,12818
14015,12819
14015,12820
14015,12821
14015,12822
14015,12823
14015,12824
14015,12825
14015,12826
14015,12827
14015,12828
14015,12829
14015,12830
14015,12831
14015,12832
14015,12833
14015,12834
14015,12835
14015,12836
14015,12837
14015,12838
14015,12839
14015,12840
14015,12841
14015,12842
14015,12843
14015,12844
14015,12845
14015,12846
14015,12847
14015,12848
14015,12849
14015,12850
14015,12851
14015,12852
14015,12853
14015,12854
14015,12855
14015,12856
14015,12857
14015,12858
14015,12859
14015,12860
14015,12861
14015,12862
14015,12863
14015,12864
14015,12865
14015,12866
14015,12867
14015,12868
14015,12869
14015,12870
14015,12871
14015,12872
14015,12873
14015,12874
14015,12875
14015,12876
14015,12877
14015,12878
14015,12879
14015,12880
14015,12881
14015,12882
14015,12883
14015,12884
14015,12885
14015,12886
14015,12887
14015,12888
14015,12889
14015,12890
14015,12891
14015,12892
14015,12893
14015,12894
14015,12895
14015,12896
14015,12897
14015,12898
14015,12899
14015,12900
14015,12901
14015,12902
14015,12903
14015,12904
14015,12905
14015,12906
14015,12907
14015,12908
14015,12909
14015,12910
14015,12911
14015,12912
14015,12913
14015,12914
14015,12915
14015,12916
14015,12917
14015,12918
14015,12919
14015,12920
14016,12744
14016,12745
14016,12746
14016,12747
14016,12748
14016,12749
14016,12750
14016,12751
14016,12752
14016,12753
14016,12754
14016,12755
14016,12756
14016,12757
14016,12758
14016,12759
14016,12760
14016,12761
14016,12762
14016,12763
14016,12764
14016,12765
14016,12766
14016,12767
14016,12768
14016,12769
14016,12770
14016,12771
14016,12772
14016,12773
14016,12774
14016,12775
14016,12776
14016,12777
14016,12778
14016,12779
14016,12780
14016,12781
14016,12782
14016,12783
14016,12784
14016,12785
14016,12786
14016,12787
14016,12788
14016,12789
14016,12790
14016,12791
14016,12792
14016,12793
14016,12794
14016,12795
14016,12796
14016,12797
14016,12798
14016,12799
14016,12800
14016,12801
14016,12802
14016,12803
14016,12804
14016,12805
14016,12806
14016,12807
14016,12808
14016,12809
14016,12810
14016,12811
14016,12812
14016,12813
14016,12814
14016,12815
14016,12816
14016,12817
14016,12818
14016,12819
14016,12820
14016,12821
14016,12822
14016,12823
14016,12824
14016,12825
14016,12826
14016,12827
14016,12828
14016,12829
14016,12830
14016,12831
14016,12832
14016,12833
14016,12834
14016,12835
14016,12836
14016,12837
14016,12838
14016,12839
14016,12840
14016,12841
14016,12842
14016,12843
14016,12844
14016,12845
14016,12846
14016,12847
14016,12848
14016,12849
14016,12850
14016,12851
14016,12852
14016,12853
14016,12854
14016,12855
14016,12856
14016,12857
14016,12858
14016,12859
14016,12860
14016,12861
14016,12862
14016,12863
14016,12864
14016,12865
14016,12866
14016,12867
14016,12868
14016,12869
14016,12870
14016,12871
14016,12872
14016,12873
14016,12874
14016,12875
14016,12876
14016,12877
14016,12878
14016,12879
14016,12880
14016,12881
14016,12882
14016,12883
14016,12884
14016,12885
14016,12886
14016,12887
14016,12888
14016,12889
14016,12890
14016,12891
14016,12892
14016,12893
14016,12894
14016,12895
14016,12896
14016,12897
14016,12898
14016,12899
14016,12900
14016,12901
14016,12902
14016,12903
14016,12904
14016,12905
14016,12906
14016,12907
14016,12908
14016,12909
14016,12910
14016,12911
14016,12912
14016,12913
14016,12914
14016,12915
14016,12916
14016,12917
14016,12918
14016,12919
14016,12920
14016,12921
14017,12743
14017,12744
14017,12745
14017,12746
14017,12747
14017,12748
14017,12749
14017,12750
14017,12751
14017,12752
14017,12753
14017,12754
14017,12755
14017,12756
14017,12757
14017,12758
14017,12759
14017,12760
14017,12761
14017,12762
14017,12763
14017,12764
14017,12765
14017,12766
14017,12767
14017,12768
14017,12769
14017,12770
14017,12771
14017,12772
14017,12773
14017,12774
14017,12775
14017,12776
14017,12777
14017,12778
14017,12779
14017,12780
14017,12781
14017,12782
14017,12783
14017,12784
14017,12785
14017,12786
14017,12787
14017,12788
14017,12789
14017,12790
14017,12791
14017,12792
14017,12793
14017,12794
14017,12795
14017,12796
14017,12797
14017,12798
14017,12799
14017,12800
14017,12801
14017,12802
14017,12803
14017,12804
14017,12805
14017,12806
14017,12807
14017,12808
14017,12809
14017,12810
14017,12811
14017,12812
14017,12813
14017,12814
14017,12815
14017,12816
14017,12817
14017,12818
14017,12819
14017,12820
14017,12821
14017,12822
14017,12823
14017,12824
14017,12825
14017,12826
14017,12827
14017,12828
14017,12829
14017,12830
14017,12831
14017,12832
14017,12833
14017,12834
14017,12835
14017,12836
14017,12837
14017,12838
14017,12839
14017,12840
14017,12841
14017,12842
14017,12843
14017,12844
14017,12845
14017,12846
14017,12847
14017,12848
14017,12849
14017,12850
14017,12851
14017,12852
14017,12853
14017,12854
14017,12855
14017,12856
14017,12857
14017,12858
14017,12859
14017,12860
14017,12861
14017,12862
14017,12863
14017,12864
14017,12865
14017,12866
14017,12867
14017,12868
14017,12869
14017,12870
14017,12871
14017,12872
14017,12873
14017,12874
14017,12875
14017,12876
14017,12877
14017,12878
14017,12879
14017,12880
14017,12881
14017,12882
14017,12883
14017,12884
14017,12885
14017,12886
14017,12887
14017,12888
14017,12889
14017,12890
14017,12891
14017,12892
14017,12893
14017,12894
14017,12895
14017,12896
14017,12897
14017,12898
14017,12899
14017,12900
14017,12901
14017,12902
14017,12903
14017,12904
14017,12905
14017,12906
14017,12907
14017,12908
14017,12909
14017,12910
14017,12911
14017,12912
14017,12913
14017,12914
14017,12915
14017,12916
14017,12917
14017,12918
14017,12919
14017,12920
14017,12921
14017,12922
14018,12743
14018,12744
14018,12745
14018,12746
14018,12747
14018,12748
14018,12749
14018,12750
14018,12751
14018,12752
14018,12753
14018,12754
14018,12755
14018,12756
14018,12757
14018,12758
14018,12759
14018,12760
14018,12761
14018,12762
14018,12763
14018,12764
14018,12765
14018,12766
14018,12767
14018,12768
14018,12769
14018,12770
14018,12771
14018,12772
14018,12773
14018,12774
14018,12775
14018,12776
14018,12777
14018,12778
14018,12779
14018,12780
14018,12781
14018,12782
14018,12783
14018,12784
14018,12785
14018,12786
14018,12787
14018,12788
14018,12789
14018,12790
14018,12791
14018,12792
14018,12793
14018,12794
14018,12795
14018,12796
14018,12797
14018,12798
14018,12799
14018,12800
14018,12801
14018,12802
14018,12803
14018,12804
14018,12805
14018,12806
14018,12807
14018,12808
14018,12809
14018,12810
14018,12811
14018,12812
14018,12813
14018,12814
14018,12815
14018,12816
14018,12817
14018,12818
14018,12819
14018,12820
14018,12821
14018,12822
14018,12823
14018,12824
14018,12825
14018,12826
14018,12827
14018,12828
14018,12829
14018,12830
14018,12831
14018,12832
14018,12833
14018,12834
14018,12835
14018,12836
14018,12837
14018,12838
14018,12839
14018,12840
14018,12841
14018,12842
14018,12843
14018,12844
14018,12845
14018,12846
14018,12847
14018,12848
14018,12849
14018,12850
14018,12851
14018,12852
14018,12853
14018,12854
14018,12855
14018,12856
14018,12857
14018,12858
14018,12859
14018,12860
14018,12861
14018,12862
14018,12863
14018,12864
14018,12865
14018,12866
14018,12867
14018,12868
14018,12869
14018,12870
14018,12871
14018,12872
14018,12873
14018,12874
14018,12875
14018,12876
14018,12877
14018,12878
14018,12879
14018,12880
14018,12881
14018,12882
14018,12883
14018,12884
14018,12885
14018,12886
14018,12887
14018,12888
14018,12889
14018,12890
14018,12891
14018,12892
14018,12893
14018,12894
14018,12895
14018,12896
14018,12897
14018,12898
14018,12899
14018,12900
14018,12901
14018,12902
14018,12903
14018,12904
14018,12905
14018,12906
14018,12907
14018,12908
14018,12909
14018,12910
14018,12911
14018,12912
14018,12913
14018,12914
14018,12915
14018,12916
14018,12917
14018,12918
14018,12919
14018,12920
14018,12921
14018,12922
14018,12923
14019,12741
14019,12742
14019,12743
14019,12744
14019,12745
14019,12746
14019,12747
14019,12748
14019,12749
14019,12750
14019,12751
14019,12752
14019,12753
14019,12754
14019,12755
14019,12756
14019,12757
14019,12758
14019,12759
14019,12760
14019,12761
14019,12762
14019,12763
14019,12764
14019,12765
14019,12766
14019,12767
14019,12768
14019,12769
14019,12770
14019,12771
14019,12772
14019,12773
14019,12774
14019,12775
14019,12776
14019,12777
14019,12778
14019,12779
14019,12780
14019,12781
14019,12782
14019,12783
14019,12784
14019,12785
14019,12786
14019,12787
14019,12788
14019,12789
14019,12790
14019,12791
14019,12792
14019,12793
14019,12794
14019,12795
14019,12796
14019,12797
14019,12798
14019,12799
14019,12800
14019,12801
14019,12802
14019,12803
14019,12804
14019,12805
14019,12806
14019,12807
14019,12808
14019,12809
14019,12810
14019,12811
14019,12812
14019,12813
14019,12814
14019,12815
14019,12816
14019,12817
14019,12818
14019,12819
14019,12820
14019,12821
14019,12822
14019,12823
14019,12824
14019,12825
14019,12826
14019,12827
14019,12828
14019,12829
14019,12830
14019,12831
14019,12832
14019,12833
14019,12834
14019,12835
14019,12836
14019,12837
14019,12838
14019,12839
14019,12840
14019,12841
14019,12842
14019,12843
14019,12844
14019,12845
14019,12846
14019,12847
14019,12848
14019,12849
14019,12850
14019,12851
14019,12852
14019,12853
14019,12854
14019,12855
14019,12856
14019,12857
14019,12858
14019,12859
14019,12860
14019,12861
14019,12862
14019,12863
14019,12864
14019,12865
14019,12866
14019,12867
14019,12868
14019,12869
14019,12870
14019,12871
14019,12872
14019,12873
14019,12874
14019,12875
14019,12876
14019,12877
14019,12878
14019,12879
14019,12880
14019,12881
14019,12882
14019,12883
14019,12884
14019,12885
14019,12886
14019,12887
14019,12888
14019,12889
14019,12890
14019,12891
14019,12892
14019,12893
14019,12894
14019,12895
14019,12896
14019,12897
14019,12898
14019,12899
14019,12900
14019,12901
14019,12902
14019,12903
14019,12904
14019,12905
14019,12906
14019,12907
14019,12908
14019,12909
14019,12910
14019,12911
14019,12912
14019,12913
14019,12914
14019,12915
14019,12916
14019,12917
14019,12918
14019,12919
14019,12920
14019,12921
14019,12922
14019,12923
14020,12740
14020,12741
14020,12742
14020,12743
14020,12744
14020,12745
14020,12746
14020,12747
14020,12748
14020,12749
14020,12750
14020,12751
14020,12752
14020,12753
14020,12754
14020,12755
14020,12756
14020,12757
14020,12758
14020,12759
14020,12760
14020,12761
14020,12762
14020,12763
14020,12764
14020,12765
14020,12766
14020,12767
14020,12768
14020,12769
14020,12770
14020,12771
14020,12772
14020,12773
14020,12774
14020,12775
14020,12776
14020,12777
14020,12778
14020,12779
14020,12780
14020,12781
14020,12782
14020,12783
14020,12784
14020,12785
14020,12786
14020,12787
14020,12788
14020,12789
14020,12790
14020,12791
14020,12792
14020,12793
14020,12794
14020,12795
14020,12796
14020,12797
14020,12798
14020,12799
14020,12800
14020,12801
14020,12802
14020,12803
14020,12804
14020,12805
14020,12806
14020,12807
14020,12808
14020,12809
14020,12810
14020,12811
14020,12812
14020,12813
14020,12814
14020,12815
14020,12816
14020,12817
14020,12818
14020,12819
14020,12820
14020,12821
14020,12822
14020,12823
14020,12824
14020,12825
14020,12826
14020,12827
14020,12828
14020,12829
14020,12830
14020,12831
14020,12832
14020,12833
14020,12834
14020,12835
14020,12836
14020,12837
14020,12838
14020,12839
14020,12840
14020,12841
14020,12842
14020,12843
14020,12844
14020,12845
14020,12846
14020,12847
14020,12848
14020,12849
14020,12850
14020,12851
14020,12852
14020,12853
14020,12854
14020,12855
14020,12856
14020,12857
14020,12858
14020,12859
14020,12860
14020,12861
14020,12862
14020,12863
14020,12864
14020,12865
14020,12866
14020,12867
14020,12868
14020,12869
14020,12870
14020,12871
14020,12872
14020,12873
14020,12874
14020,12875
14020,12876
14020,12877
14020,12878
14020,12879
14020,12880
14020,12881
14020,12882
14020,12883
14020,12884
14020,12885
14020,12886
14020,12887
14020,12888
14020,12889
14020,12890
14020,12891
14020,12892
14020,12893
14020,12894
14020,12895
14020,12896
14020,12897
14020,12898
14020,12899
14020,12900
14020,12901
14020,12902
14020,12903
14020,12904
14020,12905
14020,12906
14020,12907
14020,12908
14020,12909
14020,12910
14020,12911
14020,12912
14020,12913
14020,12914
14020,12915
14020,12916
14020,12917
14020,12918
14020,12919
14020,12920
14020,12921
14020,12922
14020,12923
14021,12739
14021,12740
14021,12741
14021,12742
14021,12743
14021,12744
14021,12745
14021,12746
14021,12747
14021,12748
14021,12749
14021,12750
14021,12751
14021,12752
14021,12753
14021,12754
14021,12755
14021,12756
14021,12757
14021,12758
14021,12759
14021,12760
14021,12761
14021,12762
14021,12763
14021,12764
14021,12765
14021,12766
14021,12767
14021,12768
14021,12769
14021,12770
14021,12771
14021,12772
14021,12773
14021,12774
14021,12775
14021,12776
14021,12777
14021,12778
14021,12779
14021,12780
14021,12781
14021,12782
14021,12783
14021,12784
14021,12785
14021,12786
14021,12787
14021,12788
14021,12789
14021,12790
14021,12791
14021,12792
14021,12793
14021,12794
14021,12795
14021,12796
14021,12797
14021,12798
14021,12799
14021,12800
14021,12801
14021,12802
14021,12803
14021,12804
14021,12805
14021,12806
14021,12807
14021,12808
14021,12809
14021,12810
14021,12811
14021,12812
14021,12813
14021,12814
14021,12815
14021,12816
14021,12817
14021,12818
14021,12819
14021,12820
14021,12821
14021,12822
14021,12823
14021,12824
14021,12825
14021,12826
14021,12827
14021,12828
14021,12829
14021,12830
14021,12831
14021,12832
14021,12833
14021,12834
14021,12835
14021,12836
14021,12837
14021,12838
14021,12839
14021,12840
14021,12841
14021,12842
14021,12843
14021,12844
14021,12845
14021,12846
14021,12847
14021,12848
14021,12849
14021,12850
14021,12851
14021,12852
14021,12853
14021,12854
14021,12855
14021,12856
14021,12857
14021,12858
14021,12859
14021,12860
14021,12861
14021,12862
14021,12863
14021,12864
14021,12865
14021,12866
14021,12867
14021,12868
14021,12869
14021,12870
14021,12871
14021,12872
14021,12873
14021,12874
14021,12875
14021,12876
14021,12877
14021,12878
14021,12879
14021,12880
14021,12881
14021,12882
14021,12883
14021,12884
14021,12885
14021,12886
14021,12887
14021,12888
14021,12889
14021,12890
14021,12891
14021,12892
14021,12893
14021,12894
14021,12895
14021,12896
14021,12897
14021,12898
14021,12899
14021,12900
14021,12901
14021,12902
14021,12903
14021,12904
14021,12905
14021,12906
14021,12907
14021,12908
14021,12909
14021,12910
14021,12911
14021,12912
14021,12913
14021,12914
14021,12915
14021,12916
14021,12917
14021,12918
14021,12919
14021,12920
14021,12921
14021,12922
14021,12923
14021,12924
14022,12736
14022,12737
14022,12738
14022,12739
14022,12740
14022,12741
14022,12742
14022,12743
14022,12744
14022,12745
14022,12746
14022,12747
14022,12748
14022,12749
14022,12750
14022,12751
14022,12752
14022,12753
14022,12754
14022,12755
14022,12756
14022,12757
14022,12758
14022,12759
14022,12760
14022,12761
14022,12762
14022,12763
14022,12764
14022,12765
14022,12766
14022,12767
14022,12768
14022,12769
14022,12770
14022,12771
14022,12772
14022,12773
14022,12774
14022,12775
14022,12776
14022,12777
14022,12778
14022,12779
14022,12780
14022,12781
14022,12782
14022,12783
14022,12784
14022,12785
14022,12786
14022,12787
14022,12788
14022,12789
14022,12790
14022,12791
14022,12792
14022,12793
14022,12794
14022,12795
14022,12796
14022,12797
14022,12798
14022,12799
14022,12800
14022,12801
14022,12802
14022,12803
14022,12804
14022,12805
14022,12806
14022,12807
14022,12808
14022,12809
14022,12810
14022,12811
14022,12812
14022,12813
14022,12814
14022,12815
14022,12816
14022,12817
14022,12818
14022,12819
14022,12820
14022,12821
14022,12822
14022,12823
14022,12824
14022,12825
14022,12826
14022,12827
14022,12828
14022,12829
14022,12830
14022,12831
14022,12832
14022,12833
14022,12834
14022,12835
14022,12836
14022,12837
14022,12838
14022,12839
14022,12840
14022,12841
14022,12842
14022,12843
14022,12844
14022,12845
14022,12846
14022,12847
14022,12848
14022,12849
14022,12850
14022,12851
14022,12852
14022,12853
14022,12854
14022,12855
14022,12856
14022,12857
14022,12858
14022,12859
14022,12860
14022,12861
14022,12862
14022,12863
14022,12864
14022,12865
14022,12866
14022,12867
14022,12868
14022,12869
14022,12870
14022,12871
14022,12872
14022,12873
14022,12874
14022,12875
14022,12876
14022,12877
14022,12878
14022,12879
14022,12880
14022,12881
14022,12882
14022,12883
14022,12884
14022,12885
14022,12886
14022,12887
14022,12888
14022,12889
14022,12890
14022,12891
14022,12892
14022,12893
14022,12894
14022,12895
14022,12896
14022,12897
14022,12898
14022,12899
14022,12900
14022,12901
14022,12902
14022,12903
14022,12904
14022,12905
14022,12906
14022,12907
14022,12908
14022,12909
14022,12910
14022,12911
14022,12912
14022,12913
14022,12914
14022,12915
14022,12916
14022,12917
14022,12918
14022,12919
14022,12920
14022,12921
14022,12922
14022,12923
14022,12924
14023,12734
14023,12735
14023,12736
14023,12737
14023,12738
14023,12739
14023,12740
14023,12741
14023,12742
14023,12743
14023,12744
14023,12745
14023,12746
14023,12747
14023,12748
14023,12749
14023,12750
14023,12751
14023,12752
14023,12753
14023,12754
14023,12755
14023,12756
14023,12757
14023,12758
14023,12759
14023,12760
14023,12761
14023,12762
14023,12763
14023,12764
14023,12765
14023,12766
14023,12767
14023,12768
14023,12769
14023,12770
14023,12771
14023,12772
14023,12773
14023,12774
14023,12775
14023,12776
14023,12777
14023,12778
14023,12779
14023,12780
14023,12781
14023,12782
14023,12783
14023,12784
14023,12785
14023,12786
14023,12787
14023,12788
14023,12789
14023,12790
14023,12791
14023,12792
14023,12793
14023,12794
14023,12795
14023,12796
14023,12797
14023,12798
14023,12799
14023,12800
14023,12801
14023,12802
14023,12803
14023,12804
14023,12805
14023,12806
14023,12807
14023,12808
14023,12809
14023,12810
14023,12811
14023,12812
14023,12813
14023,12814
14023,12815
14023,12816
14023,12817
14023,12818
14023,12819
14023,12820
14023,12821
14023,12822
14023,12823
14023,12824
14023,12825
14023,12826
14023,12827
14023,12828
14023,12829
14023,12830
14023,12831
14023,12832
14023,12833
14023,12834
14023,12835
14023,12836
14023,12837
14023,12838
14023,12839
14023,12840
14023,12841
14023,12842
14023,12843
14023,12844
14023,12845
14023,12846
14023,12847
14023,12848
14023,12849
14023,12850
14023,12851
14023,12852
14023,12853
14023,12854
14023,12855
14023,12856
14023,12857
14023,12858
14023,12859
14023,12860
14023,12861
14023,12862
14023,12863
14023,12864
14023,12865
14023,12866
14023,12867
14023,12868
14023,12869
14023,12870
14023,12871
14023,12872
14023,12873
14023,12874
14023,12875
14023,12876
14023,12877
14023,12878
14023,12879
14023,12880
14023,12881
14023,12882
14023,12883
14023,12884
14023,12885
14023,12886
14023,12887
14023,12888
14023,12889
14023,12890
14023,12891
14023,12892
14023,12893
14023,12894
14023,12895
14023,12896
14023,12897
14023,12898
14023,12899
14023,12900
14023,12901
14023,12902
14023,12903
14023,12904
14023,12905
14023,12906
14023,12907
14023,12908
14023,12909
14023,12910
14023,12911
14023,12912
14023,12913
14023,12914
14023,12915
14023,12916
14023,12917
14023,12918
14023,12919
14023,12920
14023,12921
14023,12922
14023,12923
14023,12924
14023,12925
14024,12733
14024,12734
14024,12735
14024,12736
14024,12737
14024,12738
14024,12739
14024,12740
14024,12741
14024,12742
14024,12743
14024,12744
14024,12745
14024,12746
14024,12747
14024,12748
14024,12749
14024,12750
14024,12751
14024,12752
14024,12753
14024,12754
14024,12755
14024,12756
14024,12757
14024,12758
14024,12759
14024,12760
14024,12761
14024,12762
14024,12763
14024,12764
14024,12765
14024,12766
14024,12767
14024,12768
14024,12769
14024,12770
14024,12771
14024,12772
14024,12773
14024,12774
14024,12775
14024,12776
14024,12777
14024,12778
14024,12779
14024,12780
14024,12781
14024,12782
14024,12783
14024,12784
14024,12785
14024,12786
14024,12787
14024,12788
14024,12789
14024,12790
14024,12791
14024,12792
14024,12793
14024,12794
14024,12795
14024,12796
14024,12797
14024,12798
14024,12799
14024,12800
14024,12801
14024,12802
14024,12803
14024,12804
14024,12805
14024,12806
14024,12807
14024,12808
14024,12809
14024,12810
14024,12811
14024,12812
14024,12813
14024,12814
14024,12815
14024,12816
14024,12817
14024,12818
14024,12819
14024,12820
14024,12821
14024,12822
14024,12823
14024,12824
14024,12825
14024,12826
14024,12827
14024,12828
14024,12829
14024,12830
14024,12831
14024,12832
14024,12833
14024,12834
14024,12835
14024,12836
14024,12837
14024,12838
14024,12839
14024,12840
14024,12841
14024,12842
14024,12843
14024,12844
14024,12845
14024,12846
14024,12847
14024,12848
14024,12849
14024,12850
14024,12851
14024,12852
14024,12853
14024,12854
14024,12855
14024,12856
14024,12857
14024,12858
14024,12859
14024,12860
14024,12861
14024,12862
14024,12863
14024,12864
14024,12865
14024,12866
14024,12867
14024,12868
14024,12869
14024,12870
14024,12871
14024,12872
14024,12873
14024,12874
14024,12875
14024,12876
14024,12877
14024,12878
14024,12879
14024,12880
14024,12881
14024,12882
14024,12883
14024,12884
14024,12885
14024,12886
14024,12887
14024,12888
14024,12889
14024,12890
14024,12891
14024,12892
14024,12893
14024,12894
14024,12895
14024,12896
14024,12897
14024,12898
14024,12899
14024,12900
14024,12901
14024,12902
14024,12903
14024,12904
14024,12905
14024,12906
14024,12907
14024,12908
14024,12909
14024,12910
14024,12911
14024,12912
14024,12913
14024,12914
14024,12915
14024,12916
14024,12917
14024,12918
14024,12919
14024,12920
14024,12921
14024,12922
14024,12923
14024,12924
14024,12925
14024,12926
14025,12732
14025,12733
14025,12734
14025,12735
14025,12736
14025,12737
14025,12738
14025,12739
14025,12740
14025,12741
14025,12742
14025,12743
14025,12744
14025,12745
14025,12746
14025,12747
14025,12748
14025,12749
14025,12750
14025,12751
14025,12752
14025,12753
14025,12754
14025,12755
14025,12756
14025,12757
14025,12758
14025,12759
14025,12760
14025,12761
14025,12762
14025,12763
14025,12764
14025,12765
14025,12766
14025,12767
14025,12768
14025,12769
14025,12770
14025,12771
14025,12772
14025,12773
14025,12774
14025,12775
14025,12776
14025,12777
14025,12778
14025,12779
14025,12780
14025,12781
14025,12782
14025,12783
14025,12784
14025,12785
14025,12786
14025,12787
14025,12788
14025,12789
14025,12790
14025,12791
14025,12792
14025,12793
14025,12794
14025,12795
14025,12796
14025,12797
14025,12798
14025,12799
14025,12800
14025,12801
14025,12802
14025,12803
14025,12804
14025,12805
14025,12806
14025,12807
14025,12808
14025,12809
14025,12810
14025,12811
14025,12812
14025,12813
14025,12814
14025,12815
14025,12816
14025,12817
14025,12818
14025,12819
14025,12820
14025,12821
14025,12822
14025,12823
14025,12824
14025,12825
14025,12826
14025,12827
14025,12828
14025,12829
14025,12830
14025,12831
14025,12832
14025,12833
14025,12834
14025,12835
14025,12836
14025,12837
14025,12838
14025,12839
14025,12840
14025,12841
14025,12842
14025,12843
14025,12844
14025,12845
14025,12846
14025,12847
14025,12848
14025,12849
14025,12850
14025,12851
14025,12852
14025,12853
14025,12854
14025,12855
14025,12856
14025,12857
14025,12858
14025,12859
14025,12860
14025,12861
14025,12862
14025,12863
14025,12864
14025,12865
14025,12866
14025,12867
14025,12868
14025,12869
14025,12870
14025,12871
14025,12872
14025,12873
14025,12874
14025,12875
14025,12876
14025,12877
14025,12878
14025,12879
14025,12880
14025,12881
14025,12882
14025,12883
14025,12884
14025,12885
14025,12886
14025,12887
14025,12888
14025,12889
14025,12890
14025,12891
14025,12892
14025,12893
14025,12894
14025,12895
14025,12896
14025,12897
14025,12898
14025,12899
14025,12900
14025,12901
14025,12902
14025,12903
14025,12904
14025,12905
14025,12906
14025,12907
14025,12908
14025,12909
14025,12910
14025,12911
14025,12912
14025,12913
14025,12914
14025,12915
14025,12916
14025,12917
14025,12918
14025,12919
14025,12920
14025,12921
14025,12922
14025,12923
14025,12924
14025,12925
14025,12926
14026,12731
14026,12732
14026,12733
14026,12734
14026,12735
14026,12736
14026,12737
14026,12738
14026,12739
14026,12740
14026,12741
14026,12742
14026,12743
14026,12744
14026,12745
14026,12746
14026,12747
14026,12748
14026,12749
14026,12750
14026,12751
14026,12752
14026,12753
14026,12754
14026,12755
14026,12756
14026,12757
14026,12758
14026,12759
14026,12760
14026,12761
14026,12762
14026,12763
14026,12764
14026,12765
14026,12766
14026,12767
14026,12768
14026,12769
14026,12770
14026,12771
14026,12772
14026,12773
14026,12774
14026,12775
14026,12776
14026,12777
14026,12778
14026,12779
14026,12780
14026,12781
14026,12782
14026,12783
14026,12784
14026,12785
14026,12786
14026,12787
14026,12788
14026,12789
14026,12790
14026,12791
14026,12792
14026,12793
14026,12794
14026,12795
14026,12796
14026,12797
14026,12798
14026,12799
14026,12800
14026,12801
14026,12802
14026,12803
14026,12804
14026,12805
14026,12806
14026,12807
14026,12808
14026,12809
14026,12810
14026,12811
14026,12812
14026,12813
14026,12814
14026,12815
14026,12816
14026,12817
14026,12818
14026,12819
14026,12820
14026,12821
14026,12822
14026,12823
14026,12824
14026,12825
14026,12826
14026,12827
14026,12828
14026,12829
14026,12830
14026,12831
14026,12832
14026,12833
14026,12834
14026,12835
14026,12836
14026,12837
14026,12838
14026,12839
14026,12840
14026,12841
14026,12842
14026,12843
14026,12844
14026,12845
14026,12846
14026,12847
14026,12848
14026,12849
14026,12850
14026,12851
14026,12852
14026,12853
14026,12854
14026,12855
14026,12856
14026,12857
14026,12858
14026,12859
14026,12860
14026,12861
14026,12862
14026,12863
14026,12864
14026,12865
14026,12866
14026,12867
14026,12868
14026,12869
14026,12870
14026,12871
14026,12872
14026,12873
14026,12874
14026,12875
14026,12876
14026,12877
14026,12878
14026,12879
14026,12880
14026,12881
14026,12882
14026,12883
14026,12884
14026,12885
14026,12886
14026,12887
14026,12888
14026,12889
14026,12890
14026,12891
14026,12892
14026,12893
14026,12894
14026,12895
14026,12896
14026,12897
14026,12898
14026,12899
14026,12900
14026,12901
14026,12902
14026,12903
14026,12904
14026,12905
14026,12906
14026,12907
14026,12908
14026,12909
14026,12910
14026,12911
14026,12912
14026,12913
14026,12914
14026,12915
14026,12916
14026,12917
14026,12918
14026,12919
14026,12920
14026,12921
14026,12922
14026,12923
14026,12924
14026,12925
14026,12926
14027,12730
14027,12731
14027,12732
14027,12733
14027,12734
14027,12735
14027,12736
14027,12737
14027,12738
14027,12739
14027,12740
14027,12741
14027,12742
14027,12743
14027,12744
14027,12745
14027,12746
14027,12747
14027,12748
14027,12749
14027,12750
14027,12751
14027,12752
14027,12753
14027,12754
14027,12755
14027,12756
14027,12757
14027,12758
14027,12759
14027,12760
14027,12761
14027,12762
14027,12763
14027,12764
14027,12765
14027,12766
14027,12767
14027,12768
14027,12769
14027,12770
14027,12771
14027,12772
14027,12773
14027,12774
14027,12775
14027,12776
14027,12777
14027,12778
14027,12779
14027,12780
14027,12781
14027,12782
14027,12783
14027,12784
14027,12785
14027,12786
14027,12787
14027,12788
14027,12789
14027,12790
14027,12791
14027,12792
14027,12793
14027,12794
14027,12795
14027,12796
14027,12797
14027,12798
14027,12799
14027,12800
14027,12801
14027,12802
14027,12803
14027,12804
14027,12805
14027,12806
14027,12807
14027,12808
14027,12809
14027,12810
14027,12811
14027,12812
14027,12813
14027,12814
14027,12815
14027,12816
14027,12817
14027,12818
14027,12819
14027,12820
14027,12821
14027,12822
14027,12823
14027,12824
14027,12825
14027,12826
14027,12827
14027,12828
14027,12829
14027,12830
14027,12831
14027,12832
14027,12833
14027,12834
14027,12835
14027,12836
14027,12837
14027,12838
14027,12839
14027,12840
14027,12841
14027,12842
14027,12843
14027,12844
14027,12845
14027,12846
14027,12847
14027,12848
14027,12849
14027,12850
14027,12851
14027,12852
14027,12853
14027,12854
14027,12855
14027,12856
14027,12857
14027,12858
14027,12859
14027,12860
14027,12861
14027,12862
14027,12863
14027,12864
14027,12865
14027,12866
14027,12867
14027,12868
14027,12869
14027,12870
14027,12871
14027,12872
14027,12873
14027,12874
14027,12875
14027,12876
14027,12877
14027,12878
14027,12879
14027,12880
14027,12881
14027,12882
14027,12883
14027,12884
14027,12885
14027,12886
14027,12887
14027,12888
14027,12889
14027,12890
14027,12891
14027,12892
14027,12893
14027,12894
14027,12895
14027,12896
14027,12897
14027,12898
14027,12899
14027,12900
14027,12901
14027,12902
14027,12903
14027,12904
14027,12905
14027,12906
14027,12907
14027,12908
14027,12909
14027,12910
14027,12911
14027,12912
14027,12913
14027,12914
14027,12915
14027,12916
14027,12917
14027,12918
14027,12919
14027,12920
14027,12921
14027,12922
14027,12923
14027,12924
14027,12925
14027,12926
14027,12927
14028,12730
14028,12731
14028,12732
14028,12733
14028,12734
14028,12735
14028,12736
14028,12737
14028,12738
14028,12739
14028,12740
14028,12741
14028,12742
14028,12743
14028,12744
14028,12745
14028,12746
14028,12747
14028,12748
14028,12749
14028,12750
14028,12751
14028,12752
14028,12753
14028,12754
14028,12755
14028,12756
14028,12757
14028,12758
14028,12759
14028,12760
14028,12761
14028,12762
14028,12763
14028,12764
14028,12765
14028,12766
14028,12767
14028,12768
14028,12769
14028,12770
14028,12771
14028,12772
14028,12773
14028,12774
14028,12775
14028,12776
14028,12777
14028,12778
14028,12779
14028,12780
14028,12781
14028,12782
14028,12783
14028,12784
14028,12785
14028,12786
14028,12787
14028,12788
14028,12789
14028,12790
14028,12791
14028,12792
14028,12793
14028,12794
14028,12795
14028,12796
14028,12797
14028,12798
14028,12799
14028,12800
14028,12801
14028,12802
14028,12803
14028,12804
14028,12805
14028,12806
14028,12807
14028,12808
14028,12809
14028,12810
14028,12811
14028,12812
14028,12813
14028,12814
14028,12815
14028,12816
14028,12817
14028,12818
14028,12819
14028,12820
14028,12821
14028,12822
14028,12823
14028,12824
14028,12825
14028,12826
14028,12827
14028,12828
14028,12829
14028,12830
14028,12831
14028,12832
14028,12833
14028,12834
14028,12835
14028,12836
14028,12837
14028,12838
14028,12839
14028,12840
14028,12841
14028,12842
14028,12843
14028,12844
14028,12845
14028,12846
14028,12847
14028,12848
14028,12849
14028,12850
14028,12851
14028,12852
14028,12853
14028,12854
14028,12855
14028,12856
14028,12857
14028,12858
14028,12859
14028,12860
14028,12861
14028,12862
14028,12863
14028,12864
14028,12865
14028,12866
14028,12867
14028,12868
14028,12869
14028,12870
14028,12871
14028,12872
14028,12873
14028,12874
14028,12875
14028,12876
14028,12877
14028,12878
14028,12879
14028,12880
14028,12881
14028,12882
14028,12883
14028,12884
14028,12885
14028,12886
14028,12887
14028,12888
14028,12889
14028,12890
14028,12891
14028,12892
14028,12893
14028,12894
14028,12895
14028,12896
14028,12897
14028,12898
14028,12899
14028,12900
14028,12901
14028,12902
14028,12903
14028,12904
14028,12905
14028,12906
14028,12907
14028,12908
14028,12909
14028,12910
14028,12911
14028,12912
14028,12913
14028,12914
14028,12915
14028,12916
14028,12917
14028,12918
14028,12919
14028,12920
14028,12921
14028,12922
14028,12923
14028,12924
14028,12925
14028,12926
14029,12728
14029,12729
14029,12730
14029,12731
14029,12732
14029,12733
14029,12734
14029,12735
14029,12736
14029,12737
14029,12738
14029,12739
14029,12740
14029,12741
14029,12742
14029,12743
14029,12744
14029,12745
14029,12746
14029,12747
14029,12748
14029,12749
14029,12750
14029,12751
14029,12752
14029,12753
14029,12754
14029,12755
14029,12756
14029,12757
14029,12758
14029,12759
14029,12760
14029,12761
14029,12762
14029,12763
14029,12764
14029,12765
14029,12766
14029,12767
14029,12768
14029,12769
14029,12770
14029,12771
14029,12772
14029,12773
14029,12774
14029,12775
14029,12776
14029,12777
14029,12778
14029,12779
14029,12780
14029,12781
14029,12782
14029,12783
14029,12784
14029,12785
14029,12786
14029,12787
14029,12788
14029,12789
14029,12790
14029,12791
14029,12792
14029,12793
14029,12794
14029,12795
14029,12796
14029,12797
14029,12798
14029,12799
14029,12800
14029,12801
14029,12802
14029,12803
14029,12804
14029,12805
14029,12806
14029,12807
14029,12808
14029,12809
14029,12810
14029,12811
14029,12812
14029,12813
14029,12814
14029,12815
14029,12816
14029,12817
14029,12818
14029,12819
14029,12820
14029,12821
14029,12822
14029,12823
14029,12824
14029,12825
14029,12826
14029,12827
14029,12828
14029,12829
14029,12830
14029,12831
14029,12832
14029,12833
14029,12834
14029,12835
14029,12836
14029,12837
14029,12838
14029,12839
14029,12840
14029,12841
14029,12842
14029,12843
14029,12844
14029,12845
14029,12846
14029,12847
14029,12848
14029,12849
14029,12850
14029,12851
14029,12852
14029,12853
14029,12854
14029,12855
14029,12856
14029,12857
14029,12858
14029,12859
14029,12860
14029,12861
14029,12862
14029,12863
14029,12864
14029,12865
14029,12866
14029,12867
14029,12868
14029,12869
14029,12870
14029,12871
14029,12872
14029,12873
14029,12874
14029,12875
14029,12876
14029,12877
14029,12878
14029,12879
14029,12880
14029,12881
14029,12882
14029,12883
14029,12884
14029,12885
14029,12886
14029,12887
14029,12888
14029,12889
14029,12890
14029,12891
14029,12892
14029,12893
14029,12894
14029,12895
14029,12896
14029,12897
14029,12898
14029,12899
14029,12900
14029,12901
14029,12902
14029,12903
14029,12904
14029,12905
14029,12906
14029,12907
14029,12908
14029,12909
14029,12910
14029,12911
14029,12912
14029,12913
14029,12914
14029,12915
14029,12916
14029,12917
14029,12918
14029,12919
14029,12920
14029,12921
14029,12922
14029,12923
14029,12924
14029,12925
14029,12926
14030,12727
14030,12728
14030,12729
14030,12730
14030,12731
14030,12732
14030,12733
14030,12734
14030,12735
14030,12736
14030,12737
14030,12738
14030,12739
14030,12740
14030,12741
14030,12742
14030,12743
14030,12744
14030,12745
14030,12746
14030,12747
14030,12748
14030,12749
14030,12750
14030,12751
14030,12752
14030,12753
14030,12754
14030,12755
14030,12756
14030,12757
14030,12758
14030,12759
14030,12760
14030,12761
14030,12762
14030,12763
14030,12764
14030,12765
14030,12766
14030,12767
14030,12768
14030,12769
14030,12770
14030,12771
14030,12772
14030,12773
14030,12774
14030,12775
14030,12776
14030,12777
14030,12778
14030,12779
14030,12780
14030,12781
14030,12782
14030,12783
14030,12784
14030,12785
14030,12786
14030,12787
14030,12788
14030,12789
14030,12790
14030,12791
14030,12792
14030,12793
14030,12794
14030,12795
14030,12796
14030,12797
14030,12798
14030,12799
14030,12800
14030,12801
14030,12802
14030,12803
14030,12804
14030,12805
14030,12806
14030,12807
14030,12808
14030,12809
14030,12810
14030,12811
14030,12812
14030,12813
14030,12814
14030,12815
14030,12816
14030,12817
14030,12818
14030,12819
14030,12820
14030,12821
14030,12822
14030,12823
14030,12824
14030,12825
14030,12826
14030,12827
14030,12828
14030,12829
14030,12830
14030,12831
14030,12832
14030,12833
14030,12834
14030,12835
14030,12836
14030,12837
14030,12838
14030,12839
14030,12840
14030,12841
14030,12842
14030,12843
14030,12844
14030,12845
14030,12846
14030,12847
14030,12848
14030,12849
14030,12850
14030,12851
14030,12852
14030,12853
14030,12854
14030,12855
14030,12856
14030,12857
14030,12858
14030,12859
14030,12860
14030,12861
14030,12862
14030,12863
14030,12864
14030,12865
14030,12866
14030,12867
14030,12868
14030,12869
14030,12870
14030,12871
14030,12872
14030,12873
14030,12874
14030,12875
14030,12876
14030,12877
14030,12878
14030,12879
14030,12880
14030,12881
14030,12882
14030,12883
14030,12884
14030,12885
14030,12886
14030,12887
14030,12888
14030,12889
14030,12890
14030,12891
14030,12892
14030,12893
14030,12894
14030,12895
14030,12896
14030,12897
14030,12898
14030,12899
14030,12900
14030,12901
14030,12902
14030,12903
14030,12904
14030,12905
14030,12906
14030,12907
14030,12908
14030,12909
14030,12910
14030,12911
14030,12912
14030,12913
14030,12914
14030,12915
14030,12916
14030,12917
14030,12918
14030,12919
14030,12920
14030,12921
14030,12922
14030,12923
14030,12924
14030,12925
14030,12926
14031,12726
14031,12727
14031,12728
14031,12729
14031,12730
14031,12731
14031,12732
14031,12733
14031,12734
14031,12735
14031,12736
14031,12737
14031,12738
14031,12739
14031,12740
14031,12741
14031,12742
14031,12743
14031,12744
14031,12745
14031,12746
14031,12747
14031,12748
14031,12749
14031,12750
14031,12751
14031,12752
14031,12753
14031,12754
14031,12755
14031,12756
14031,12757
14031,12758
14031,12759
14031,12760
14031,12761
14031,12762
14031,12763
14031,12764
14031,12765
14031,12766
14031,12767
14031,12768
14031,12769
14031,12770
14031,12771
14031,12772
14031,12773
14031,12774
14031,12775
14031,12776
14031,12777
14031,12778
14031,12779
14031,12780
14031,12781
14031,12782
14031,12783
14031,12784
14031,12785
14031,12786
14031,12787
14031,12788
14031,12789
14031,12790
14031,12791
14031,12792
14031,12793
14031,12794
14031,12795
14031,12796
14031,12797
14031,12798
14031,12799
14031,12800
14031,12801
14031,12802
14031,12803
14031,12804
14031,12805
14031,12806
14031,12807
14031,12808
14031,12809
14031,12810
14031,12811
14031,12812
14031,12813
14031,12814
14031,12815
14031,12816
14031,12817
14031,12818
14031,12819
14031,12820
14031,12821
14031,12822
14031,12823
14031,12824
14031,12825
14031,12826
14031,12827
14031,12828
14031,12829
14031,12830
14031,12831
14031,12832
14031,12833
14031,12834
14031,12835
14031,12836
14031,12837
14031,12838
14031,12839
14031,12840
14031,12841
14031,12842
14031,12843
14031,12844
14031,12845
14031,12846
14031,12847
14031,12848
14031,12849
14031,12850
14031,12851
14031,12852
14031,12853
14031,12854
14031,12855
14031,12856
14031,12857
14031,12858
14031,12859
14031,12860
14031,12861
14031,12862
14031,12863
14031,12864
14031,12865
14031,12866
14031,12867
14031,12868
14031,12869
14031,12870
14031,12871
14031,12872
14031,12873
14031,12874
14031,12875
14031,12876
14031,12877
14031,12878
14031,12879
14031,12880
14031,12881
14031,12882
14031,12883
14031,12884
14031,12885
14031,12886
14031,12887
14031,12888
14031,12889
14031,12890
14031,12891
14031,12892
14031,12893
14031,12894
14031,12895
14031,12896
14031,12897
14031,12898
14031,12899
14031,12900
14031,12901
14031,12902
14031,12903
14031,12904
14031,12905
14031,12906
14031,12907
14031,12908
14031,12909
14031,12910
14031,12911
14031,12912
14031,12913
14031,12914
14031,12915
14031,12916
14031,12917
14031,12918
14031,12919
14031,12920
14031,12921
14031,12922
14031,12923
14031,12924
14031,12925
14032,12726
14032,12727
14032,12728
14032,12729
14032,12730
14032,12731
14032,12732
14032,12733
14032,12734
14032,12735
14032,12736
14032,12737
14032,12738
14032,12739
14032,12740
14032,12741
14032,12742
14032,12743
14032,12744
14032,12745
14032,12746
14032,12747
14032,12748
14032,12749
14032,12750
14032,12751
14032,12752
14032,12753
14032,12754
14032,12755
14032,12756
14032,12757
14032,12758
14032,12759
14032,12760
14032,12761
14032,12762
14032,12763
14032,12764
14032,12765
14032,12766
14032,12767
14032,12768
14032,12769
14032,12770
14032,12771
14032,12772
14032,12773
14032,12774
14032,12775
14032,12776
14032,12777
14032,12778
14032,12779
14032,12780
14032,12781
14032,12782
14032,12783
14032,12784
14032,12785
14032,12786
14032,12787
14032,12788
14032,12789
14032,12790
14032,12791
14032,12792
14032,12793
14032,12794
14032,12795
14032,12796
14032,12797
14032,12798
14032,12799
14032,12800
14032,12801
14032,12802
14032,12803
14032,12804
14032,12805
14032,12806
14032,12807
14032,12808
14032,12809
14032,12810
14032,12811
14032,12812
14032,12813
14032,12814
14032,12815
14032,12816
14032,12817
14032,12818
14032,12819
14032,12820
14032,12821
14032,12822
14032,12823
14032,12824
14032,12825
14032,12826
14032,12827
14032,12828
14032,12829
14032,12830
14032,12831
14032,12832
14032,12833
14032,12834
14032,12835
14032,12836
14032,12837
14032,12838
14032,12839
14032,12840
14032,12841
14032,12842
14032,12843
14032,12844
14032,12845
14032,12846
14032,12847
14032,12848
14032,12849
14032,12850
14032,12851
14032,12852
14032,12853
14032,12854
14032,12855
14032,12856
14032,12857
14032,12858
14032,12859
14032,12860
14032,12861
14032,12862
14032,12863
14032,12864
14032,12865
14032,12866
14032,12867
14032,12868
14032,12869
14032,12870
14032,12871
14032,12872
14032,12873
14032,12874
14032,12875
14032,12876
14032,12877
14032,12878
14032,12879
14032,12880
14032,12881
14032,12882
14032,12883
14032,12884
14032,12885
14032,12886
14032,12887
14032,12888
14032,12889
14032,12890
14032,12891
14032,12892
14032,12893
14032,12894
14032,12895
14032,12896
14032,12897
14032,12898
14032,12899
14032,12900
14032,12901
14032,12902
14032,12903
14032,12904
14032,12905
14032,12906
14032,12907
14032,12908
14032,12909
14032,12910
14032,12911
14032,12912
14032,12913
14032,12914
14032,12915
14032,12916
14032,12917
14032,12918
14032,12919
14032,12920
14032,12921
14032,12922
14032,12923
14032,12924
14032,12925
14032,12926
14033,12725
14033,12726
14033,12727
14033,12728
14033,12729
14033,12730
14033,12731
14033,12732
14033,12733
14033,12734
14033,12735
14033,12736
14033,12737
14033,12738
14033,12739
14033,12740
14033,12741
14033,12742
14033,12743
14033,12744
14033,12745
14033,12746
14033,12747
14033,12748
14033,12749
14033,12750
14033,12751
14033,12752
14033,12753
14033,12754
14033,12755
14033,12756
14033,12757
14033,12758
14033,12759
14033,12760
14033,12761
14033,12762
14033,12763
14033,12764
14033,12765
14033,12766
14033,12767
14033,12768
14033,12769
14033,12770
14033,12771
14033,12772
14033,12773
14033,12774
14033,12775
14033,12776
14033,12777
14033,12778
14033,12779
14033,12780
14033,12781
14033,12782
14033,12783
14033,12784
14033,12785
14033,12786
14033,12787
14033,12788
14033,12789
14033,12790
14033,12791
14033,12792
14033,12793
14033,12794
14033,12795
14033,12796
14033,12797
14033,12798
14033,12799
14033,12800
14033,12801
14033,12802
14033,12803
14033,12804
14033,12805
14033,12806
14033,12807
14033,12808
14033,12809
14033,12810
14033,12811
14033,12812
14033,12813
14033,12814
14033,12815
14033,12816
14033,12817
14033,12818
14033,12819
14033,12820
14033,12821
14033,12822
14033,12823
14033,12824
14033,12825
14033,12826
14033,12827
14033,12828
14033,12829
14033,12830
14033,12831
14033,12832
14033,12833
14033,12834
14033,12835
14033,12836
14033,12837
14033,12838
14033,12839
14033,12840
14033,12841
14033,12842
14033,12843
14033,12844
14033,12845
14033,12846
14033,12847
14033,12848
14033,12849
14033,12850
14033,12851
14033,12852
14033,12853
14033,12854
14033,12855
14033,12856
14033,12857
14033,12858
14033,12859
14033,12860
14033,12861
14033,12862
14033,12863
14033,12864
14033,12865
14033,12866
14033,12867
14033,12868
14033,12869
14033,12870
14033,12871
14033,12872
14033,12873
14033,12874
14033,12875
14033,12876
14033,12877
14033,12878
14033,12879
14033,12880
14033,12881
14033,12882
14033,12883
14033,12884
14033,12885
14033,12886
14033,12887
14033,12888
14033,12889
14033,12890
14033,12891
14033,12892
14033,12893
14033,12894
14033,12895
14033,12896
14033,12897
14033,12898
14033,12899
14033,12900
14033,12901
14033,12902
14033,12903
14033,12904
14033,12905
14033,12906
14033,12907
14033,12908
14033,12909
14033,12910
14033,12911
14033,12912
14033,12913
14033,12914
14033,12915
14033,12916
14033,12917
14033,12918
14033,12919
14033,12920
14033,12921
14033,12922
14033,12923
14033,12924
14033,12925
14033,12926
14034,12726
14034,12727
14034,12728
14034,12729
14034,12730
14034,12731
14034,12732
14034,12733
14034,12734
14034,12735
14034,12736
14034,12737
14034,12738
14034,12739
14034,12740
14034,12741
14034,12742
14034,12743
14034,12744
14034,12745
14034,12746
14034,12747
14034,12748
14034,12749
14034,12750
14034,12751
14034,12752
14034,12753
14034,12754
14034,12755
14034,12756
14034,12757
14034,12758
14034,12759
14034,12760
14034,12761
14034,12762
14034,12763
14034,12764
14034,12765
14034,12766
14034,12767
14034,12768
14034,12769
14034,12770
14034,12771
14034,12772
14034,12773
14034,12774
14034,12775
14034,12776
14034,12777
14034,12778
14034,12779
14034,12780
14034,12781
14034,12782
14034,12783
14034,12784
14034,12785
14034,12786
14034,12787
14034,12788
14034,12789
14034,12790
14034,12791
14034,12792
14034,12793
14034,12794
14034,12795
14034,12796
14034,12797
14034,12798
14034,12799
14034,12800
14034,12801
14034,12802
14034,12803
14034,12804
14034,12805
14034,12806
14034,12807
14034,12808
14034,12809
14034,12810
14034,12811
14034,12812
14034,12813
14034,12814
14034,12815
14034,12816
14034,12817
14034,12818
14034,12819
14034,12820
14034,12821
14034,12822
14034,12823
14034,12824
14034,12825
14034,12826
14034,12827
14034,12828
14034,12829
14034,12830
14034,12831
14034,12832
14034,12833
14034,12834
14034,12835
14034,12836
14034,12837
14034,12838
14034,12839
14034,12840
14034,12841
14034,12842
14034,12843
14034,12844
14034,12845
14034,12846
14034,12847
14034,12848
14034,12849
14034,12850
14034,12851
14034,12852
14034,12853
14034,12854
14034,12855
14034,12856
14034,12857
14034,12858
14034,12859
14034,12860
14034,12861
14034,12862
14034,12863
14034,12864
14034,12865
14034,12866
14034,12867
14034,12868
14034,12869
14034,12870
14034,12871
14034,12872
14034,12873
14034,12874
14034,12875
14034,12876
14034,12877
14034,12878
14034,12879
14034,12880
14034,12881
14034,12882
14034,12883
14034,12884
14034,12885
14034,12886
14034,12887
14034,12888
14034,12889
14034,12890
14034,12891
14034,12892
14034,12893
14034,12894
14034,12895
14034,12896
14034,12897
14034,12898
14034,12899
14034,12900
14034,12901
14034,12902
14034,12903
14034,12904
14034,12905
14034,12906
14034,12907
14034,12908
14034,12909
14034,12910
14034,12911
14034,12912
14034,12913
14034,12914
14034,12915
14034,12916
14034,12917
14034,12918
14034,12919
14034,12920
14034,12921
14034,12922
14034,12923
14034,12924
14034,12925
14034,12926
14035,12726
14035,12727
14035,12728
14035,12729
14035,12730
14035,12731
14035,12732
14035,12733
14035,12734
14035,12735
14035,12736
14035,12737
14035,12738
14035,12739
14035,12740
14035,12741
14035,12742
14035,12743
14035,12744
14035,12745
14035,12746
14035,12747
14035,12748
14035,12749
14035,12750
14035,12751
14035,12752
14035,12753
14035,12754
14035,12755
14035,12756
14035,12757
14035,12758
14035,12759
14035,12760
14035,12761
14035,12762
14035,12763
14035,12764
14035,12765
14035,12766
14035,12767
14035,12768
14035,12769
14035,12770
14035,12771
14035,12772
14035,12773
14035,12774
14035,12775
14035,12776
14035,12777
14035,12778
14035,12779
14035,12780
14035,12781
14035,12782
14035,12783
14035,12784
14035,12785
14035,12786
14035,12787
14035,12788
14035,12789
14035,12790
14035,12791
14035,12792
14035,12793
14035,12794
14035,12795
14035,12796
14035,12797
14035,12798
14035,12799
14035,12800
14035,12801
14035,12802
14035,12803
14035,12804
14035,12805
14035,12806
14035,12807
14035,12808
14035,12809
14035,12810
14035,12811
14035,12812
14035,12813
14035,12814
14035,12815
14035,12816
14035,12817
14035,12818
14035,12819
14035,12820
14035,12821
14035,12822
14035,12823
14035,12824
14035,12825
14035,12826
14035,12827
14035,12828
14035,12829
14035,12830
14035,12831
14035,12832
14035,12833
14035,12834
14035,12835
14035,12836
14035,12837
14035,12838
14035,12839
14035,12840
14035,12841
14035,12842
14035,12843
14035,12844
14035,12845
14035,12846
14035,12847
14035,12848
14035,12849
14035,12850
14035,12851
14035,12852
14035,12853
14035,12854
14035,12855
14035,12856
14035,12857
14035,12858
14035,12859
14035,12860
14035,12861
14035,12862
14035,12863
14035,12864
14035,12865
14035,12866
14035,12867
14035,12868
14035,12869
14035,12870
14035,12871
14035,12872
14035,12873
14035,12874
14035,12875
14035,12876
14035,12877
14035,12878
14035,12879
14035,12880
14035,12881
14035,12882
14035,12883
14035,12884
14035,12885
14035,12886
14035,12887
14035,12888
14035,12889
14035,12890
14035,12891
14035,12892
14035,12893
14035,12894
14035,12895
14035,12896
14035,12897
14035,12898
14035,12899
14035,12900
14035,12901
14035,12902
14035,12903
14035,12904
14035,12905
14035,12906
14035,12907
14035,12908
14035,12909
14035,12910
14035,12911
14035,12912
14035,12913
14035,12914
14035,12915
14035,12916
14035,12917
14035,12918
14035,12919
14035,12920
14035,12921
14035,12922
14035,12923
14035,12924
14035,12925
14035,12926
14036,12726
14036,12727
14036,12728
14036,12729
14036,12730
14036,12731
14036,12732
14036,12733
14036,12734
14036,12735
14036,12736
14036,12737
14036,12738
14036,12739
14036,12740
14036,12741
14036,12742
14036,12743
14036,12744
14036,12745
14036,12746
14036,12747
14036,12748
14036,12749
14036,12750
14036,12751
14036,12752
14036,12753
14036,12754
14036,12755
14036,12756
14036,12757
14036,12758
14036,12759
14036,12760
14036,12761
14036,12762
14036,12763
14036,12764
14036,12765
14036,12766
14036,12767
14036,12768
14036,12769
14036,12770
14036,12771
14036,12772
14036,12773
14036,12774
14036,12775
14036,12776
14036,12777
14036,12778
14036,12779
14036,12780
14036,12781
14036,12782
14036,12783
14036,12784
14036,12785
14036,12786
14036,12787
14036,12788
14036,12789
14036,12790
14036,12791
14036,12792
14036,12793
14036,12794
14036,12795
14036,12796
14036,12797
14036,12798
14036,12799
14036,12800
14036,12801
14036,12802
14036,12803
14036,12804
14036,12805
14036,12806
14036,12807
14036,12808
14036,12809
14036,12810
14036,12811
14036,12812
14036,12813
14036,12814
14036,12815
14036,12816
14036,12817
14036,12818
14036,12819
14036,12820
14036,12821
14036,12822
14036,12823
14036,12824
14036,12825
14036,12826
14036,12827
14036,12828
14036,12829
14036,12830
14036,12831
14036,12832
14036,12833
14036,12834
14036,12835
14036,12836
14036,12837
14036,12838
14036,12839
14036,12840
14036,12841
14036,12842
14036,12843
14036,12844
14036,12845
14036,12846
14036,12847
14036,12848
14036,12849
14036,12850
14036,12851
14036,12852
14036,12853
14036,12854
14036,12855
14036,12856
14036,12857
14036,12858
14036,12859
14036,12860
14036,12861
14036,12862
14036,12863
14036,12864
14036,12865
14036,12866
14036,12867
14036,12868
14036,12869
14036,12870
14036,12871
14036,12872
14036,12873
14036,12874
14036,12875
14036,12876
14036,12877
14036,12878
14036,12879
14036,12880
14036,12881
14036,12882
14036,12883
14036,12884
14036,12885
14036,12886
14036,12887
14036,12888
14036,12889
14036,12890
14036,12891
14036,12892
14036,12893
14036,12894
14036,12895
14036,12896
14036,12897
14036,12898
14036,12899
14036,12900
14036,12901
14036,12902
14036,12903
14036,12904
14036,12905
14036,12906
14036,12907
14036,12908
14036,12909
14036,12910
14036,12911
14036,12912
14036,12913
14036,12914
14036,12915
14036,12916
14036,12917
14036,12918
14036,12919
14036,12920
14036,12921
14036,12922
14036,12923
14036,12924
14036,12925
14036,12926
14036,12927
14037,12727
14037,12728
14037,12729
14037,12730
14037,12731
14037,12732
14037,12733
14037,12734
14037,12735
14037,12736
14037,12737
14037,12738
14037,12739
14037,12740
14037,12741
14037,12742
14037,12743
14037,12744
14037,12745
14037,12746
14037,12747
14037,12748
14037,12749
14037,12750
14037,12751
14037,12752
14037,12753
14037,12754
14037,12755
14037,12756
14037,12757
14037,12758
14037,12759
14037,12760
14037,12761
14037,12762
14037,12763
14037,12764
14037,12765
14037,12766
14037,12767
14037,12768
14037,12769
14037,12770
14037,12771
14037,12772
14037,12773
14037,12774
14037,12775
14037,12776
14037,12777
14037,12778
14037,12779
14037,12780
14037,12781
14037,12782
14037,12783
14037,12784
14037,12785
14037,12786
14037,12787
14037,12788
14037,12789
14037,12790
14037,12791
14037,12792
14037,12793
14037,12794
14037,12795
14037,12796
14037,12797
14037,12798
14037,12799
14037,12800
14037,12801
14037,12802
14037,12803
14037,12804
14037,12805
14037,12806
14037,12807
14037,12808
14037,12809
14037,12810
14037,12811
14037,12812
14037,12813
14037,12814
14037,12815
14037,12816
14037,12817
14037,12818
14037,12819
14037,12820
14037,12821
14037,12822
14037,12823
14037,12824
14037,12825
14037,12826
14037,12827
14037,12828
14037,12829
14037,12830
14037,12831
14037,12832
14037,12833
14037,12834
14037,12835
14037,12836
14037,12837
14037,12838
14037,12839
14037,12840
14037,12841
14037,12842
14037,12843
14037,12844
14037,12845
14037,12846
14037,12847
14037,12848
14037,12849
14037,12850
14037,12851
14037,12852
14037,12853
14037,12854
14037,12855
14037,12856
14037,12857
14037,12858
14037,12859
14037,12860
14037,12861
14037,12862
14037,12863
14037,12864
14037,12865
14037,12866
14037,12867
14037,12868
14037,12869
14037,12870
14037,12871
14037,12872
14037,12873
14037,12874
14037,12875
14037,12876
14037,12877
14037,12878
14037,12879
14037,12880
14037,12881
14037,12882
14037,12883
14037,12884
14037,12885
14037,12886
14037,12887
14037,12888
14037,12889
14037,12890
14037,12891
14037,12892
14037,12893
14037,12894
14037,12895
14037,12896
14037,12897
14037,12898
14037,12899
14037,12900
14037,12901
14037,12902
14037,12903
14037,12904
14037,12905
14037,12906
14037,12907
14037,12908
14037,12909
14037,12910
14037,12911
14037,12912
14037,12913
14037,12914
14037,12915
14037,12916
14037,12917
14037,12918
14037,12919
14037,12920
14037,12921
14037,12922
14037,12923
14037,12924
14037,12925
14037,12926
14037,12927
14038,12728
14038,12729
14038,12730
14038,12731
14038,12732
14038,12733
14038,12734
14038,12735
14038,12736
14038,12737
14038,12738
14038,12739
14038,12740
14038,12741
14038,12742
14038,12743
14038,12744
14038,12745
14038,12746
14038,12747
14038,12748
14038,12749
14038,12750
14038,12751
14038,12752
14038,12753
14038,12754
14038,12755
14038,12756
14038,12757
14038,12758
14038,12759
14038,12760
14038,12761
14038,12762
14038,12763
14038,12764
14038,12765
14038,12766
14038,12767
14038,12768
14038,12769
14038,12770
14038,12771
14038,12772
14038,12773
14038,12774
14038,12775
14038,12776
14038,12777
14038,12778
14038,12779
14038,12780
14038,12781
14038,12782
14038,12783
14038,12784
14038,12785
14038,12786
14038,12787
14038,12788
14038,12789
14038,12790
14038,12791
14038,12792
14038,12793
14038,12794
14038,12795
14038,12796
14038,12797
14038,12798
14038,12799
14038,12800
14038,12801
14038,12802
14038,12803
14038,12804
14038,12805
14038,12806
14038,12807
14038,12808
14038,12809
14038,12810
14038,12811
14038,12812
14038,12813
14038,12814
14038,12815
14038,12816
14038,12817
14038,12818
14038,12819
14038,12820
14038,12821
14038,12822
14038,12823
14038,12824
14038,12825
14038,12826
14038,12827
14038,12828
14038,12829
14038,12830
14038,12831
14038,12832
14038,12833
14038,12834
14038,12835
14038,12836
14038,12837
14038,12838
14038,12839
14038,12840
14038,12841
14038,12842
14038,12843
14038,12844
14038,12845
14038,12846
14038,12847
14038,12848
14038,12849
14038,12850
14038,12851
14038,12852
14038,12853
14038,12854
14038,12855
14038,12856
14038,12857
14038,12858
14038,12859
14038,12860
14038,12861
14038,12862
14038,12863
14038,12864
14038,12865
14038,12866
14038,12867
14038,12868
14038,12869
14038,12870
14038,12871
14038,12872
14038,12873
14038,12874
14038,12875
14038,12876
14038,12877
14038,12878
14038,12879
14038,12880
14038,12881
14038,12882
14038,12883
14038,12884
14038,12885
14038,12886
14038,12887
14038,12888
14038,12889
14038,12890
14038,12891
14038,12892
14038,12893
14038,12894
14038,12895
14038,12896
14038,12897
14038,12898
14038,12899
14038,12900
14038,12901
14038,12902
14038,12903
14038,12904
14038,12905
14038,12906
14038,12907
14038,12908
14038,12909
14038,12910
14038,12911
14038,12912
14038,12913
14038,12914
14038,12915
14038,12916
14038,12917
14038,12918
14038,12919
14038,12920
14038,12921
14038,12922
14038,12923
14038,12924
14038,12925
14038,12926
14038,12927
14038,12928
14038,12929
14039,12728
14039,12729
14039,12730
14039,12731
14039,12732
14039,12733
14039,12734
14039,12735
14039,12736
14039,12737
14039,12738
14039,12739
14039,12740
14039,12741
14039,12742
14039,12743
14039,12744
14039,12745
14039,12746
14039,12747
14039,12748
14039,12749
14039,12750
14039,12751
14039,12752
14039,12753
14039,12754
14039,12755
14039,12756
14039,12757
14039,12758
14039,12759
14039,12760
14039,12761
14039,12762
14039,12763
14039,12764
14039,12765
14039,12766
14039,12767
14039,12768
14039,12769
14039,12770
14039,12771
14039,12772
14039,12773
14039,12774
14039,12775
14039,12776
14039,12777
14039,12778
14039,12779
14039,12780
14039,12781
14039,12782
14039,12783
14039,12784
14039,12785
14039,12786
14039,12787
14039,12788
14039,12789
14039,12790
14039,12791
14039,12792
14039,12793
14039,12794
14039,12795
14039,12796
14039,12797
14039,12798
14039,12799
14039,12800
14039,12801
14039,12802
14039,12803
14039,12804
14039,12805
14039,12806
14039,12807
14039,12808
14039,12809
14039,12810
14039,12811
14039,12812
14039,12813
14039,12814
14039,12815
14039,12816
14039,12817
14039,12818
14039,12819
14039,12820
14039,12821
14039,12822
14039,12823
14039,12824
14039,12825
14039,12826
14039,12827
14039,12828
14039,12829
14039,12830
14039,12831
14039,12832
14039,12833
14039,12834
14039,12835
14039,12836
14039,12837
14039,12838
14039,12839
14039,12840
14039,12841
14039,12842
14039,12843
14039,12844
14039,12845
14039,12846
14039,12847
14039,12848
14039,12849
14039,12850
14039,12851
14039,12852
14039,12853
14039,12854
14039,12855
14039,12856
14039,12857
14039,12858
14039,12859
14039,12860
14039,12861
14039,12862
14039,12863
14039,12864
14039,12865
14039,12866
14039,12867
14039,12868
14039,12869
14039,12870
14039,12871
14039,12872
14039,12873
14039,12874
14039,12875
14039,12876
14039,12877
14039,12878
14039,12879
14039,12880
14039,12881
14039,12882
14039,12883
14039,12884
14039,12885
14039,12886
14039,12887
14039,12888
14039,12889
14039,12890
14039,12891
14039,12892
14039,12893
14039,12894
14039,12895
14039,12896
14039,12897
14039,12898
14039,12899
14039,12900
14039,12901
14039,12902
14039,12903
14039,12904
14039,12905
14039,12906
14039,12907
14039,12908
14039,12909
14039,12910
14039,12911
14039,12912
14039,12913
14039,12914
14039,12915
14039,12916
14039,12917
14039,12918
14039,12919
14039,12920
14039,12921
14039,12922
14039,12923
14039,12924
14039,12925
14039,12926
14039,12927
14039,12928
14039,12929
14039,12930
14040,12728
14040,12729
14040,12730
14040,12731
14040,12732
14040,12733
14040,12734
14040,12735
14040,12736
14040,12737
14040,12738
14040,12739
14040,12740
14040,12741
14040,12742
14040,12743
14040,12744
14040,12745
14040,12746
14040,12747
14040,12748
14040,12749
14040,12750
14040,12751
14040,12752
14040,12753
14040,12754
14040,12755
14040,12756
14040,12757
14040,12758
14040,12759
14040,12760
14040,12761
14040,12762
14040,12763
14040,12764
14040,12765
14040,12766
14040,12767
14040,12768
14040,12769
14040,12770
14040,12771
14040,12772
14040,12773
14040,12774
14040,12775
14040,12776
14040,12777
14040,12778
14040,12779
14040,12780
14040,12781
14040,12782
14040,12783
14040,12784
14040,12785
14040,12786
14040,12787
14040,12788
14040,12789
14040,12790
14040,12791
14040,12792
14040,12793
14040,12794
14040,12795
14040,12796
14040,12797
14040,12798
14040,12799
14040,12800
14040,12801
14040,12802
14040,12803
14040,12804
14040,12805
14040,12806
14040,12807
14040,12808
14040,12809
14040,12810
14040,12811
14040,12812
14040,12813
14040,12814
14040,12815
14040,12816
14040,12817
14040,12818
14040,12819
14040,12820
14040,12821
14040,12822
14040,12823
14040,12824
14040,12825
14040,12826
14040,12827
14040,12828
14040,12829
14040,12830
14040,12831
14040,12832
14040,12833
14040,12834
14040,12835
14040,12836
14040,12837
14040,12838
14040,12839
14040,12840
14040,12841
14040,12842
14040,12843
14040,12844
14040,12845
14040,12846
14040,12847
14040,12848
14040,12849
14040,12850
14040,12851
14040,12852
14040,12853
14040,12854
14040,12855
14040,12856
14040,12857
14040,12858
14040,12859
14040,12860
14040,12861
14040,12862
14040,12863
14040,12864
14040,12865
14040,12866
14040,12867
14040,12868
14040,12869
14040,12870
14040,12871
14040,12872
14040,12873
14040,12874
14040,12875
14040,12876
14040,12877
14040,12878
14040,12879
14040,12880
14040,12881
14040,12882
14040,12883
14040,12884
14040,12885
14040,12886
14040,12887
14040,12888
14040,12889
14040,12890
14040,12891
14040,12892
14040,12893
14040,12894
14040,12895
14040,12896
14040,12897
14040,12898
14040,12899
14040,12900
14040,12901
14040,12902
14040,12903
14040,12904
14040,12905
14040,12906
14040,12907
14040,12908
14040,12909
14040,12910
14040,12911
14040,12912
14040,12913
14040,12914
14040,12915
14040,12916
14040,12917
14040,12918
14040,12919
14040,12920
14040,12921
14040,12922
14040,12923
14040,12924
14040,12925
14040,12926
14040,12927
14040,12928
14040,12929
14040,12930
14040,12931
14040,12949
14041,12727
14041,12728
14041,12729
14041,12730
14041,12731
14041,12732
14041,12733
14041,12734
14041,12735
14041,12736
14041,12737
14041,12738
14041,12739
14041,12740
14041,12741
14041,12742
14041,12743
14041,12744
14041,12745
14041,12746
14041,12747
14041,12748
14041,12749
14041,12750
14041,12751
14041,12752
14041,12753
14041,12754
14041,12755
14041,12756
14041,12757
14041,12758
14041,12759
14041,12760
14041,12761
14041,12762
14041,12763
14041,12764
14041,12765
14041,12766
14041,12767
14041,12768
14041,12769
14041,12770
14041,12771
14041,12772
14041,12773
14041,12774
14041,12775
14041,12776
14041,12777
14041,12778
14041,12779
14041,12780
14041,12781
14041,12782
14041,12783
14041,12784
14041,12785
14041,12786
14041,12787
14041,12788
14041,12789
14041,12790
14041,12791
14041,12792
14041,12793
14041,12794
14041,12795
14041,12796
14041,12797
14041,12798
14041,12799
14041,12800
14041,12801
14041,12802
14041,12803
14041,12804
14041,12805
14041,12806
14041,12807
14041,12808
14041,12809
14041,12810
14041,12811
14041,12812
14041,12813
14041,12814
14041,12815
14041,12816
14041,12817
14041,12818
14041,12819
14041,12820
14041,12821
14041,12822
14041,12823
14041,12824
14041,12825
14041,12826
14041,12827
14041,12828
14041,12829
14041,12830
14041,12831
14041,12832
14041,12833
14041,12834
14041,12835
14041,12836
14041,12837
14041,12838
14041,12839
14041,12840
14041,12841
14041,12842
14041,12843
14041,12844
14041,12845
14041,12846
14041,12847
14041,12848
14041,12849
14041,12850
14041,12851
14041,12852
14041,12853
14041,12854
14041,12855
14041,12856
14041,12857
14041,12858
14041,12859
14041,12860
14041,12861
14041,12862
14041,12863
14041,12864
14041,12865
14041,12866
14041,12867
14041,12868
14041,12869
14041,12870
14041,12871
14041,12872
14041,12873
14041,12874
14041,12875
14041,12876
14041,12877
14041,12878
14041,12879
14041,12880
14041,12881
14041,12882
14041,12883
14041,12884
14041,12885
14041,12886
14041,12887
14041,12888
14041,12889
14041,12890
14041,12891
14041,12892
14041,12893
14041,12894
14041,12895
14041,12896
14041,12897
14041,12898
14041,12899
14041,12900
14041,12901
14041,12902
14041,12903
14041,12904
14041,12905
14041,12906
14041,12907
14041,12908
14041,12909
14041,12910
14041,12911
14041,12912
14041,12913
14041,12914
14041,12915
14041,12916
14041,12917
14041,12918
14041,12919
14041,12920
14041,12921
14041,12922
14041,12923
14041,12924
14041,12925
14041,12926
14041,12927
14041,12928
14041,12929
14041,12930
14041,12931
14041,12941
14041,12943
14041,12946
14041,12947
14041,12948
14041,12949
14041,12950
14041,12951
14042,12727
14042,12728
14042,12729
14042,12730
14042,12731
14042,12732
14042,12733
14042,12734
14042,12735
14042,12736
14042,12737
14042,12738
14042,12739
14042,12740
14042,12741
14042,12742
14042,12743
14042,12744
14042,12745
14042,12746
14042,12747
14042,12748
14042,12749
14042,12750
14042,12751
14042,12752
14042,12753
14042,12754
14042,12755
14042,12756
14042,12757
14042,12758
14042,12759
14042,12760
14042,12761
14042,12762
14042,12763
14042,12764
14042,12765
14042,12766
14042,12767
14042,12768
14042,12769
14042,12770
14042,12771
14042,12772
14042,12773
14042,12774
14042,12775
14042,12776
14042,12777
14042,12778
14042,12779
14042,12780
14042,12781
14042,12782
14042,12783
14042,12784
14042,12785
14042,12786
14042,12787
14042,12788
14042,12789
14042,12790
14042,12791
14042,12792
14042,12793
14042,12794
14042,12795
14042,12796
14042,12797
14042,12798
14042,12799
14042,12800
14042,12801
14042,12802
14042,12803
14042,12804
14042,12805
14042,12806
14042,12807
14042,12808
14042,12809
14042,12810
14042,12811
14042,12812
14042,12813
14042,12814
14042,12815
14042,12816
14042,12817
14042,12818
14042,12819
14042,12820
14042,12821
14042,12822
14042,12823
14042,12824
14042,12825
14042,12826
14042,12827
14042,12828
14042,12829
14042,12830
14042,12831
14042,12832
14042,12833
14042,12834
14042,12835
14042,12836
14042,12837
14042,12838
14042,12839
14042,12840
14042,12841
14042,12842
14042,12843
14042,12844
14042,12845
14042,12846
14042,12847
14042,12848
14042,12849
14042,12850
14042,12851
14042,12852
14042,12853
14042,12854
14042,12855
14042,12856
14042,12857
14042,12858
14042,12859
14042,12860
14042,12861
14042,12862
14042,12863
14042,12864
14042,12865
14042,12866
14042,12867
14042,12868
14042,12869
14042,12870
14042,12871
14042,12872
14042,12873
14042,12874
14042,12875
14042,12876
14042,12877
14042,12878
14042,12879
14042,12880
14042,12881
14042,12882
14042,12883
14042,12884
14042,12885
14042,12886
14042,12887
14042,12888
14042,12889
14042,12890
14042,12891
14042,12892
14042,12893
14042,12894
14042,12895
14042,12896
14042,12897
14042,12898
14042,12899
14042,12900
14042,12901
14042,12902
14042,12903
14042,12904
14042,12905
14042,12906
14042,12907
14042,12908
14042,12909
14042,12910
14042,12911
14042,12912
14042,12913
14042,12914
14042,12915
14042,12916
14042,12917
14042,12918
14042,12919
14042,12920
14042,12921
14042,12922
14042,12923
14042,12924
14042,12925
14042,12926
14042,12927
14042,12928
14042,12929
14042,12930
14042,12931
14042,12932
14042,12933
14042,12935
14042,12938
14042,12939
14042,12940
14042,12941
14042,12942
14042,12943
14042,12944
14042,12945
14042,12946
14042,12947
14042,12948
14042,12949
14042,12950
14042,12951
14042,12952
14043,12726
14043,12727
14043,12728
14043,12729
14043,12730
14043,12731
14043,12732
14043,12733
14043,12734
14043,12735
14043,12736
14043,12737
14043,12738
14043,12739
14043,12740
14043,12741
14043,12742
14043,12743
14043,12744
14043,12745
14043,12746
14043,12747
14043,12748
14043,12749
14043,12750
14043,12751
14043,12752
14043,12753
14043,12754
14043,12755
14043,12756
14043,12757
14043,12758
14043,12759
14043,12760
14043,12761
14043,12762
14043,12763
14043,12764
14043,12765
14043,12766
14043,12767
14043,12768
14043,12769
14043,12770
14043,12771
14043,12772
14043,12773
14043,12774
14043,12775
14043,12776
14043,12777
14043,12778
14043,12779
14043,12780
14043,12781
14043,12782
14043,12783
14043,12784
14043,12785
14043,12786
14043,12787
14043,12788
14043,12789
14043,12790
14043,12791
14043,12792
14043,12793
14043,12794
14043,12795
14043,12796
14043,12797
14043,12798
14043,12799
14043,12800
14043,12801
14043,12802
14043,12803
14043,12804
14043,12805
14043,12806
14043,12807
14043,12808
14043,12809
14043,12810
14043,12811
14043,12812
14043,12813
14043,12814
14043,12815
14043,12816
14043,12817
14043,12818
14043,12819
14043,12820
14043,12821
14043,12822
14043,12823
14043,12824
14043,12825
14043,12826
14043,12827
14043,12828
14043,12829
14043,12830
14043,12831
14043,12832
14043,12833
14043,12834
14043,12835
14043,12836
14043,12837
14043,12838
14043,12839
14043,12840
14043,12841
14043,12842
14043,12843
14043,12844
14043,12845
14043,12846
14043,12847
14043,12848
14043,12849
14043,12850
14043,12851
14043,12852
14043,12853
14043,12854
14043,12855
14043,12856
14043,12857
14043,12858
14043,12859
14043,12860
14043,12861
14043,12862
14043,12863
14043,12864
14043,12865
14043,12866
14043,12867
14043,12868
14043,12869
14043,12870
14043,12871
14043,12872
14043,12873
14043,12874
14043,12875
14043,12876
14043,12877
14043,12878
14043,12879
14043,12880
14043,12881
14043,12882
14043,12883
14043,12884
14043,12885
14043,12886
14043,12887
14043,12888
14043,12889
14043,12890
14043,12891
14043,12892
14043,12893
14043,12894
14043,12895
14043,12896
14043,12897
14043,12898
14043,12899
14043,12900
14043,12901
14043,12902
14043,12903
14043,12904
14043,12905
14043,12906
14043,12907
14043,12908
14043,12909
14043,12910
14043,12911
14043,12912
14043,12913
14043,12914
14043,12915
14043,12916
14043,12917
14043,12918
14043,12919
14043,12920
14043,12921
14043,12922
14043,12923
14043,12924
14043,12925
14043,12926
14043,12927
14043,12928
14043,12929
14043,12930
14043,12931
14043,12932
14043,12933
14043,12934
14043,12935
14043,12936
14043,12937
14043,12938
14043,12939
14043,12940
14043,12941
14043,12942
14043,12943
14043,12944
14043,12945
14043,12946
14043,12947
14043,12948
14043,12949
14043,12950
14043,12951
14043,12952
14043,12953
14044,12726
14044,12727
14044,12728
14044,12729
14044,12730
14044,12731
14044,12732
14044,12733
14044,12734
14044,12735
14044,12736
14044,12737
14044,12738
14044,12739
14044,12740
14044,12741
14044,12742
14044,12743
14044,12744
14044,12745
14044,12746
14044,12747
14044,12748
14044,12749
14044,12750
14044,12751
14044,12752
14044,12753
14044,12754
14044,12755
14044,12756
14044,12757
14044,12758
14044,12759
14044,12760
14044,12761
14044,12762
14044,12763
14044,12764
14044,12765
14044,12766
14044,12767
14044,12768
14044,12769
14044,12770
14044,12771
14044,12772
14044,12773
14044,12774
14044,12775
14044,12776
14044,12777
14044,12778
14044,12779
14044,12780
14044,12781
14044,12782
14044,12783
14044,12784
14044,12785
14044,12786
14044,12787
14044,12788
14044,12789
14044,12790
14044,12791
14044,12792
14044,12793
14044,12794
14044,12795
14044,12796
14044,12797
14044,12798
14044,12799
14044,12800
14044,12801
14044,12802
14044,12803
14044,12804
14044,12805
14044,12806
14044,12807
14044,12808
14044,12809
14044,12810
14044,12811
14044,12812
14044,12813
14044,12814
14044,12815
14044,12816
14044,12817
14044,12818
14044,12819
14044,12820
14044,12821
14044,12822
14044,12823
14044,12824
14044,12825
14044,12826
14044,12827
14044,12828
14044,12829
14044,12830
14044,12831
14044,12832
14044,12833
14044,12834
14044,12835
14044,12836
14044,12837
14044,12838
14044,12839
14044,12840
14044,12841
14044,12842
14044,12843
14044,12844
14044,12845
14044,12846
14044,12847
14044,12848
14044,12849
14044,12850
14044,12851
14044,12852
14044,12853
14044,12854
14044,12855
14044,12856
14044,12857
14044,12858
14044,12859
14044,12860
14044,12861
14044,12862
14044,12863
14044,12864
14044,12865
14044,12866
14044,12867
14044,12868
14044,12869
14044,12870
14044,12871
14044,12872
14044,12873
14044,12874
14044,12875
14044,12876
14044,12877
14044,12878
14044,12879
14044,12880
14044,12881
14044,12882
14044,12883
14044,12884
14044,12885
14044,12886
14044,12887
14044,12888
14044,12889
14044,12890
14044,12891
14044,12892
14044,12893
14044,12894
14044,12895
14044,12896
14044,12897
14044,12898
14044,12899
14044,12900
14044,12901
14044,12902
14044,12903
14044,12904
14044,12905
14044,12906
14044,12907
14044,12908
14044,12909
14044,12910
14044,12911
14044,12912
14044,12913
14044,12914
14044,12915
14044,12916
14044,12917
14044,12918
14044,12919
14044,12920
14044,12921
14044,12922
14044,12923
14044,12924
14044,12925
14044,12926
14044,12927
14044,12928
14044,12929
14044,12930
14044,12931
14044,12932
14044,12933
14044,12934
14044,12935
14044,12936
14044,12937
14044,12938
14044,12939
14044,12940
14044,12941
14044,12942
14044,12943
14044,12944
14044,12945
14044,12946
14044,12947
14044,12948
14044,12949
14044,12950
14044,12951
14044,12952
14044,12953
14045,12726
14045,12727
14045,12728
14045,12729
14045,12730
14045,12731
14045,12732
14045,12733
14045,12734
14045,12735
14045,12736
14045,12737
14045,12738
14045,12739
14045,12740
14045,12741
14045,12742
14045,12743
14045,12744
14045,12745
14045,12746
14045,12747
14045,12748
14045,12749
14045,12750
14045,12751
14045,12752
14045,12753
14045,12754
14045,12755
14045,12756
14045,12757
14045,12758
14045,12759
14045,12760
14045,12761
14045,12762
14045,12763
14045,12764
14045,12765
14045,12766
14045,12767
14045,12768
14045,12769
14045,12770
14045,12771
14045,12772
14045,12773
14045,12774
14045,12775
14045,12776
14045,12777
14045,12778
14045,12779
14045,12780
14045,12781
14045,12782
14045,12783
14045,12784
14045,12785
14045,12786
14045,12787
14045,12788
14045,12789
14045,12790
14045,12791
14045,12792
14045,12793
14045,12794
14045,12795
14045,12796
14045,12797
14045,12798
14045,12799
14045,12800
14045,12801
14045,12802
14045,12803
14045,12804
14045,12805
14045,12806
14045,12807
14045,12808
14045,12809
14045,12810
14045,12811
14045,12812
14045,12813
14045,12814
14045,12815
14045,12816
14045,12817
14045,12818
14045,12819
14045,12820
14045,12821
14045,12822
14045,12823
14045,12824
14045,12825
14045,12826
14045,12827
14045,12828
14045,12829
14045,12830
14045,12831
14045,12832
14045,12833
14045,12834
14045,12835
14045,12836
14045,12837
14045,12838
14045,12839
14045,12840
14045,12841
14045,12842
14045,12843
14045,12844
14045,12845
14045,12846
14045,12847
14045,12848
14045,12849
14045,12850
14045,12851
14045,12852
14045,12853
14045,12854
14045,12855
14045,12856
14045,12857
14045,12858
14045,12859
14045,12860
14045,12861
14045,12862
14045,12863
14045,12864
14045,12865
14045,12866
14045,12867
14045,12868
14045,12869
14045,12870
14045,12871
14045,12872
14045,12873
14045,12874
14045,12875
14045,12876
14045,12877
14045,12878
14045,12879
14045,12880
14045,12881
14045,12882
14045,12883
14045,12884
14045,12885
14045,12886
14045,12887
14045,12888
14045,12889
14045,12890
14045,12891
14045,12892
14045,12893
14045,12894
14045,12895
14045,12896
14045,12897
14045,12898
14045,12899
14045,12900
14045,12901
14045,12902
14045,12903
14045,12904
14045,12905
14045,12906
14045,12907
14045,12908
14045,12909
14045,12910
14045,12911
14045,12912
14045,12913
14045,12914
14045,12915
14045,12916
14045,12917
14045,12918
14045,12919
14045,12920
14045,12921
14045,12922
14045,12923
14045,12924
14045,12925
14045,12926
14045,12927
14045,12928
14045,12929
14045,12930
14045,12931
14045,12932
14045,12933
14045,12934
14045,12935
14045,12936
14045,12937
14045,12938
14045,12939
14045,12940
14045,12941
14045,12942
14045,12943
14045,12944
14045,12945
14045,12946
14045,12947
14045,12948
14045,12949
14045,12950
14045,12951
14045,12952
14045,12953
14045,12954
14046,12725
14046,12726
14046,12727
14046,12728
14046,12729
14046,12730
14046,12731
14046,12732
14046,12733
14046,12734
14046,12735
14046,12736
14046,12737
14046,12738
14046,12739
14046,12740
14046,12741
14046,12742
14046,12743
14046,12744
14046,12745
14046,12746
14046,12747
14046,12748
14046,12749
14046,12750
14046,12751
14046,12752
14046,12753
14046,12754
14046,12755
14046,12756
14046,12757
14046,12758
14046,12759
14046,12760
14046,12761
14046,12762
14046,12763
14046,12764
14046,12765
14046,12766
14046,12767
14046,12768
14046,12769
14046,12770
14046,12771
14046,12772
14046,12773
14046,12774
14046,12775
14046,12776
14046,12777
14046,12778
14046,12779
14046,12780
14046,12781
14046,12782
14046,12783
14046,12784
14046,12785
14046,12786
14046,12787
14046,12788
14046,12789
14046,12790
14046,12791
14046,12792
14046,12793
14046,12794
14046,12795
14046,12796
14046,12797
14046,12798
14046,12799
14046,12800
14046,12801
14046,12802
14046,12803
14046,12804
14046,12805
14046,12806
14046,12807
14046,12808
14046,12809
14046,12810
14046,12811
14046,12812
14046,12813
14046,12814
14046,12815
14046,12816
14046,12817
14046,12818
14046,12819
14046,12820
14046,12821
14046,12822
14046,12823
14046,12824
14046,12825
14046,12826
14046,12827
14046,12828
14046,12829
14046,12830
14046,12831
14046,12832
14046,12833
14046,12834
14046,12835
14046,12836
14046,12837
14046,12838
14046,12839
14046,12840
14046,12841
14046,12842
14046,12843
14046,12844
14046,12845
14046,12846
14046,12847
14046,12848
14046,12849
14046,12850
14046,12851
14046,12852
14046,12853
14046,12854
14046,12855
14046,12856
14046,12857
14046,12858
14046,12859
14046,12860
14046,12861
14046,12862
14046,12863
14046,12864
14046,12865
14046,12866
14046,12867
14046,12868
14046,12869
14046,12870
14046,12871
14046,12872
14046,12873
14046,12874
14046,12875
14046,12876
14046,12877
14046,12878
14046,12879
14046,12880
14046,12881
14046,12882
14046,12883
14046,12884
14046,12885
14046,12886
14046,12887
14046,12888
14046,12889
14046,12890
14046,12891
14046,12892
14046,12893
14046,12894
14046,12895
14046,12896
14046,12897
14046,12898
14046,12899
14046,12900
14046,12901
14046,12902
14046,12903
14046,12904
14046,12905
14046,12906
14046,12907
14046,12908
14046,12909
14046,12910
14046,12911
14046,12912
14046,12913
14046,12914
14046,12915
14046,12916
14046,12917
14046,12918
14046,12919
14046,12920
14046,12921
14046,12922
14046,12923
14046,12924
14046,12925
14046,12926
14046,12927
14046,12928
14046,12929
14046,12930
14046,12931
14046,12932
14046,12933
14046,12934
14046,12935
14046,12936
14046,12937
14046,12938
14046,12939
14046,12940
14046,12941
14046,12942
14046,12943
14046,12944
14046,12945
14046,12946
14046,12947
14046,12948
14046,12949
14046,12950
14046,12951
14046,12952
14046,12953
14047,12725
14047,12726
14047,12727
14047,12728
14047,12729
14047,12730
14047,12731
14047,12732
14047,12733
14047,12734
14047,12735
14047,12736
14047,12737
14047,12738
14047,12739
14047,12740
14047,12741
14047,12742
14047,12743
14047,12744
14047,12745
14047,12746
14047,12747
14047,12748
14047,12749
14047,12750
14047,12751
14047,12752
14047,12753
14047,12754
14047,12755
14047,12756
14047,12757
14047,12758
14047,12759
14047,12760
14047,12761
14047,12762
14047,12763
14047,12764
14047,12765
14047,12766
14047,12767
14047,12768
14047,12769
14047,12770
14047,12771
14047,12772
14047,12773
14047,12774
14047,12775
14047,12776
14047,12777
14047,12778
14047,12779
14047,12780
14047,12781
14047,12782
14047,12783
14047,12784
14047,12785
14047,12786
14047,12787
14047,12788
14047,12789
14047,12790
14047,12791
14047,12792
14047,12793
14047,12794
14047,12795
14047,12796
14047,12797
14047,12798
14047,12799
14047,12800
14047,12801
14047,12802
14047,12803
14047,12804
14047,12805
14047,12806
14047,12807
14047,12808
14047,12809
14047,12810
14047,12811
14047,12812
14047,12813
14047,12814
14047,12815
14047,12816
14047,12817
14047,12818
14047,12819
14047,12820
14047,12821
14047,12822
14047,12823
14047,12824
14047,12825
14047,12826
14047,12827
14047,12828
14047,12829
14047,12830
14047,12831
14047,12832
14047,12833
14047,12834
14047,12835
14047,12836
14047,12837
14047,12838
14047,12839
14047,12840
14047,12841
14047,12842
14047,12843
14047,12844
14047,12845
14047,12846
14047,12847
14047,12848
14047,12849
14047,12850
14047,12851
14047,12852
14047,12853
14047,12854
14047,12855
14047,12856
14047,12857
14047,12858
14047,12859
14047,12860
14047,12861
14047,12862
14047,12863
14047,12864
14047,12865
14047,12866
14047,12867
14047,12868
14047,12869
14047,12870
14047,12871
14047,12872
14047,12873
14047,12874
14047,12875
14047,12876
14047,12877
14047,12878
14047,12879
14047,12880
14047,12881
14047,12882
14047,12883
14047,12884
14047,12885
14047,12886
14047,12887
14047,12888
14047,12889
14047,12890
14047,12891
14047,12892
14047,12893
14047,12894
14047,12895
14047,12896
14047,12897
14047,12898
14047,12899
14047,12900
14047,12901
14047,12902
14047,12903
14047,12904
14047,12905
14047,12906
14047,12907
14047,12908
14047,12909
14047,12910
14047,12911
14047,12912
14047,12913
14047,12914
14047,12915
14047,12916
14047,12917
14047,12918
14047,12919
14047,12920
14047,12921
14047,12922
14047,12923
14047,12924
14047,12925
14047,12926
14047,12927
14047,12928
14047,12929
14047,12930
14047,12931
14047,12932
14047,12933
14047,12934
14047,12935
14047,12936
14047,12937
14047,12938
14047,12939
14047,12940
14047,12941
14047,12942
14047,12943
14047,12944
14047,12945
14047,12946
14047,12947
14047,12948
14047,12949
14047,12950
14047,12951
14047,12952
14047,12953
14048,12726
14048,12727
14048,12728
14048,12729
14048,12730
14048,12731
14048,12732
14048,12733
14048,12734
14048,12735
14048,12736
14048,12737
14048,12738
14048,12739
14048,12740
14048,12741
14048,12742
14048,12743
14048,12744
14048,12745
14048,12746
14048,12747
14048,12748
14048,12749
14048,12750
14048,12751
14048,12752
14048,12753
14048,12754
14048,12755
14048,12756
14048,12757
14048,12758
14048,12759
14048,12760
14048,12761
14048,12762
14048,12763
14048,12764
14048,12765
14048,12766
14048,12767
14048,12768
14048,12769
14048,12770
14048,12771
14048,12772
14048,12773
14048,12774
14048,12775
14048,12776
14048,12777
14048,12778
14048,12779
14048,12780
14048,12781
14048,12782
14048,12783
14048,12784
14048,12785
14048,12786
14048,12787
14048,12788
14048,12789
14048,12790
14048,12791
14048,12792
14048,12793
14048,12794
14048,12795
14048,12796
14048,12797
14048,12798
14048,12799
14048,12800
14048,12801
14048,12802
14048,12803
14048,12804
14048,12805
14048,12806
14048,12807
14048,12808
14048,12809
14048,12810
14048,12811
14048,12812
14048,12813
14048,12814
14048,12815
14048,12816
14048,12817
14048,12818
14048,12819
14048,12820
14048,12821
14048,12822
14048,12823
14048,12824
14048,12825
14048,12826
14048,12827
14048,12828
14048,12829
14048,12830
14048,12831
14048,12832
14048,12833
14048,12834
14048,12835
14048,12836
14048,12837
14048,12838
14048,12839
14048,12840
14048,12841
14048,12842
14048,12843
14048,12844
14048,12845
14048,12846
14048,12847
14048,12848
14048,12849
14048,12850
14048,12851
14048,12852
14048,12853
14048,12854
14048,12855
14048,12856
14048,12857
14048,12858
14048,12859
14048,12860
14048,12861
14048,12862
14048,12863
14048,12864
14048,12865
14048,12866
14048,12867
14048,12868
14048,12869
14048,12870
14048,12871
14048,12872
14048,12873
14048,12874
14048,12875
14048,12876
14048,12877
14048,12878
14048,12879
14048,12880
14048,12881
14048,12882
14048,12883
14048,12884
14048,12885
14048,12886
14048,12887
14048,12888
14048,12889
14048,12890
14048,12891
14048,12892
14048,12893
14048,12894
14048,12895
14048,12896
14048,12897
14048,12898
14048,12899
14048,12900
14048,12901
14048,12902
14048,12903
14048,12904
14048,12905
14048,12906
14048,12907
14048,12908
14048,12909
14048,12910
14048,12911
14048,12912
14048,12913
14048,12914
14048,12915
14048,12916
14048,12917
14048,12918
14048,12919
14048,12920
14048,12921
14048,12922
14048,12923
14048,12924
14048,12925
14048,12926
14048,12927
14048,12928
14048,12929
14048,12930
14048,12931
14048,12932
14048,12933
14048,12934
14048,12935
14048,12936
14048,12937
14048,12938
14048,12939
14048,12940
14048,12941
14048,12942
14048,12943
14048,12944
14048,12945
14048,12946
14048,12947
14048,12948
14048,12949
14048,12950
14048,12951
14048,12952
14048,12953
14049,12726
14049,12727
14049,12728
14049,12729
14049,12730
14049,12731
14049,12732
14049,12733
14049,12734
14049,12735
14049,12736
14049,12737
14049,12738
14049,12739
14049,12740
14049,12741
14049,12742
14049,12743
14049,12744
14049,12745
14049,12746
14049,12747
14049,12748
14049,12749
14049,12750
14049,12751
14049,12752
14049,12753
14049,12754
14049,12755
14049,12756
14049,12757
14049,12758
14049,12759
14049,12760
14049,12761
14049,12762
14049,12763
14049,12764
14049,12765
14049,12766
14049,12767
14049,12768
14049,12769
14049,12770
14049,12771
14049,12772
14049,12773
14049,12774
14049,12775
14049,12776
14049,12777
14049,12778
14049,12779
14049,12780
14049,12781
14049,12782
14049,12783
14049,12784
14049,12785
14049,12786
14049,12787
14049,12788
14049,12789
14049,12790
14049,12791
14049,12792
14049,12793
14049,12794
14049,12795
14049,12796
14049,12797
14049,12798
14049,12799
14049,12800
14049,12801
14049,12802
14049,12803
14049,12804
14049,12805
14049,12806
14049,12807
14049,12808
14049,12809
14049,12810
14049,12811
14049,12812
14049,12813
14049,12814
14049,12815
14049,12816
14049,12817
14049,12818
14049,12819
14049,12820
14049,12821
14049,12822
14049,12823
14049,12824
14049,12825
14049,12826
14049,12827
14049,12828
14049,12829
14049,12830
14049,12831
14049,12832
14049,12833
14049,12834
14049,12835
14049,12836
14049,12837
14049,12838
14049,12839
14049,12840
14049,12841
14049,12842
14049,12843
14049,12844
14049,12845
14049,12846
14049,12847
14049,12848
14049,12849
14049,12850
14049,12851
14049,12852
14049,12853
14049,12854
14049,12855
14049,12856
14049,12857
14049,12858
14049,12859
14049,12860
14049,12861
14049,12862
14049,12863
14049,12864
14049,12865
14049,12866
14049,12867
14049,12868
14049,12869
14049,12870
14049,12871
14049,12872
14049,12873
14049,12874
14049,12875
14049,12876
14049,12877
14049,12878
14049,12879
14049,12880
14049,12881
14049,12882
14049,12883
14049,12884
14049,12885
14049,12886
14049,12887
14049,12888
14049,12889
14049,12890
14049,12891
14049,12892
14049,12893
14049,12894
14049,12895
14049,12896
14049,12897
14049,12898
14049,12899
14049,12900
14049,12901
14049,12902
14049,12903
14049,12904
14049,12905
14049,12906
14049,12907
14049,12908
14049,12909
14049,12910
14049,12911
14049,12912
14049,12913
14049,12914
14049,12915
14049,12916
14049,12917
14049,12918
14049,12919
14049,12920
14049,12921
14049,12922
14049,12923
14049,12924
14049,12925
14049,12926
14049,12927
14049,12928
14049,12929
14049,12930
14049,12931
14049,12932
14049,12933
14049,12934
14049,12935
14049,12936
14049,12937
14049,12938
14049,12939
14049,12940
14049,12941
14049,12942
14049,12943
14049,12944
14049,12945
14049,12946
14049,12947
14049,12948
14049,12949
14049,12950
14049,12951
14049,12952
14049,12953
14050,12726
14050,12727
14050,12728
14050,12729
14050,12730
14050,12731
14050,12732
14050,12733
14050,12734
14050,12735
14050,12736
14050,12737
14050,12738
14050,12739
14050,12740
14050,12741
14050,12742
14050,12743
14050,12744
14050,12745
14050,12746
14050,12747
14050,12748
14050,12749
14050,12750
14050,12751
14050,12752
14050,12753
14050,12754
14050,12755
14050,12756
14050,12757
14050,12758
14050,12759
14050,12760
14050,12761
14050,12762
14050,12763
14050,12764
14050,12765
14050,12766
14050,12767
14050,12768
14050,12769
14050,12770
14050,12771
14050,12772
14050,12773
14050,12774
14050,12775
14050,12776
14050,12777
14050,12778
14050,12779
14050,12780
14050,12781
14050,12782
14050,12783
14050,12784
14050,12785
14050,12786
14050,12787
14050,12788
14050,12789
14050,12790
14050,12791
14050,12792
14050,12793
14050,12794
14050,12795
14050,12796
14050,12797
14050,12798
14050,12799
14050,12800
14050,12801
14050,12802
14050,12803
14050,12804
14050,12805
14050,12806
14050,12807
14050,12808
14050,12809
14050,12810
14050,12811
14050,12812
14050,12813
14050,12814
14050,12815
14050,12816
14050,12817
14050,12818
14050,12819
14050,12820
14050,12821
14050,12822
14050,12823
14050,12824
14050,12825
14050,12826
14050,12827
14050,12828
14050,12829
14050,12830
14050,12831
14050,12832
14050,12833
14050,12834
14050,12835
14050,12836
14050,12837
14050,12838
14050,12839
14050,12840
14050,12841
14050,12842
14050,12843
14050,12844
14050,12845
14050,12846
14050,12847
14050,12848
14050,12849
14050,12850
14050,12851
14050,12852
14050,12853
14050,12854
14050,12855
14050,12856
14050,12857
14050,12858
14050,12859
14050,12860
14050,12861
14050,12862
14050,12863
14050,12864
14050,12865
14050,12866
14050,12867
14050,12868
14050,12869
14050,12870
14050,12871
14050,12872
14050,12873
14050,12874
14050,12875
14050,12876
14050,12877
14050,12878
14050,12879
14050,12880
14050,12881
14050,12882
14050,12883
14050,12884
14050,12885
14050,12886
14050,12887
14050,12888
14050,12889
14050,12890
14050,12891
14050,12892
14050,12893
14050,12894
14050,12895
14050,12896
14050,12897
14050,12898
14050,12899
14050,12900
14050,12901
14050,12902
14050,12903
14050,12904
14050,12905
14050,12906
14050,12907
14050,12908
14050,12909
14050,12910
14050,12911
14050,12912
14050,12913
14050,12914
14050,12915
14050,12916
14050,12917
14050,12918
14050,12919
14050,12920
14050,12921
14050,12922
14050,12923
14050,12924
14050,12925
14050,12926
14050,12927
14050,12928
14050,12929
14050,12930
14050,12931
14050,12932
14050,12933
14050,12934
14050,12935
14050,12936
14050,12937
14050,12938
14050,12939
14050,12940
14050,12941
14050,12942
14050,12943
14050,12944
14050,12945
14050,12946
14050,12947
14050,12948
14050,12949
14050,12950
14050,12951
14050,12952
14051,12727
14051,12728
14051,12729
14051,12730
14051,12731
14051,12732
14051,12733
14051,12734
14051,12735
14051,12736
14051,12737
14051,12738
14051,12739
14051,12740
14051,12741
14051,12742
14051,12743
14051,12744
14051,12745
14051,12746
14051,12747
14051,12748
14051,12749
14051,12750
14051,12751
14051,12752
14051,12753
14051,12754
14051,12755
14051,12756
14051,12757
14051,12758
14051,12759
14051,12760
14051,12761
14051,12762
14051,12763
14051,12764
14051,12765
14051,12766
14051,12767
14051,12768
14051,12769
14051,12770
14051,12771
14051,12772
14051,12773
14051,12774
14051,12775
14051,12776
14051,12777
14051,12778
14051,12779
14051,12780
14051,12781
14051,12782
14051,12783
14051,12784
14051,12785
14051,12786
14051,12787
14051,12788
14051,12789
14051,12790
14051,12791
14051,12792
14051,12793
14051,12794
14051,12795
14051,12796
14051,12797
14051,12798
14051,12799
14051,12800
14051,12801
14051,12802
14051,12803
14051,12804
14051,12805
14051,12806
14051,12807
14051,12808
14051,12809
14051,12810
14051,12811
14051,12812
14051,12813
14051,12814
14051,12815
14051,12816
14051,12817
14051,12818
14051,12819
14051,12820
14051,12821
14051,12822
14051,12823
14051,12824
14051,12825
14051,12826
14051,12827
14051,12828
14051,12829
14051,12830
14051,12831
14051,12832
14051,12833
14051,12834
14051,12835
14051,12836
14051,12837
14051,12838
14051,12839
14051,12840
14051,12841
14051,12842
14051,12843
14051,12844
14051,12845
14051,12846
14051,12847
14051,12848
14051,12849
14051,12850
14051,12851
14051,12852
14051,12853
14051,12854
14051,12855
14051,12856
14051,12857
14051,12858
14051,12859
14051,12860
14051,12861
14051,12862
14051,12863
14051,12864
14051,12865
14051,12866
14051,12867
14051,12868
14051,12869
14051,12870
14051,12871
14051,12872
14051,12873
14051,12874
14051,12875
14051,12876
14051,12877
14051,12878
14051,12879
14051,12880
14051,12881
14051,12882
14051,12883
14051,12884
14051,12885
14051,12886
14051,12887
14051,12888
14051,12889
14051,12890
14051,12891
14051,12892
14051,12893
14051,12894
14051,12895
14051,12896
14051,12897
14051,12898
14051,12899
14051,12900
14051,12901
14051,12902
14051,12903
14051,12904
14051,12905
14051,12906
14051,12907
14051,12908
14051,12909
14051,12910
14051,12911
14051,12912
14051,12913
14051,12914
14051,12915
14051,12916
14051,12917
14051,12918
14051,12919
14051,12920
14051,12921
14051,12922
14051,12923
14051,12924
14051,12925
14051,12926
14051,12927
14051,12928
14051,12929
14051,12930
14051,12931
14051,12932
14051,12933
14051,12934
14051,12935
14051,12936
14051,12937
14051,12938
14051,12939
14051,12940
14051,12941
14051,12942
14051,12943
14051,12944
14051,12945
14051,12946
14051,12947
14051,12948
14051,12949
14051,12950
14051,12951
14051,12952
14051,12953
14052,12728
14052,12729
14052,12730
14052,12731
14052,12732
14052,12733
14052,12734
14052,12735
14052,12736
14052,12737
14052,12738
14052,12739
14052,12740
14052,12741
14052,12742
14052,12743
14052,12744
14052,12745
14052,12746
14052,12747
14052,12748
14052,12749
14052,12750
14052,12751
14052,12752
14052,12753
14052,12754
14052,12755
14052,12756
14052,12757
14052,12758
14052,12759
14052,12760
14052,12761
14052,12762
14052,12763
14052,12764
14052,12765
14052,12766
14052,12767
14052,12768
14052,12769
14052,12770
14052,12771
14052,12772
14052,12773
14052,12774
14052,12775
14052,12776
14052,12777
14052,12778
14052,12779
14052,12780
14052,12781
14052,12782
14052,12783
14052,12784
14052,12785
14052,12786
14052,12787
14052,12788
14052,12789
14052,12790
14052,12791
14052,12792
14052,12793
14052,12794
14052,12795
14052,12796
14052,12797
14052,12798
14052,12799
14052,12800
14052,12801
14052,12802
14052,12803
14052,12804
14052,12805
14052,12806
14052,12807
14052,12808
14052,12809
14052,12810
14052,12811
14052,12812
14052,12813
14052,12814
14052,12815
14052,12816
14052,12817
14052,12818
14052,12819
14052,12820
14052,12821
14052,12822
14052,12823
14052,12824
14052,12825
14052,12826
14052,12827
14052,12828
14052,12829
14052,12830
14052,12831
14052,12832
14052,12833
14052,12834
14052,12835
14052,12836
14052,12837
14052,12838
14052,12839
14052,12840
14052,12841
14052,12842
14052,12843
14052,12844
14052,12845
14052,12846
14052,12847
14052,12848
14052,12849
14052,12850
14052,12851
14052,12852
14052,12853
14052,12854
14052,12855
14052,12856
14052,12857
14052,12858
14052,12859
14052,12860
14052,12861
14052,12862
14052,12863
14052,12864
14052,12865
14052,12866
14052,12867
14052,12868
14052,12869
14052,12870
14052,12871
14052,12872
14052,12873
14052,12874
14052,12875
14052,12876
14052,12877
14052,12878
14052,12879
14052,12880
14052,12881
14052,12882
14052,12883
14052,12884
14052,12885
14052,12886
14052,12887
14052,12888
14052,12889
14052,12890
14052,12891
14052,12892
14052,12893
14052,12894
14052,12895
14052,12896
14052,12897
14052,12898
14052,12899
14052,12900
14052,12901
14052,12902
14052,12903
14052,12904
14052,12905
14052,12906
14052,12907
14052,12908
14052,12909
14052,12910
14052,12911
14052,12912
14052,12913
14052,12914
14052,12915
14052,12916
14052,12917
14052,12918
14052,12919
14052,12920
14052,12921
14052,12922
14052,12923
14052,12924
14052,12925
14052,12926
14052,12927
14052,12928
14052,12929
14052,12930
14052,12931
14052,12932
14052,12933
14052,12934
14052,12935
14052,12936
14052,12937
14052,12938
14052,12939
14052,12940
14052,12941
14052,12942
14052,12943
14052,12944
14052,12945
14052,12946
14052,12947
14052,12948
14052,12949
14052,12950
14052,12951
14052,12952
14052,12953
14053,12728
14053,12729
14053,12730
14053,12731
14053,12732
14053,12733
14053,12734
14053,12735
14053,12736
14053,12737
14053,12738
14053,12739
14053,12740
14053,12741
14053,12742
14053,12743
14053,12744
14053,12745
14053,12746
14053,12747
14053,12748
14053,12749
14053,12750
14053,12751
14053,12752
14053,12753
14053,12754
14053,12755
14053,12756
14053,12757
14053,12758
14053,12759
14053,12760
14053,12761
14053,12762
14053,12763
14053,12764
14053,12765
14053,12766
14053,12767
14053,12768
14053,12769
14053,12770
14053,12771
14053,12772
14053,12773
14053,12774
14053,12775
14053,12776
14053,12777
14053,12778
14053,12779
14053,12780
14053,12781
14053,12782
14053,12783
14053,12784
14053,12785
14053,12786
14053,12787
14053,12788
14053,12789
14053,12790
14053,12791
14053,12792
14053,12793
14053,12794
14053,12795
14053,12796
14053,12797
14053,12798
14053,12799
14053,12800
14053,12801
14053,12802
14053,12803
14053,12804
14053,12805
14053,12806
14053,12807
14053,12808
14053,12809
14053,12810
14053,12811
14053,12812
14053,12813
14053,12814
14053,12815
14053,12816
14053,12817
14053,12818
14053,12819
14053,12820
14053,12821
14053,12822
14053,12823
14053,12824
14053,12825
14053,12826
14053,12827
14053,12828
14053,12829
14053,12830
14053,12831
14053,12832
14053,12833
14053,12834
14053,12835
14053,12836
14053,12837
14053,12838
14053,12839
14053,12840
14053,12841
14053,12842
14053,12843
14053,12844
14053,12845
14053,12846
14053,12847
14053,12848
14053,12849
14053,12850
14053,12851
14053,12852
14053,12853
14053,12854
14053,12855
14053,12856
14053,12857
14053,12858
14053,12859
14053,12860
14053,12861
14053,12862
14053,12863
14053,12864
14053,12865
14053,12866
14053,12867
14053,12868
14053,12869
14053,12870
14053,12871
14053,12872
14053,12873
14053,12874
14053,12875
14053,12876
14053,12877
14053,12878
14053,12879
14053,12880
14053,12881
14053,12882
14053,12883
14053,12884
14053,12885
14053,12886
14053,12887
14053,12888
14053,12889
14053,12890
14053,12891
14053,12892
14053,12893
14053,12894
14053,12895
14053,12896
14053,12897
14053,12898
14053,12899
14053,12900
14053,12901
14053,12902
14053,12903
14053,12904
14053,12905
14053,12906
14053,12907
14053,12908
14053,12909
14053,12910
14053,12911
14053,12912
14053,12913
14053,12914
14053,12915
14053,12916
14053,12917
14053,12918
14053,12919
14053,12920
14053,12921
14053,12922
14053,12923
14053,12924
14053,12925
14053,12926
14053,12927
14053,12928
14053,12929
14053,12930
14053,12931
14053,12932
14053,12933
14053,12934
14053,12935
14053,12936
14053,12937
14053,12938
14053,12939
14053,12940
14053,12941
14053,12942
14053,12943
14053,12944
14053,12945
14053,12946
14053,12947
14053,12948
14053,12949
14053,12950
14053,12951
14053,12952
14053,12953
14054,12728
14054,12729
14054,12730
14054,12731
14054,12732
14054,12733
14054,12734
14054,12735
14054,12736
14054,12737
14054,12738
14054,12739
14054,12740
14054,12741
14054,12742
14054,12743
14054,12744
14054,12745
14054,12746
14054,12747
14054,12748
14054,12749
14054,12750
14054,12751
14054,12752
14054,12753
14054,12754
14054,12755
14054,12756
14054,12757
14054,12758
14054,12759
14054,12760
14054,12761
14054,12762
14054,12763
14054,12764
14054,12765
14054,12766
14054,12767
14054,12768
14054,12769
14054,12770
14054,12771
14054,12772
14054,12773
14054,12774
14054,12775
14054,12776
14054,12777
14054,12778
14054,12779
14054,12780
14054,12781
14054,12782
14054,12783
14054,12784
14054,12785
14054,12786
14054,12787
14054,12788
14054,12789
14054,12790
14054,12791
14054,12792
14054,12793
14054,12794
14054,12795
14054,12796
14054,12797
14054,12798
14054,12799
14054,12800
14054,12801
14054,12802
14054,12803
14054,12804
14054,12805
14054,12806
14054,12807
14054,12808
14054,12809
14054,12810
14054,12811
14054,12812
14054,12813
14054,12814
14054,12815
14054,12816
14054,12817
14054,12818
14054,12819
14054,12820
14054,12821
14054,12822
14054,12823
14054,12824
14054,12825
14054,12826
14054,12827
14054,12828
14054,12829
14054,12830
14054,12831
14054,12832
14054,12833
14054,12834
14054,12835
14054,12836
14054,12837
14054,12838
14054,12839
14054,12840
14054,12841
14054,12842
14054,12843
14054,12844
14054,12845
14054,12846
14054,12847
14054,12848
14054,12849
14054,12850
14054,12851
14054,12852
14054,12853
14054,12854
14054,12855
14054,12856
14054,12857
14054,12858
14054,12859
14054,12860
14054,12861
14054,12862
14054,12863
14054,12864
14054,12865
14054,12866
14054,12867
14054,12868
14054,12869
14054,12870
14054,12871
14054,12872
14054,12873
14054,12874
14054,12875
14054,12876
14054,12877
14054,12878
14054,12879
14054,12880
14054,12881
14054,12882
14054,12883
14054,12884
14054,12885
14054,12886
14054,12887
14054,12888
14054,12889
14054,12890
14054,12891
14054,12892
14054,12893
14054,12894
14054,12895
14054,12896
14054,12897
14054,12898
14054,12899
14054,12900
14054,12901
14054,12902
14054,12903
14054,12904
14054,12905
14054,12906
14054,12907
14054,12908
14054,12909
14054,12910
14054,12911
14054,12912
14054,12913
14054,12914
14054,12915
14054,12916
14054,12917
14054,12918
14054,12919
14054,12920
14054,12921
14054,12922
14054,12923
14054,12924
14054,12925
14054,12926
14054,12927
14054,12928
14054,12929
14054,12930
14054,12931
14054,12932
14054,12933
14054,12934
14054,12935
14054,12936
14054,12937
14054,12938
14054,12939
14054,12940
14054,12941
14054,12942
14054,12943
14054,12944
14054,12945
14054,12946
14054,12947
14054,12948
14054,12949
14054,12950
14054,12951
14054,12952
14054,12953
14054,12954
14055,12728
14055,12729
14055,12730
14055,12731
14055,12732
14055,12733
14055,12734
14055,12735
14055,12736
14055,12737
14055,12738
14055,12739
14055,12740
14055,12741
14055,12742
14055,12743
14055,12744
14055,12745
14055,12746
14055,12747
14055,12748
14055,12749
14055,12750
14055,12751
14055,12752
14055,12753
14055,12754
14055,12755
14055,12756
14055,12757
14055,12758
14055,12759
14055,12760
14055,12761
14055,12762
14055,12763
14055,12764
14055,12765
14055,12766
14055,12767
14055,12768
14055,12769
14055,12770
14055,12771
14055,12772
14055,12773
14055,12774
14055,12775
14055,12776
14055,12777
14055,12778
14055,12779
14055,12780
14055,12781
14055,12782
14055,12783
14055,12784
14055,12785
14055,12786
14055,12787
14055,12788
14055,12789
14055,12790
14055,12791
14055,12792
14055,12793
14055,12794
14055,12795
14055,12796
14055,12797
14055,12798
14055,12799
14055,12800
14055,12801
14055,12802
14055,12803
14055,12804
14055,12805
14055,12806
14055,12807
14055,12808
14055,12809
14055,12810
14055,12811
14055,12812
14055,12813
14055,12814
14055,12815
14055,12816
14055,12817
14055,12818
14055,12819
14055,12820
14055,12821
14055,12822
14055,12823
14055,12824
14055,12825
14055,12826
14055,12827
14055,12828
14055,12829
14055,12830
14055,12831
14055,12832
14055,12833
14055,12834
14055,12835
14055,12836
14055,12837
14055,12838
14055,12839
14055,12840
14055,12841
14055,12842
14055,12843
14055,12844
14055,12845
14055,12846
14055,12847
14055,12848
14055,12849
14055,12850
14055,12851
14055,12852
14055,12853
14055,12854
14055,12855
14055,12856
14055,12857
14055,12858
14055,12859
14055,12860
14055,12861
14055,12862
14055,12863
14055,12864
14055,12865
14055,12866
14055,12867
14055,12868
14055,12869
14055,12870
14055,12871
14055,12872
14055,12873
14055,12874
14055,12875
14055,12876
14055,12877
14055,12878
14055,12879
14055,12880
14055,12881
14055,12882
14055,12883
14055,12884
14055,12885
14055,12886
14055,12887
14055,12888
14055,12889
14055,12890
14055,12891
14055,12892
14055,12893
14055,12894
14055,12895
14055,12896
14055,12897
14055,12898
14055,12899
14055,12900
14055,12901
14055,12902
14055,12903
14055,12904
14055,12905
14055,12906
14055,12907
14055,12908
14055,12909
14055,12910
14055,12911
14055,12912
14055,12913
14055,12914
14055,12915
14055,12916
14055,12917
14055,12918
14055,12919
14055,12920
14055,12921
14055,12922
14055,12923
14055,12924
14055,12925
14055,12926
14055,12927
14055,12928
14055,12929
14055,12930
14055,12931
14055,12932
14055,12933
14055,12934
14055,12935
14055,12936
14055,12937
14055,12938
14055,12939
14055,12940
14055,12941
14055,12942
14055,12943
14055,12944
14055,12945
14055,12946
14055,12947
14055,12948
14055,12949
14055,12950
14055,12951
14055,12952
14055,12953
14055,12954
14056,12728
14056,12729
14056,12730
14056,12731
14056,12732
14056,12733
14056,12734
14056,12735
14056,12736
14056,12737
14056,12738
14056,12739
14056,12740
14056,12741
14056,12742
14056,12743
14056,12744
14056,12745
14056,12746
14056,12747
14056,12748
14056,12749
14056,12750
14056,12751
14056,12752
14056,12753
14056,12754
14056,12755
14056,12756
14056,12757
14056,12758
14056,12759
14056,12760
14056,12761
14056,12762
14056,12763
14056,12764
14056,12765
14056,12766
14056,12767
14056,12768
14056,12769
14056,12770
14056,12771
14056,12772
14056,12773
14056,12774
14056,12775
14056,12776
14056,12777
14056,12778
14056,12779
14056,12780
14056,12781
14056,12782
14056,12783
14056,12784
14056,12785
14056,12786
14056,12787
14056,12788
14056,12789
14056,12790
14056,12791
14056,12792
14056,12793
14056,12794
14056,12795
14056,12796
14056,12797
14056,12798
14056,12799
14056,12800
14056,12801
14056,12802
14056,12803
14056,12804
14056,12805
14056,12806
14056,12807
14056,12808
14056,12809
14056,12810
14056,12811
14056,12812
14056,12813
14056,12814
14056,12815
14056,12816
14056,12817
14056,12818
14056,12819
14056,12820
14056,12821
14056,12822
14056,12823
14056,12824
14056,12825
14056,12826
14056,12827
14056,12828
14056,12829
14056,12830
14056,12831
14056,12832
14056,12833
14056,12834
14056,12835
14056,12836
14056,12837
14056,12838
14056,12839
14056,12840
14056,12841
14056,12842
14056,12843
14056,12844
14056,12845
14056,12846
14056,12847
14056,12848
14056,12849
14056,12850
14056,12851
14056,12852
14056,12853
14056,12854
14056,12855
14056,12856
14056,12857
14056,12858
14056,12859
14056,12860
14056,12861
14056,12862
14056,12863
14056,12864
14056,12865
14056,12866
14056,12867
14056,12868
14056,12869
14056,12870
14056,12871
14056,12872
14056,12873
14056,12874
14056,12875
14056,12876
14056,12877
14056,12878
14056,12879
14056,12880
14056,12881
14056,12882
14056,12883
14056,12884
14056,12885
14056,12886
14056,12887
14056,12888
14056,12889
14056,12890
14056,12891
14056,12892
14056,12893
14056,12894
14056,12895
14056,12896
14056,12897
14056,12898
14056,12899
14056,12900
14056,12901
14056,12902
14056,12903
14056,12904
14056,12905
14056,12906
14056,12907
14056,12908
14056,12909
14056,12910
14056,12911
14056,12912
14056,12913
14056,12914
14056,12915
14056,12916
14056,12917
14056,12918
14056,12919
14056,12920
14056,12921
14056,12922
14056,12923
14056,12924
14056,12925
14056,12926
14056,12927
14056,12928
14056,12929
14056,12930
14056,12931
14056,12932
14056,12933
14056,12934
14056,12935
14056,12936
14056,12937
14056,12938
14056,12939
14056,12940
14056,12941
14056,12942
14056,12943
14056,12944
14056,12945
14056,12946
14056,12947
14056,12948
14056,12949
14056,12950
14056,12951
14056,12952
14056,12953
14056,12954
14056,12955
14056,12956
14057,12728
14057,12729
14057,12730
14057,12731
14057,12732
14057,12733
14057,12734
14057,12735
14057,12736
14057,12737
14057,12738
14057,12739
14057,12740
14057,12741
14057,12742
14057,12743
14057,12744
14057,12745
14057,12746
14057,12747
14057,12748
14057,12749
14057,12750
14057,12751
14057,12752
14057,12753
14057,12754
14057,12755
14057,12756
14057,12757
14057,12758
14057,12759
14057,12760
14057,12761
14057,12762
14057,12763
14057,12764
14057,12765
14057,12766
14057,12767
14057,12768
14057,12769
14057,12770
14057,12771
14057,12772
14057,12773
14057,12774
14057,12775
14057,12776
14057,12777
14057,12778
14057,12779
14057,12780
14057,12781
14057,12782
14057,12783
14057,12784
14057,12785
14057,12786
14057,12787
14057,12788
14057,12789
14057,12790
14057,12791
14057,12792
14057,12793
14057,12794
14057,12795
14057,12796
14057,12797
14057,12798
14057,12799
14057,12800
14057,12801
14057,12802
14057,12803
14057,12804
14057,12805
14057,12806
14057,12807
14057,12808
14057,12809
14057,12810
14057,12811
14057,12812
14057,12813
14057,12814
14057,12815
14057,12816
14057,12817
14057,12818
14057,12819
14057,12820
14057,12821
14057,12822
14057,12823
14057,12824
14057,12825
14057,12826
14057,12827
14057,12828
14057,12829
14057,12830
14057,12831
14057,12832
14057,12833
14057,12834
14057,12835
14057,12836
14057,12837
14057,12838
14057,12839
14057,12840
14057,12841
14057,12842
14057,12843
14057,12844
14057,12845
14057,12846
14057,12847
14057,12848
14057,12849
14057,12850
14057,12851
14057,12852
14057,12853
14057,12854
14057,12855
14057,12856
14057,12857
14057,12858
14057,12859
14057,12860
14057,12861
14057,12862
14057,12863
14057,12864
14057,12865
14057,12866
14057,12867
14057,12868
14057,12869
14057,12870
14057,12871
14057,12872
14057,12873
14057,12874
14057,12875
14057,12876
14057,12877
14057,12878
14057,12879
14057,12880
14057,12881
14057,12882
14057,12883
14057,12884
14057,12885
14057,12886
14057,12887
14057,12888
14057,12889
14057,12890
14057,12891
14057,12892
14057,12893
14057,12894
14057,12895
14057,12896
14057,12897
14057,12898
14057,12899
14057,12900
14057,12901
14057,12902
14057,12903
14057,12904
14057,12905
14057,12906
14057,12907
14057,12908
14057,12909
14057,12910
14057,12911
14057,12912
14057,12913
14057,12914
14057,12915
14057,12916
14057,12917
14057,12918
14057,12919
14057,12920
14057,12921
14057,12922
14057,12923
14057,12924
14057,12925
14057,12926
14057,12927
14057,12928
14057,12929
14057,12930
14057,12931
14057,12932
14057,12933
14057,12934
14057,12935
14057,12936
14057,12937
14057,12938
14057,12939
14057,12940
14057,12941
14057,12942
14057,12943
14057,12944
14057,12945
14057,12946
14057,12947
14057,12948
14057,12949
14057,12950
14057,12951
14057,12952
14057,12953
14057,12954
14057,12955
14057,12956
14057,12957
14058,12727
14058,12728
14058,12729
14058,12730
14058,12731
14058,12732
14058,12733
14058,12734
14058,12735
14058,12736
14058,12737
14058,12738
14058,12739
14058,12740
14058,12741
14058,12742
14058,12743
14058,12744
14058,12745
14058,12746
14058,12747
14058,12748
14058,12749
14058,12750
14058,12751
14058,12752
14058,12753
14058,12754
14058,12755
14058,12756
14058,12757
14058,12758
14058,12759
14058,12760
14058,12761
14058,12762
14058,12763
14058,12764
14058,12765
14058,12766
14058,12767
14058,12768
14058,12769
14058,12770
14058,12771
14058,12772
14058,12773
14058,12774
14058,12775
14058,12776
14058,12777
14058,12778
14058,12779
14058,12780
14058,12781
14058,12782
14058,12783
14058,12784
14058,12785
14058,12786
14058,12787
14058,12788
14058,12789
14058,12790
14058,12791
14058,12792
14058,12793
14058,12794
14058,12795
14058,12796
14058,12797
14058,12798
14058,12799
14058,12800
14058,12801
14058,12802
14058,12803
14058,12804
14058,12805
14058,12806
14058,12807
14058,12808
14058,12809
14058,12810
14058,12811
14058,12812
14058,12813
14058,12814
14058,12815
14058,12816
14058,12817
14058,12818
14058,12819
14058,12820
14058,12821
14058,12822
14058,12823
14058,12824
14058,12825
14058,12826
14058,12827
14058,12828
14058,12829
14058,12830
14058,12831
14058,12832
14058,12833
14058,12834
14058,12835
14058,12836
14058,12837
14058,12838
14058,12839
14058,12840
14058,12841
14058,12842
14058,12843
14058,12844
14058,12845
14058,12846
14058,12847
14058,12848
14058,12849
14058,12850
14058,12851
14058,12852
14058,12853
14058,12854
14058,12855
14058,12856
14058,12857
14058,12858
14058,12859
14058,12860
14058,12861
14058,12862
14058,12863
14058,12864
14058,12865
14058,12866
14058,12867
14058,12868
14058,12869
14058,12870
14058,12871
14058,12872
14058,12873
14058,12874
14058,12875
14058,12876
14058,12877
14058,12878
14058,12879
14058,12880
14058,12881
14058,12882
14058,12883
14058,12884
14058,12885
14058,12886
14058,12887
14058,12888
14058,12889
14058,12890
14058,12891
14058,12892
14058,12893
14058,12894
14058,12895
14058,12896
14058,12897
14058,12898
14058,12899
14058,12900
14058,12901
14058,12902
14058,12903
14058,12904
14058,12905
14058,12906
14058,12907
14058,12908
14058,12909
14058,12910
14058,12911
14058,12912
14058,12913
14058,12914
14058,12915
14058,12916
14058,12917
14058,12918
14058,12919
14058,12920
14058,12921
14058,12922
14058,12923
14058,12924
14058,12925
14058,12926
14058,12927
14058,12928
14058,12929
14058,12930
14058,12931
14058,12932
14058,12933
14058,12934
14058,12935
14058,12936
14058,12937
14058,12938
14058,12939
14058,12940
14058,12941
14058,12942
14058,12943
14058,12944
14058,12945
14058,12946
14058,12947
14058,12948
14058,12949
14058,12950
14058,12951
14058,12952
14058,12953
14058,12954
14058,12955
14058,12956
14058,12957
14058,12958
14059,12728
14059,12729
14059,12730
14059,12731
14059,12732
14059,12733
14059,12734
14059,12735
14059,12736
14059,12737
14059,12738
14059,12739
14059,12740
14059,12741
14059,12742
14059,12743
14059,12744
14059,12745
14059,12746
14059,12747
14059,12748
14059,12749
14059,12750
14059,12751
14059,12752
14059,12753
14059,12754
14059,12755
14059,12756
14059,12757
14059,12758
14059,12759
14059,12760
14059,12761
14059,12762
14059,12763
14059,12764
14059,12765
14059,12766
14059,12767
14059,12768
14059,12769
14059,12770
14059,12771
14059,12772
14059,12773
14059,12774
14059,12775
14059,12776
14059,12777
14059,12778
14059,12779
14059,12780
14059,12781
14059,12782
14059,12783
14059,12784
14059,12785
14059,12786
14059,12787
14059,12788
14059,12789
14059,12790
14059,12791
14059,12792
14059,12793
14059,12794
14059,12795
14059,12796
14059,12797
14059,12798
14059,12799
14059,12800
14059,12801
14059,12802
14059,12803
14059,12804
14059,12805
14059,12806
14059,12807
14059,12808
14059,12809
14059,12810
14059,12811
14059,12812
14059,12813
14059,12814
14059,12815
14059,12816
14059,12817
14059,12818
14059,12819
14059,12820
14059,12821
14059,12822
14059,12823
14059,12824
14059,12825
14059,12826
14059,12827
14059,12828
14059,12829
14059,12830
14059,12831
14059,12832
14059,12833
14059,12834
14059,12835
14059,12836
14059,12837
14059,12838
14059,12839
14059,12840
14059,12841
14059,12842
14059,12843
14059,12844
14059,12845
14059,12846
14059,12847
14059,12848
14059,12849
14059,12850
14059,12851
14059,12852
14059,12853
14059,12854
14059,12855
14059,12856
14059,12857
14059,12858
14059,12859
14059,12860
14059,12861
14059,12862
14059,12863
14059,12864
14059,12865
14059,12866
14059,12867
14059,12868
14059,12869
14059,12870
14059,12871
14059,12872
14059,12873
14059,12874
14059,12875
14059,12876
14059,12877
14059,12878
14059,12879
14059,12880
14059,12881
14059,12882
14059,12883
14059,12884
14059,12885
14059,12886
14059,12887
14059,12888
14059,12889
14059,12890
14059,12891
14059,12892
14059,12893
14059,12894
14059,12895
14059,12896
14059,12897
14059,12898
14059,12899
14059,12900
14059,12901
14059,12902
14059,12903
14059,12904
14059,12905
14059,12906
14059,12907
14059,12908
14059,12909
14059,12910
14059,12911
14059,12912
14059,12913
14059,12914
14059,12915
14059,12916
14059,12917
14059,12918
14059,12919
14059,12920
14059,12921
14059,12922
14059,12923
14059,12924
14059,12925
14059,12926
14059,12927
14059,12928
14059,12929
14059,12930
14059,12931
14059,12932
14059,12933
14059,12934
14059,12935
14059,12936
14059,12937
14059,12938
14059,12939
14059,12940
14059,12941
14059,12942
14059,12943
14059,12944
14059,12945
14059,12946
14059,12947
14059,12948
14059,12949
14059,12950
14059,12951
14059,12952
14059,12953
14059,12954
14059,12955
14059,12956
14059,12957
14059,12958
14060,12728
14060,12729
14060,12730
14060,12731
14060,12732
14060,12733
14060,12734
14060,12735
14060,12736
14060,12737
14060,12738
14060,12739
14060,12740
14060,12741
14060,12742
14060,12743
14060,12744
14060,12745
14060,12746
14060,12747
14060,12748
14060,12749
14060,12750
14060,12751
14060,12752
14060,12753
14060,12754
14060,12755
14060,12756
14060,12757
14060,12758
14060,12759
14060,12760
14060,12761
14060,12762
14060,12763
14060,12764
14060,12765
14060,12766
14060,12767
14060,12768
14060,12769
14060,12770
14060,12771
14060,12772
14060,12773
14060,12774
14060,12775
14060,12776
14060,12777
14060,12778
14060,12779
14060,12780
14060,12781
14060,12782
14060,12783
14060,12784
14060,12785
14060,12786
14060,12787
14060,12788
14060,12789
14060,12790
14060,12791
14060,12792
14060,12793
14060,12794
14060,12795
14060,12796
14060,12797
14060,12798
14060,12799
14060,12800
14060,12801
14060,12802
14060,12803
14060,12804
14060,12805
14060,12806
14060,12807
14060,12808
14060,12809
14060,12810
14060,12811
14060,12812
14060,12813
14060,12814
14060,12815
14060,12816
14060,12817
14060,12818
14060,12819
14060,12820
14060,12821
14060,12822
14060,12823
14060,12824
14060,12825
14060,12826
14060,12827
14060,12828
14060,12829
14060,12830
14060,12831
14060,12832
14060,12833
14060,12834
14060,12835
14060,12836
14060,12837
14060,12838
14060,12839
14060,12840
14060,12841
14060,12842
14060,12843
14060,12844
14060,12845
14060,12846
14060,12847
14060,12848
14060,12849
14060,12850
14060,12851
14060,12852
14060,12853
14060,12854
14060,12855
14060,12856
14060,12857
14060,12858
14060,12859
14060,12860
14060,12861
14060,12862
14060,12863
14060,12864
14060,12865
14060,12866
14060,12867
14060,12868
14060,12869
14060,12870
14060,12871
14060,12872
14060,12873
14060,12874
14060,12875
14060,12876
14060,12877
14060,12878
14060,12879
14060,12880
14060,12881
14060,12882
14060,12883
14060,12884
14060,12885
14060,12886
14060,12887
14060,12888
14060,12889
14060,12890
14060,12891
14060,12892
14060,12893
14060,12894
14060,12895
14060,12896
14060,12897
14060,12898
14060,12899
14060,12900
14060,12901
14060,12902
14060,12903
14060,12904
14060,12905
14060,12906
14060,12907
14060,12908
14060,12909
14060,12910
14060,12911
14060,12912
14060,12913
14060,12914
14060,12915
14060,12916
14060,12917
14060,12918
14060,12919
14060,12920
14060,12921
14060,12922
14060,12923
14060,12924
14060,12925
14060,12926
14060,12927
14060,12928
14060,12929
14060,12930
14060,12931
14060,12932
14060,12933
14060,12934
14060,12935
14060,12936
14060,12937
14060,12938
14060,12939
14060,12940
14060,12941
14060,12942
14060,12943
14060,12944
14060,12945
14060,12946
14060,12947
14060,12948
14060,12949
14060,12950
14060,12951
14060,12952
14060,12953
14060,12954
14060,12955
14060,12956
14060,12957
14060,12958
14060,12959
14061,12728
14061,12729
14061,12730
14061,12731
14061,12732
14061,12733
14061,12734
14061,12735
14061,12736
14061,12737
14061,12738
14061,12739
14061,12740
14061,12741
14061,12742
14061,12743
14061,12744
14061,12745
14061,12746
14061,12747
14061,12748
14061,12749
14061,12750
14061,12751
14061,12752
14061,12753
14061,12754
14061,12755
14061,12756
14061,12757
14061,12758
14061,12759
14061,12760
14061,12761
14061,12762
14061,12763
14061,12764
14061,12765
14061,12766
14061,12767
14061,12768
14061,12769
14061,12770
14061,12771
14061,12772
14061,12773
14061,12774
14061,12775
14061,12776
14061,12777
14061,12778
14061,12779
14061,12780
14061,12781
14061,12782
14061,12783
14061,12784
14061,12785
14061,12786
14061,12787
14061,12788
14061,12789
14061,12790
14061,12791
14061,12792
14061,12793
14061,12794
14061,12795
14061,12796
14061,12797
14061,12798
14061,12799
14061,12800
14061,12801
14061,12802
14061,12803
14061,12804
14061,12805
14061,12806
14061,12807
14061,12808
14061,12809
14061,12810
14061,12811
14061,12812
14061,12813
14061,12814
14061,12815
14061,12816
14061,12817
14061,12818
14061,12819
14061,12820
14061,12821
14061,12822
14061,12823
14061,12824
14061,12825
14061,12826
14061,12827
14061,12828
14061,12829
14061,12830
14061,12831
14061,12832
14061,12833
14061,12834
14061,12835
14061,12836
14061,12837
14061,12838
14061,12839
14061,12840
14061,12841
14061,12842
14061,12843
14061,12844
14061,12845
14061,12846
14061,12847
14061,12848
14061,12849
14061,12850
14061,12851
14061,12852
14061,12853
14061,12854
14061,12855
14061,12856
14061,12857
14061,12858
14061,12859
14061,12860
14061,12861
14061,12862
14061,12863
14061,12864
14061,12865
14061,12866
14061,12867
14061,12868
14061,12869
14061,12870
14061,12871
14061,12872
14061,12873
14061,12874
14061,12875
14061,12876
14061,12877
14061,12878
14061,12879
14061,12880
14061,12881
14061,12882
14061,12883
14061,12884
14061,12885
14061,12886
14061,12887
14061,12888
14061,12889
14061,12890
14061,12891
14061,12892
14061,12893
14061,12894
14061,12895
14061,12896
14061,12897
14061,12898
14061,12899
14061,12900
14061,12901
14061,12902
14061,12903
14061,12904
14061,12905
14061,12906
14061,12907
14061,12908
14061,12909
14061,12910
14061,12911
14061,12912
14061,12913
14061,12914
14061,12915
14061,12916
14061,12917
14061,12918
14061,12919
14061,12920
14061,12921
14061,12922
14061,12923
14061,12924
14061,12925
14061,12926
14061,12927
14061,12928
14061,12929
14061,12930
14061,12931
14061,12932
14061,12933
14061,12934
14061,12935
14061,12936
14061,12937
14061,12938
14061,12939
14061,12940
14061,12941
14061,12942
14061,12943
14061,12944
14061,12945
14061,12946
14061,12947
14061,12948
14061,12949
14061,12950
14061,12951
14061,12952
14061,12953
14061,12954
14061,12955
14061,12956
14061,12957
14061,12958
14061,12959
14061,12960
14062,12727
14062,12728
14062,12729
14062,12730
14062,12731
14062,12732
14062,12733
14062,12734
14062,12735
14062,12736
14062,12737
14062,12738
14062,12739
14062,12740
14062,12741
14062,12742
14062,12743
14062,12744
14062,12745
14062,12746
14062,12747
14062,12748
14062,12749
14062,12750
14062,12751
14062,12752
14062,12753
14062,12754
14062,12755
14062,12756
14062,12757
14062,12758
14062,12759
14062,12760
14062,12761
14062,12762
14062,12763
14062,12764
14062,12765
14062,12766
14062,12767
14062,12768
14062,12769
14062,12770
14062,12771
14062,12772
14062,12773
14062,12774
14062,12775
14062,12776
14062,12777
14062,12778
14062,12779
14062,12780
14062,12781
14062,12782
14062,12783
14062,12784
14062,12785
14062,12786
14062,12787
14062,12788
14062,12789
14062,12790
14062,12791
14062,12792
14062,12793
14062,12794
14062,12795
14062,12796
14062,12797
14062,12798
14062,12799
14062,12800
14062,12801
14062,12802
14062,12803
14062,12804
14062,12805
14062,12806
14062,12807
14062,12808
14062,12809
14062,12810
14062,12811
14062,12812
14062,12813
14062,12814
14062,12815
14062,12816
14062,12817
14062,12818
14062,12819
14062,12820
14062,12821
14062,12822
14062,12823
14062,12824
14062,12825
14062,12826
14062,12827
14062,12828
14062,12829
14062,12830
14062,12831
14062,12832
14062,12833
14062,12834
14062,12835
14062,12836
14062,12837
14062,12838
14062,12839
14062,12840
14062,12841
14062,12842
14062,12843
14062,12844
14062,12845
14062,12846
14062,12847
14062,12848
14062,12849
14062,12850
14062,12851
14062,12852
14062,12853
14062,12854
14062,12855
14062,12856
14062,12857
14062,12858
14062,12859
14062,12860
14062,12861
14062,12862
14062,12863
14062,12864
14062,12865
14062,12866
14062,12867
14062,12868
14062,12869
14062,12870
14062,12871
14062,12872
14062,12873
14062,12874
14062,12875
14062,12876
14062,12877
14062,12878
14062,12879
14062,12880
14062,12881
14062,12882
14062,12883
14062,12884
14062,12885
14062,12886
14062,12887
14062,12888
14062,12889
14062,12890
14062,12891
14062,12892
14062,12893
14062,12894
14062,12895
14062,12896
14062,12897
14062,12898
14062,12899
14062,12900
14062,12901
14062,12902
14062,12903
14062,12904
14062,12905
14062,12906
14062,12907
14062,12908
14062,12909
14062,12910
14062,12911
14062,12912
14062,12913
14062,12914
14062,12915
14062,12916
14062,12917
14062,12918
14062,12919
14062,12920
14062,12921
14062,12922
14062,12923
14062,12924
14062,12925
14062,12926
14062,12927
14062,12928
14062,12929
14062,12930
14062,12931
14062,12932
14062,12933
14062,12934
14062,12935
14062,12936
14062,12937
14062,12938
14062,12939
14062,12940
14062,12941
14062,12942
14062,12943
14062,12944
14062,12945
14062,12946
14062,12947
14062,12948
14062,12949
14062,12950
14062,12951
14062,12952
14062,12953
14062,12954
14062,12955
14062,12956
14062,12957
14062,12958
14062,12959
14062,12960
14062,12961
14063,12727
14063,12728
14063,12729
14063,12730
14063,12731
14063,12732
14063,12733
14063,12734
14063,12735
14063,12736
14063,12737
14063,12738
14063,12739
14063,12740
14063,12741
14063,12742
14063,12743
14063,12744
14063,12745
14063,12746
14063,12747
14063,12748
14063,12749
14063,12750
14063,12751
14063,12752
14063,12753
14063,12754
14063,12755
14063,12756
14063,12757
14063,12758
14063,12759
14063,12760
14063,12761
14063,12762
14063,12763
14063,12764
14063,12765
14063,12766
14063,12767
14063,12768
14063,12769
14063,12770
14063,12771
14063,12772
14063,12773
14063,12774
14063,12775
14063,12776
14063,12777
14063,12778
14063,12779
14063,12780
14063,12781
14063,12782
14063,12783
14063,12784
14063,12785
14063,12786
14063,12787
14063,12788
14063,12789
14063,12790
14063,12791
14063,12792
14063,12793
14063,12794
14063,12795
14063,12796
14063,12797
14063,12798
14063,12799
14063,12800
14063,12801
14063,12802
14063,12803
14063,12804
14063,12805
14063,12806
14063,12807
14063,12808
14063,12809
14063,12810
14063,12811
14063,12812
14063,12813
14063,12814
14063,12815
14063,12816
14063,12817
14063,12818
14063,12819
14063,12820
14063,12821
14063,12822
14063,12823
14063,12824
14063,12825
14063,12826
14063,12827
14063,12828
14063,12829
14063,12830
14063,12831
14063,12832
14063,12833
14063,12834
14063,12835
14063,12836
14063,12837
14063,12838
14063,12839
14063,12840
14063,12841
14063,12842
14063,12843
14063,12844
14063,12845
14063,12846
14063,12847
14063,12848
14063,12849
14063,12850
14063,12851
14063,12852
14063,12853
14063,12854
14063,12855
14063,12856
14063,12857
14063,12858
14063,12859
14063,12860
14063,12861
14063,12862
14063,12863
14063,12864
14063,12865
14063,12866
14063,12867
14063,12868
14063,12869
14063,12870
14063,12871
14063,12872
14063,12873
14063,12874
14063,12875
14063,12876
14063,12877
14063,12878
14063,12879
14063,12880
14063,12881
14063,12882
14063,12883
14063,12884
14063,12885
14063,12886
14063,12887
14063,12888
14063,12889
14063,12890
14063,12891
14063,12892
14063,12893
14063,12894
14063,12895
14063,12896
14063,12897
14063,12898
14063,12899
14063,12900
14063,12901
14063,12902
14063,12903
14063,12904
14063,12905
14063,12906
14063,12907
14063,12908
14063,12909
14063,12910
14063,12911
14063,12912
14063,12913
14063,12914
14063,12915
14063,12916
14063,12917
14063,12918
14063,12919
14063,12920
14063,12921
14063,12922
14063,12923
14063,12924
14063,12925
14063,12926
14063,12927
14063,12928
14063,12929
14063,12930
14063,12931
14063,12932
14063,12933
14063,12934
14063,12935
14063,12936
14063,12937
14063,12938
14063,12939
14063,12940
14063,12941
14063,12942
14063,12943
14063,12944
14063,12945
14063,12946
14063,12947
14063,12948
14063,12949
14063,12950
14063,12951
14063,12952
14063,12953
14063,12954
14063,12955
14063,12956
14063,12957
14063,12958
14063,12959
14063,12960
14063,12961
14063,12962
14064,12727
14064,12728
14064,12729
14064,12730
14064,12731
14064,12732
14064,12733
14064,12734
14064,12735
14064,12736
14064,12737
14064,12738
14064,12739
14064,12740
14064,12741
14064,12742
14064,12743
14064,12744
14064,12745
14064,12746
14064,12747
14064,12748
14064,12749
14064,12750
14064,12751
14064,12752
14064,12753
14064,12754
14064,12755
14064,12756
14064,12757
14064,12758
14064,12759
14064,12760
14064,12761
14064,12762
14064,12763
14064,12764
14064,12765
14064,12766
14064,12767
14064,12768
14064,12769
14064,12770
14064,12771
14064,12772
14064,12773
14064,12774
14064,12775
14064,12776
14064,12777
14064,12778
14064,12779
14064,12780
14064,12781
14064,12782
14064,12783
14064,12784
14064,12785
14064,12786
14064,12787
14064,12788
14064,12789
14064,12790
14064,12791
14064,12792
14064,12793
14064,12794
14064,12795
14064,12796
14064,12797
14064,12798
14064,12799
14064,12800
14064,12801
14064,12802
14064,12803
14064,12804
14064,12805
14064,12806
14064,12807
14064,12808
14064,12809
14064,12810
14064,12811
14064,12812
14064,12813
14064,12814
14064,12815
14064,12816
14064,12817
14064,12818
14064,12819
14064,12820
14064,12821
14064,12822
14064,12823
14064,12824
14064,12825
14064,12826
14064,12827
14064,12828
14064,12829
14064,12830
14064,12831
14064,12832
14064,12833
14064,12834
14064,12835
14064,12836
14064,12837
14064,12838
14064,12839
14064,12840
14064,12841
14064,12842
14064,12843
14064,12844
14064,12845
14064,12846
14064,12847
14064,12848
14064,12849
14064,12850
14064,12851
14064,12852
14064,12853
14064,12854
14064,12855
14064,12856
14064,12857
14064,12858
14064,12859
14064,12860
14064,12861
14064,12862
14064,12863
14064,12864
14064,12865
14064,12866
14064,12867
14064,12868
14064,12869
14064,12870
14064,12871
14064,12872
14064,12873
14064,12874
14064,12875
14064,12876
14064,12877
14064,12878
14064,12879
14064,12880
14064,12881
14064,12882
14064,12883
14064,12884
14064,12885
14064,12886
14064,12887
14064,12888
14064,12889
14064,12890
14064,12891
14064,12892
14064,12893
14064,12894
14064,12895
14064,12896
14064,12897
14064,12898
14064,12899
14064,12900
14064,12901
14064,12902
14064,12903
14064,12904
14064,12905
14064,12906
14064,12907
14064,12908
14064,12909
14064,12910
14064,12911
14064,12912
14064,12913
14064,12914
14064,12915
14064,12916
14064,12917
14064,12918
14064,12919
14064,12920
14064,12921
14064,12922
14064,12923
14064,12924
14064,12925
14064,12926
14064,12927
14064,12928
14064,12929
14064,12930
14064,12931
14064,12932
14064,12933
14064,12934
14064,12935
14064,12936
14064,12937
14064,12938
14064,12939
14064,12940
14064,12941
14064,12942
14064,12943
14064,12944
14064,12945
14064,12946
14064,12947
14064,12948
14064,12949
14064,12950
14064,12951
14064,12952
14064,12953
14064,12954
14064,12955
14064,12956
14064,12957
14064,12958
14064,12959
14064,12960
14064,12961
14064,12962
14065,12727
14065,12728
14065,12729
14065,12730
14065,12731
14065,12732
14065,12733
14065,12734
14065,12735
14065,12736
14065,12737
14065,12738
14065,12739
14065,12740
14065,12741
14065,12742
14065,12743
14065,12744
14065,12745
14065,12746
14065,12747
14065,12748
14065,12749
14065,12750
14065,12751
14065,12752
14065,12753
14065,12754
14065,12755
14065,12756
14065,12757
14065,12758
14065,12759
14065,12760
14065,12761
14065,12762
14065,12763
14065,12764
14065,12765
14065,12766
14065,12767
14065,12768
14065,12769
14065,12770
14065,12771
14065,12772
14065,12773
14065,12774
14065,12775
14065,12776
14065,12777
14065,12778
14065,12779
14065,12780
14065,12781
14065,12782
14065,12783
14065,12784
14065,12785
14065,12786
14065,12787
14065,12788
14065,12789
14065,12790
14065,12791
14065,12792
14065,12793
14065,12794
14065,12795
14065,12796
14065,12797
14065,12798
14065,12799
14065,12800
14065,12801
14065,12802
14065,12803
14065,12804
14065,12805
14065,12806
14065,12807
14065,12808
14065,12809
14065,12810
14065,12811
14065,12812
14065,12813
14065,12814
14065,12815
14065,12816
14065,12817
14065,12818
14065,12819
14065,12820
14065,12821
14065,12822
14065,12823
14065,12824
14065,12825
14065,12826
14065,12827
14065,12828
14065,12829
14065,12830
14065,12831
14065,12832
14065,12833
14065,12834
14065,12835
14065,12836
14065,12837
14065,12838
14065,12839
14065,12840
14065,12841
14065,12842
14065,12843
14065,12844
14065,12845
14065,12846
14065,12847
14065,12848
14065,12849
14065,12850
14065,12851
14065,12852
14065,12853
14065,12854
14065,12855
14065,12856
14065,12857
14065,12858
14065,12859
14065,12860
14065,12861
14065,12862
14065,12863
14065,12864
14065,12865
14065,12866
14065,12867
14065,12868
14065,12869
14065,12870
14065,12871
14065,12872
14065,12873
14065,12874
14065,12875
14065,12876
14065,12877
14065,12878
14065,12879
14065,12880
14065,12881
14065,12882
14065,12883
14065,12884
14065,12885
14065,12886
14065,12887
14065,12888
14065,12889
14065,12890
14065,12891
14065,12892
14065,12893
14065,12894
14065,12895
14065,12896
14065,12897
14065,12898
14065,12899
14065,12900
14065,12901
14065,12902
14065,12903
14065,12904
14065,12905
14065,12906
14065,12907
14065,12908
14065,12909
14065,12910
14065,12911
14065,12912
14065,12913
14065,12914
14065,12915
14065,12916
14065,12917
14065,12918
14065,12919
14065,12920
14065,12921
14065,12922
14065,12923
14065,12924
14065,12925
14065,12926
14065,12927
14065,12928
14065,12929
14065,12930
14065,12931
14065,12932
14065,12933
14065,12934
14065,12935
14065,12936
14065,12937
14065,12938
14065,12939
14065,12940
14065,12941
14065,12942
14065,12943
14065,12944
14065,12945
14065,12946
14065,12947
14065,12948
14065,12949
14065,12950
14065,12951
14065,12952
14065,12953
14065,12954
14065,12955
14065,12956
14065,12957
14065,12958
14065,12959
14065,12960
14065,12961
14065,12962
14065,12963
14066,12727
14066,12728
14066,12729
14066,12730
14066,12731
14066,12732
14066,12733
14066,12734
14066,12735
14066,12736
14066,12737
14066,12738
14066,12739
14066,12740
14066,12741
14066,12742
14066,12743
14066,12744
14066,12745
14066,12746
14066,12747
14066,12748
14066,12749
14066,12750
14066,12751
14066,12752
14066,12753
14066,12754
14066,12755
14066,12756
14066,12757
14066,12758
14066,12759
14066,12760
14066,12761
14066,12762
14066,12763
14066,12764
14066,12765
14066,12766
14066,12767
14066,12768
14066,12769
14066,12770
14066,12771
14066,12772
14066,12773
14066,12774
14066,12775
14066,12776
14066,12777
14066,12778
14066,12779
14066,12780
14066,12781
14066,12782
14066,12783
14066,12784
14066,12785
14066,12786
14066,12787
14066,12788
14066,12789
14066,12790
14066,12791
14066,12792
14066,12793
14066,12794
14066,12795
14066,12796
14066,12797
14066,12798
14066,12799
14066,12800
14066,12801
14066,12802
14066,12803
14066,12804
14066,12805
14066,12806
14066,12807
14066,12808
14066,12809
14066,12810
14066,12811
14066,12812
14066,12813
14066,12814
14066,12815
14066,12816
14066,12817
14066,12818
14066,12819
14066,12820
14066,12821
14066,12822
14066,12823
14066,12824
14066,12825
14066,12826
14066,12827
14066,12828
14066,12829
14066,12830
14066,12831
14066,12832
14066,12833
14066,12834
14066,12835
14066,12836
14066,12837
14066,12838
14066,12839
14066,12840
14066,12841
14066,12842
14066,12843
14066,12844
14066,12845
14066,12846
14066,12847
14066,12848
14066,12849
14066,12850
14066,12851
14066,12852
14066,12853
14066,12854
14066,12855
14066,12856
14066,12857
14066,12858
14066,12859
14066,12860
14066,12861
14066,12862
14066,12863
14066,12864
14066,12865
14066,12866
14066,12867
14066,12868
14066,12869
14066,12870
14066,12871
14066,12872
14066,12873
14066,12874
14066,12875
14066,12876
14066,12877
14066,12878
14066,12879
14066,12880
14066,12881
14066,12882
14066,12883
14066,12884
14066,12885
14066,12886
14066,12887
14066,12888
14066,12889
14066,12890
14066,12891
14066,12892
14066,12893
14066,12894
14066,12895
14066,12896
14066,12897
14066,12898
14066,12899
14066,12900
14066,12901
14066,12902
14066,12903
14066,12904
14066,12905
14066,12906
14066,12907
14066,12908
14066,12909
14066,12910
14066,12911
14066,12912
14066,12913
14066,12914
14066,12915
14066,12916
14066,12917
14066,12918
14066,12919
14066,12920
14066,12921
14066,12922
14066,12923
14066,12924
14066,12925
14066,12926
14066,12927
14066,12928
14066,12929
14066,12930
14066,12931
14066,12932
14066,12933
14066,12934
14066,12935
14066,12936
14066,12937
14066,12938
14066,12939
14066,12940
14066,12941
14066,12942
14066,12943
14066,12944
14066,12945
14066,12946
14066,12947
14066,12948
14066,12949
14066,12950
14066,12951
14066,12952
14066,12953
14066,12954
14066,12955
14066,12956
14066,12957
14066,12958
14066,12959
14066,12960
14066,12961
14066,12962
14066,12963
14067,12727
14067,12728
14067,12729
14067,12730
14067,12731
14067,12732
14067,12733
14067,12734
14067,12735
14067,12736
14067,12737
14067,12738
14067,12739
14067,12740
14067,12741
14067,12742
14067,12743
14067,12744
14067,12745
14067,12746
14067,12747
14067,12748
14067,12749
14067,12750
14067,12751
14067,12752
14067,12753
14067,12754
14067,12755
14067,12756
14067,12757
14067,12758
14067,12759
14067,12760
14067,12761
14067,12762
14067,12763
14067,12764
14067,12765
14067,12766
14067,12767
14067,12768
14067,12769
14067,12770
14067,12771
14067,12772
14067,12773
14067,12774
14067,12775
14067,12776
14067,12777
14067,12778
14067,12779
14067,12780
14067,12781
14067,12782
14067,12783
14067,12784
14067,12785
14067,12786
14067,12787
14067,12788
14067,12789
14067,12790
14067,12791
14067,12792
14067,12793
14067,12794
14067,12795
14067,12796
14067,12797
14067,12798
14067,12799
14067,12800
14067,12801
14067,12802
14067,12803
14067,12804
14067,12805
14067,12806
14067,12807
14067,12808
14067,12809
14067,12810
14067,12811
14067,12812
14067,12813
14067,12814
14067,12815
14067,12816
14067,12817
14067,12818
14067,12819
14067,12820
14067,12821
14067,12822
14067,12823
14067,12824
14067,12825
14067,12826
14067,12827
14067,12828
14067,12829
14067,12830
14067,12831
14067,12832
14067,12833
14067,12834
14067,12835
14067,12836
14067,12837
14067,12838
14067,12839
14067,12840
14067,12841
14067,12842
14067,12843
14067,12844
14067,12845
14067,12846
14067,12847
14067,12848
14067,12849
14067,12850
14067,12851
14067,12852
14067,12853
14067,12854
14067,12855
14067,12856
14067,12857
14067,12858
14067,12859
14067,12860
14067,12861
14067,12862
14067,12863
14067,12864
14067,12865
14067,12866
14067,12867
14067,12868
14067,12869
14067,12870
14067,12871
14067,12872
14067,12873
14067,12874
14067,12875
14067,12876
14067,12877
14067,12878
14067,12879
14067,12880
14067,12881
14067,12882
14067,12883
14067,12884
14067,12885
14067,12886
14067,12887
14067,12888
14067,12889
14067,12890
14067,12891
14067,12892
14067,12893
14067,12894
14067,12895
14067,12896
14067,12897
14067,12898
14067,12899
14067,12900
14067,12901
14067,12902
14067,12903
14067,12904
14067,12905
14067,12906
14067,12907
14067,12908
14067,12909
14067,12910
14067,12911
14067,12912
14067,12913
14067,12914
14067,12915
14067,12916
14067,12917
14067,12918
14067,12919
14067,12920
14067,12921
14067,12922
14067,12923
14067,12924
14067,12925
14067,12926
14067,12927
14067,12928
14067,12929
14067,12930
14067,12931
14067,12932
14067,12933
14067,12934
14067,12935
14067,12936
14067,12937
14067,12938
14067,12939
14067,12940
14067,12941
14067,12942
14067,12943
14067,12944
14067,12945
14067,12946
14067,12947
14067,12948
14067,12949
14067,12950
14067,12951
14067,12952
14067,12953
14067,12954
14067,12955
14067,12956
14067,12957
14067,12958
14067,12959
14067,12960
14067,12961
14067,12962
14067,12963
14068,12727
14068,12728
14068,12729
14068,12730
14068,12731
14068,12732
14068,12733
14068,12734
14068,12735
14068,12736
14068,12737
14068,12738
14068,12739
14068,12740
14068,12741
14068,12742
14068,12743
14068,12744
14068,12745
14068,12746
14068,12747
14068,12748
14068,12749
14068,12750
14068,12751
14068,12752
14068,12753
14068,12754
14068,12755
14068,12756
14068,12757
14068,12758
14068,12759
14068,12760
14068,12761
14068,12762
14068,12763
14068,12764
14068,12765
14068,12766
14068,12767
14068,12768
14068,12769
14068,12770
14068,12771
14068,12772
14068,12773
14068,12774
14068,12775
14068,12776
14068,12777
14068,12778
14068,12779
14068,12780
14068,12781
14068,12782
14068,12783
14068,12784
14068,12785
14068,12786
14068,12787
14068,12788
14068,12789
14068,12790
14068,12791
14068,12792
14068,12793
14068,12794
14068,12795
14068,12796
14068,12797
14068,12798
14068,12799
14068,12800
14068,12801
14068,12802
14068,12803
14068,12804
14068,12805
14068,12806
14068,12807
14068,12808
14068,12809
14068,12810
14068,12811
14068,12812
14068,12813
14068,12814
14068,12815
14068,12816
14068,12817
14068,12818
14068,12819
14068,12820
14068,12821
14068,12822
14068,12823
14068,12824
14068,12825
14068,12826
14068,12827
14068,12828
14068,12829
14068,12830
14068,12831
14068,12832
14068,12833
14068,12834
14068,12835
14068,12836
14068,12837
14068,12838
14068,12839
14068,12840
14068,12841
14068,12842
14068,12843
14068,12844
14068,12845
14068,12846
14068,12847
14068,12848
14068,12849
14068,12850
14068,12851
14068,12852
14068,12853
14068,12854
14068,12855
14068,12856
14068,12857
14068,12858
14068,12859
14068,12860
14068,12861
14068,12862
14068,12863
14068,12864
14068,12865
14068,12866
14068,12867
14068,12868
14068,12869
14068,12870
14068,12871
14068,12872
14068,12873
14068,12874
14068,12875
14068,12876
14068,12877
14068,12878
14068,12879
14068,12880
14068,12881
14068,12882
14068,12883
14068,12884
14068,12885
14068,12886
14068,12887
14068,12888
14068,12889
14068,12890
14068,12891
14068,12892
14068,12893
14068,12894
14068,12895
14068,12896
14068,12897
14068,12898
14068,12899
14068,12900
14068,12901
14068,12902
14068,12903
14068,12904
14068,12905
14068,12906
14068,12907
14068,12908
14068,12909
14068,12910
14068,12911
14068,12912
14068,12913
14068,12914
14068,12915
14068,12916
14068,12917
14068,12918
14068,12919
14068,12920
14068,12921
14068,12922
14068,12923
14068,12924
14068,12925
14068,12926
14068,12927
14068,12928
14068,12929
14068,12930
14068,12931
14068,12932
14068,12933
14068,12934
14068,12935
14068,12936
14068,12937
14068,12938
14068,12939
14068,12940
14068,12941
14068,12942
14068,12943
14068,12944
14068,12945
14068,12946
14068,12947
14068,12948
14068,12949
14068,12950
14068,12951
14068,12952
14068,12953
14068,12954
14068,12955
14068,12956
14068,12957
14068,12958
14068,12959
14068,12960
14068,12961
14068,12962
14069,12727
14069,12728
14069,12729
14069,12730
14069,12731
14069,12732
14069,12733
14069,12734
14069,12735
14069,12736
14069,12737
14069,12738
14069,12739
14069,12740
14069,12741
14069,12742
14069,12743
14069,12744
14069,12745
14069,12746
14069,12747
14069,12748
14069,12749
14069,12750
14069,12751
14069,12752
14069,12753
14069,12754
14069,12755
14069,12756
14069,12757
14069,12758
14069,12759
14069,12760
14069,12761
14069,12762
14069,12763
14069,12764
14069,12765
14069,12766
14069,12767
14069,12768
14069,12769
14069,12770
14069,12771
14069,12772
14069,12773
14069,12774
14069,12775
14069,12776
14069,12777
14069,12778
14069,12779
14069,12780
14069,12781
14069,12782
14069,12783
14069,12784
14069,12785
14069,12786
14069,12787
14069,12788
14069,12789
14069,12790
14069,12791
14069,12792
14069,12793
14069,12794
14069,12795
14069,12796
14069,12797
14069,12798
14069,12799
14069,12800
14069,12801
14069,12802
14069,12803
14069,12804
14069,12805
14069,12806
14069,12807
14069,12808
14069,12809
14069,12810
14069,12811
14069,12812
14069,12813
14069,12814
14069,12815
14069,12816
14069,12817
14069,12818
14069,12819
14069,12820
14069,12821
14069,12822
14069,12823
14069,12824
14069,12825
14069,12826
14069,12827
14069,12828
14069,12829
14069,12830
14069,12831
14069,12832
14069,12833
14069,12834
14069,12835
14069,12836
14069,12837
14069,12838
14069,12839
14069,12840
14069,12841
14069,12842
14069,12843
14069,12844
14069,12845
14069,12846
14069,12847
14069,12848
14069,12849
14069,12850
14069,12851
14069,12852
14069,12853
14069,12854
14069,12855
14069,12856
14069,12857
14069,12858
14069,12859
14069,12860
14069,12861
14069,12862
14069,12863
14069,12864
14069,12865
14069,12866
14069,12867
14069,12868
14069,12869
14069,12870
14069,12871
14069,12872
14069,12873
14069,12874
14069,12875
14069,12876
14069,12877
14069,12878
14069,12879
14069,12880
14069,12881
14069,12882
14069,12883
14069,12884
14069,12885
14069,12886
14069,12887
14069,12888
14069,12889
14069,12890
14069,12891
14069,12892
14069,12893
14069,12894
14069,12895
14069,12896
14069,12897
14069,12898
14069,12899
14069,12900
14069,12901
14069,12902
14069,12903
14069,12904
14069,12905
14069,12906
14069,12907
14069,12908
14069,12909
14069,12910
14069,12911
14069,12912
14069,12913
14069,12914
14069,12915
14069,12916
14069,12917
14069,12918
14069,12919
14069,12920
14069,12921
14069,12922
14069,12923
14069,12924
14069,12925
14069,12926
14069,12927
14069,12928
14069,12929
14069,12930
14069,12931
14069,12932
14069,12933
14069,12934
14069,12935
14069,12936
14069,12937
14069,12938
14069,12939
14069,12940
14069,12941
14069,12942
14069,12943
14069,12944
14069,12945
14069,12946
14069,12947
14069,12948
14069,12949
14069,12950
14069,12951
14069,12952
14069,12953
14069,12954
14069,12955
14069,12956
14069,12957
14069,12958
14069,12959
14069,12960
14069,12961
14069,12962
14069,12963
14070,12728
14070,12729
14070,12730
14070,12731
14070,12732
14070,12733
14070,12734
14070,12735
14070,12736
14070,12737
14070,12738
14070,12739
14070,12740
14070,12741
14070,12742
14070,12743
14070,12744
14070,12745
14070,12746
14070,12747
14070,12748
14070,12749
14070,12750
14070,12751
14070,12752
14070,12753
14070,12754
14070,12755
14070,12756
14070,12757
14070,12758
14070,12759
14070,12760
14070,12761
14070,12762
14070,12763
14070,12764
14070,12765
14070,12766
14070,12767
14070,12768
14070,12769
14070,12770
14070,12771
14070,12772
14070,12773
14070,12774
14070,12775
14070,12776
14070,12777
14070,12778
14070,12779
14070,12780
14070,12781
14070,12782
14070,12783
14070,12784
14070,12785
14070,12786
14070,12787
14070,12788
14070,12789
14070,12790
14070,12791
14070,12792
14070,12793
14070,12794
14070,12795
14070,12796
14070,12797
14070,12798
14070,12799
14070,12800
14070,12801
14070,12802
14070,12803
14070,12804
14070,12805
14070,12806
14070,12807
14070,12808
14070,12809
14070,12810
14070,12811
14070,12812
14070,12813
14070,12814
14070,12815
14070,12816
14070,12817
14070,12818
14070,12819
14070,12820
14070,12821
14070,12822
14070,12823
14070,12824
14070,12825
14070,12826
14070,12827
14070,12828
14070,12829
14070,12830
14070,12831
14070,12832
14070,12833
14070,12834
14070,12835
14070,12836
14070,12837
14070,12838
14070,12839
14070,12840
14070,12841
14070,12842
14070,12843
14070,12844
14070,12845
14070,12846
14070,12847
14070,12848
14070,12849
14070,12850
14070,12851
14070,12852
14070,12853
14070,12854
14070,12855
14070,12856
14070,12857
14070,12858
14070,12859
14070,12860
14070,12861
14070,12862
14070,12863
14070,12864
14070,12865
14070,12866
14070,12867
14070,12868
14070,12869
14070,12870
14070,12871
14070,12872
14070,12873
14070,12874
14070,12875
14070,12876
14070,12877
14070,12878
14070,12879
14070,12880
14070,12881
14070,12882
14070,12883
14070,12884
14070,12885
14070,12886
14070,12887
14070,12888
14070,12889
14070,12890
14070,12891
14070,12892
14070,12893
14070,12894
14070,12895
14070,12896
14070,12897
14070,12898
14070,12899
14070,12900
14070,12901
14070,12902
14070,12903
14070,12904
14070,12905
14070,12906
14070,12907
14070,12908
14070,12909
14070,12910
14070,12911
14070,12912
14070,12913
14070,12914
14070,12915
14070,12916
14070,12917
14070,12918
14070,12919
14070,12920
14070,12921
14070,12922
14070,12923
14070,12924
14070,12925
14070,12926
14070,12927
14070,12928
14070,12929
14070,12930
14070,12931
14070,12932
14070,12933
14070,12934
14070,12935
14070,12936
14070,12937
14070,12938
14070,12939
14070,12940
14070,12941
14070,12942
14070,12943
14070,12944
14070,12945
14070,12946
14070,12947
14070,12948
14070,12949
14070,12950
14070,12951
14070,12952
14070,12953
14070,12954
14070,12955
14070,12956
14070,12957
14070,12958
14070,12959
14070,12960
14070,12961
14070,12962
14070,12963
14071,12728
14071,12729
14071,12730
14071,12731
14071,12732
14071,12733
14071,12734
14071,12735
14071,12736
14071,12737
14071,12738
14071,12739
14071,12740
14071,12741
14071,12742
14071,12743
14071,12744
14071,12745
14071,12746
14071,12747
14071,12748
14071,12749
14071,12750
14071,12751
14071,12752
14071,12753
14071,12754
14071,12755
14071,12756
14071,12757
14071,12758
14071,12759
14071,12760
14071,12761
14071,12762
14071,12763
14071,12764
14071,12765
14071,12766
14071,12767
14071,12768
14071,12769
14071,12770
14071,12771
14071,12772
14071,12773
14071,12774
14071,12775
14071,12776
14071,12777
14071,12778
14071,12779
14071,12780
14071,12781
14071,12782
14071,12783
14071,12784
14071,12785
14071,12786
14071,12787
14071,12788
14071,12789
14071,12790
14071,12791
14071,12792
14071,12793
14071,12794
14071,12795
14071,12796
14071,12797
14071,12798
14071,12799
14071,12800
14071,12801
14071,12802
14071,12803
14071,12804
14071,12805
14071,12806
14071,12807
14071,12808
14071,12809
14071,12810
14071,12811
14071,12812
14071,12813
14071,12814
14071,12815
14071,12816
14071,12817
14071,12818
14071,12819
14071,12820
14071,12821
14071,12822
14071,12823
14071,12824
14071,12825
14071,12826
14071,12827
14071,12828
14071,12829
14071,12830
14071,12831
14071,12832
14071,12833
14071,12834
14071,12835
14071,12836
14071,12837
14071,12838
14071,12839
14071,12840
14071,12841
14071,12842
14071,12843
14071,12844
14071,12845
14071,12846
14071,12847
14071,12848
14071,12849
14071,12850
14071,12851
14071,12852
14071,12853
14071,12854
14071,12855
14071,12856
14071,12857
14071,12858
14071,12859
14071,12860
14071,12861
14071,12862
14071,12863
14071,12864
14071,12865
14071,12866
14071,12867
14071,12868
14071,12869
14071,12870
14071,12871
14071,12872
14071,12873
14071,12874
14071,12875
14071,12876
14071,12877
14071,12878
14071,12879
14071,12880
14071,12881
14071,12882
14071,12883
14071,12884
14071,12885
14071,12886
14071,12887
14071,12888
14071,12889
14071,12890
14071,12891
14071,12892
14071,12893
14071,12894
14071,12895
14071,12896
14071,12897
14071,12898
14071,12899
14071,12900
14071,12901
14071,12902
14071,12903
14071,12904
14071,12905
14071,12906
14071,12907
14071,12908
14071,12909
14071,12910
14071,12911
14071,12912
14071,12913
14071,12914
14071,12915
14071,12916
14071,12917
14071,12918
14071,12919
14071,12920
14071,12921
14071,12922
14071,12923
14071,12924
14071,12925
14071,12926
14071,12927
14071,12928
14071,12929
14071,12930
14071,12931
14071,12932
14071,12933
14071,12934
14071,12935
14071,12936
14071,12937
14071,12938
14071,12939
14071,12940
14071,12941
14071,12942
14071,12943
14071,12944
14071,12945
14071,12946
14071,12947
14071,12948
14071,12949
14071,12950
14071,12951
14071,12952
14071,12953
14071,12954
14071,12955
14071,12956
14071,12957
14071,12958
14071,12959
14071,12960
14071,12961
14071,12962
14071,12963
14072,12728
14072,12729
14072,12730
14072,12731
14072,12732
14072,12733
14072,12734
14072,12735
14072,12736
14072,12737
14072,12738
14072,12739
14072,12740
14072,12741
14072,12742
14072,12743
14072,12744
14072,12745
14072,12746
14072,12747
14072,12748
14072,12749
14072,12750
14072,12751
14072,12752
14072,12753
14072,12754
14072,12755
14072,12756
14072,12757
14072,12758
14072,12759
14072,12760
14072,12761
14072,12762
14072,12763
14072,12764
14072,12765
14072,12766
14072,12767
14072,12768
14072,12769
14072,12770
14072,12771
14072,12772
14072,12773
14072,12774
14072,12775
14072,12776
14072,12777
14072,12778
14072,12779
14072,12780
14072,12781
14072,12782
14072,12783
14072,12784
14072,12785
14072,12786
14072,12787
14072,12788
14072,12789
14072,12790
14072,12791
14072,12792
14072,12793
14072,12794
14072,12795
14072,12796
14072,12797
14072,12798
14072,12799
14072,12800
14072,12801
14072,12802
14072,12803
14072,12804
14072,12805
14072,12806
14072,12807
14072,12808
14072,12809
14072,12810
14072,12811
14072,12812
14072,12813
14072,12814
14072,12815
14072,12816
14072,12817
14072,12818
14072,12819
14072,12820
14072,12821
14072,12822
14072,12823
14072,12824
14072,12825
14072,12826
14072,12827
14072,12828
14072,12829
14072,12830
14072,12831
14072,12832
14072,12833
14072,12834
14072,12835
14072,12836
14072,12837
14072,12838
14072,12839
14072,12840
14072,12841
14072,12842
14072,12843
14072,12844
14072,12845
14072,12846
14072,12847
14072,12848
14072,12849
14072,12850
14072,12851
14072,12852
14072,12853
14072,12854
14072,12855
14072,12856
14072,12857
14072,12858
14072,12859
14072,12860
14072,12861
14072,12862
14072,12863
14072,12864
14072,12865
14072,12866
14072,12867
14072,12868
14072,12869
14072,12870
14072,12871
14072,12872
14072,12873
14072,12874
14072,12875
14072,12876
14072,12877
14072,12878
14072,12879
14072,12880
14072,12881
14072,12882
14072,12883
14072,12884
14072,12885
14072,12886
14072,12887
14072,12888
14072,12889
14072,12890
14072,12891
14072,12892
14072,12893
14072,12894
14072,12895
14072,12896
14072,12897
14072,12898
14072,12899
14072,12900
14072,12901
14072,12902
14072,12903
14072,12904
14072,12905
14072,12906
14072,12907
14072,12908
14072,12909
14072,12910
14072,12911
14072,12912
14072,12913
14072,12914
14072,12915
14072,12916
14072,12917
14072,12918
14072,12919
14072,12920
14072,12921
14072,12922
14072,12923
14072,12924
14072,12925
14072,12926
14072,12927
14072,12928
14072,12929
14072,12930
14072,12931
14072,12932
14072,12933
14072,12934
14072,12935
14072,12936
14072,12937
14072,12938
14072,12939
14072,12940
14072,12941
14072,12942
14072,12943
14072,12944
14072,12945
14072,12946
14072,12947
14072,12948
14072,12949
14072,12950
14072,12951
14072,12952
14072,12953
14072,12954
14072,12955
14072,12956
14072,12957
14072,12958
14072,12959
14072,12960
14072,12961
14072,12962
14073,12729
14073,12730
14073,12731
14073,12732
14073,12733
14073,12734
14073,12735
14073,12736
14073,12737
14073,12738
14073,12739
14073,12740
14073,12741
14073,12742
14073,12743
14073,12744
14073,12745
14073,12746
14073,12747
14073,12748
14073,12749
14073,12750
14073,12751
14073,12752
14073,12753
14073,12754
14073,12755
14073,12756
14073,12757
14073,12758
14073,12759
14073,12760
14073,12761
14073,12762
14073,12763
14073,12764
14073,12765
14073,12766
14073,12767
14073,12768
14073,12769
14073,12770
14073,12771
14073,12772
14073,12773
14073,12774
14073,12775
14073,12776
14073,12777
14073,12778
14073,12779
14073,12780
14073,12781
14073,12782
14073,12783
14073,12784
14073,12785
14073,12786
14073,12787
14073,12788
14073,12789
14073,12790
14073,12791
14073,12792
14073,12793
14073,12794
14073,12795
14073,12796
14073,12797
14073,12798
14073,12799
14073,12800
14073,12801
14073,12802
14073,12803
14073,12804
14073,12805
14073,12806
14073,12807
14073,12808
14073,12809
14073,12810
14073,12811
14073,12812
14073,12813
14073,12814
14073,12815
14073,12816
14073,12817
14073,12818
14073,12819
14073,12820
14073,12821
14073,12822
14073,12823
14073,12824
14073,12825
14073,12826
14073,12827
14073,12828
14073,12829
14073,12830
14073,12831
14073,12832
14073,12833
14073,12834
14073,12835
14073,12836
14073,12837
14073,12838
14073,12839
14073,12840
14073,12841
14073,12842
14073,12843
14073,12844
14073,12845
14073,12846
14073,12847
14073,12848
14073,12849
14073,12850
14073,12851
14073,12852
14073,12853
14073,12854
14073,12855
14073,12856
14073,12857
14073,12858
14073,12859
14073,12860
14073,12861
14073,12862
14073,12863
14073,12864
14073,12865
14073,12866
14073,12867
14073,12868
14073,12869
14073,12870
14073,12871
14073,12872
14073,12873
14073,12874
14073,12875
14073,12876
14073,12877
14073,12878
14073,12879
14073,12880
14073,12881
14073,12882
14073,12883
14073,12884
14073,12885
14073,12886
14073,12887
14073,12888
14073,12889
14073,12890
14073,12891
14073,12892
14073,12893
14073,12894
14073,12895
14073,12896
14073,12897
14073,12898
14073,12899
14073,12900
14073,12901
14073,12902
14073,12903
14073,12904
14073,12905
14073,12906
14073,12907
14073,12908
14073,12909
14073,12910
14073,12911
14073,12912
14073,12913
14073,12914
14073,12915
14073,12916
14073,12917
14073,12918
14073,12919
14073,12920
14073,12921
14073,12922
14073,12923
14073,12924
14073,12925
14073,12926
14073,12927
14073,12928
14073,12929
14073,12930
14073,12931
14073,12932
14073,12933
14073,12934
14073,12935
14073,12936
14073,12937
14073,12938
14073,12939
14073,12940
14073,12941
14073,12942
14073,12943
14073,12944
14073,12945
14073,12946
14073,12947
14073,12948
14073,12949
14073,12950
14073,12951
14073,12952
14073,12953
14073,12954
14073,12955
14073,12956
14073,12957
14073,12958
14073,12959
14073,12960
14073,12961
14073,12962
14073,12963
14074,12730
14074,12731
14074,12732
14074,12733
14074,12734
14074,12735
14074,12736
14074,12737
14074,12738
14074,12739
14074,12740
14074,12741
14074,12742
14074,12743
14074,12744
14074,12745
14074,12746
14074,12747
14074,12748
14074,12749
14074,12750
14074,12751
14074,12752
14074,12753
14074,12754
14074,12755
14074,12756
14074,12757
14074,12758
14074,12759
14074,12760
14074,12761
14074,12762
14074,12763
14074,12764
14074,12765
14074,12766
14074,12767
14074,12768
14074,12769
14074,12770
14074,12771
14074,12772
14074,12773
14074,12774
14074,12775
14074,12776
14074,12777
14074,12778
14074,12779
14074,12780
14074,12781
14074,12782
14074,12783
14074,12784
14074,12785
14074,12786
14074,12787
14074,12788
14074,12789
14074,12790
14074,12791
14074,12792
14074,12793
14074,12794
14074,12795
14074,12796
14074,12797
14074,12798
14074,12799
14074,12800
14074,12801
14074,12802
14074,12803
14074,12804
14074,12805
14074,12806
14074,12807
14074,12808
14074,12809
14074,12810
14074,12811
14074,12812
14074,12813
14074,12814
14074,12815
14074,12816
14074,12817
14074,12818
14074,12819
14074,12820
14074,12821
14074,12822
14074,12823
14074,12824
14074,12825
14074,12826
14074,12827
14074,12828
14074,12829
14074,12830
14074,12831
14074,12832
14074,12833
14074,12834
14074,12835
14074,12836
14074,12837
14074,12838
14074,12839
14074,12840
14074,12841
14074,12842
14074,12843
14074,12844
14074,12845
14074,12846
14074,12847
14074,12848
14074,12849
14074,12850
14074,12851
14074,12852
14074,12853
14074,12854
14074,12855
14074,12856
14074,12857
14074,12858
14074,12859
14074,12860
14074,12861
14074,12862
14074,12863
14074,12864
14074,12865
14074,12866
14074,12867
14074,12868
14074,12869
14074,12870
14074,12871
14074,12872
14074,12873
14074,12874
14074,12875
14074,12876
14074,12877
14074,12878
14074,12879
14074,12880
14074,12881
14074,12882
14074,12883
14074,12884
14074,12885
14074,12886
14074,12887
14074,12888
14074,12889
14074,12890
14074,12891
14074,12892
14074,12893
14074,12894
14074,12895
14074,12896
14074,12897
14074,12898
14074,12899
14074,12900
14074,12901
14074,12902
14074,12903
14074,12904
14074,12905
14074,12906
14074,12907
14074,12908
14074,12909
14074,12910
14074,12911
14074,12912
14074,12913
14074,12914
14074,12915
14074,12916
14074,12917
14074,12918
14074,12919
14074,12920
14074,12921
14074,12922
14074,12923
14074,12924
14074,12925
14074,12926
14074,12927
14074,12928
14074,12929
14074,12930
14074,12931
14074,12932
14074,12933
14074,12934
14074,12935
14074,12936
14074,12937
14074,12938
14074,12939
14074,12940
14074,12941
14074,12942
14074,12943
14074,12944
14074,12945
14074,12946
14074,12947
14074,12948
14074,12949
14074,12950
14074,12951
14074,12952
14074,12953
14074,12954
14074,12955
14074,12956
14074,12957
14074,12958
14074,12959
14074,12960
14074,12961
14074,12962
14074,12963
14075,12729
14075,12730
14075,12731
14075,12732
14075,12733
14075,12734
14075,12735
14075,12736
14075,12737
14075,12738
14075,12739
14075,12740
14075,12741
14075,12742
14075,12743
14075,12744
14075,12745
14075,12746
14075,12747
14075,12748
14075,12749
14075,12750
14075,12751
14075,12752
14075,12753
14075,12754
14075,12755
14075,12756
14075,12757
14075,12758
14075,12759
14075,12760
14075,12761
14075,12762
14075,12763
14075,12764
14075,12765
14075,12766
14075,12767
14075,12768
14075,12769
14075,12770
14075,12771
14075,12772
14075,12773
14075,12774
14075,12775
14075,12776
14075,12777
14075,12778
14075,12779
14075,12780
14075,12781
14075,12782
14075,12783
14075,12784
14075,12785
14075,12786
14075,12787
14075,12788
14075,12789
14075,12790
14075,12791
14075,12792
14075,12793
14075,12794
14075,12795
14075,12796
14075,12797
14075,12798
14075,12799
14075,12800
14075,12801
14075,12802
14075,12803
14075,12804
14075,12805
14075,12806
14075,12807
14075,12808
14075,12809
14075,12810
14075,12811
14075,12812
14075,12813
14075,12814
14075,12815
14075,12816
14075,12817
14075,12818
14075,12819
14075,12820
14075,12821
14075,12822
14075,12823
14075,12824
14075,12825
14075,12826
14075,12827
14075,12828
14075,12829
14075,12830
14075,12831
14075,12832
14075,12833
14075,12834
14075,12835
14075,12836
14075,12837
14075,12838
14075,12839
14075,12840
14075,12841
14075,12842
14075,12843
14075,12844
14075,12845
14075,12846
14075,12847
14075,12848
14075,12849
14075,12850
14075,12851
14075,12852
14075,12853
14075,12854
14075,12855
14075,12856
14075,12857
14075,12858
14075,12859
14075,12860
14075,12861
14075,12862
14075,12863
14075,12864
14075,12865
14075,12866
14075,12867
14075,12868
14075,12869
14075,12870
14075,12871
14075,12872
14075,12873
14075,12874
14075,12875
14075,12876
14075,12877
14075,12878
14075,12879
14075,12880
14075,12881
14075,12882
14075,12883
14075,12884
14075,12885
14075,12886
14075,12887
14075,12888
14075,12889
14075,12890
14075,12891
14075,12892
14075,12893
14075,12894
14075,12895
14075,12896
14075,12897
14075,12898
14075,12899
14075,12900
14075,12901
14075,12902
14075,12903
14075,12904
14075,12905
14075,12906
14075,12907
14075,12908
14075,12909
14075,12910
14075,12911
14075,12912
14075,12913
14075,12914
14075,12915
14075,12916
14075,12917
14075,12918
14075,12919
14075,12920
14075,12921
14075,12922
14075,12923
14075,12924
14075,12925
14075,12926
14075,12927
14075,12928
14075,12929
14075,12930
14075,12931
14075,12932
14075,12933
14075,12934
14075,12935
14075,12936
14075,12937
14075,12938
14075,12939
14075,12940
14075,12941
14075,12942
14075,12943
14075,12944
14075,12945
14075,12946
14075,12947
14075,12948
14075,12949
14075,12950
14075,12951
14075,12952
14075,12953
14075,12954
14075,12955
14075,12956
14075,12957
14075,12958
14075,12959
14075,12960
14075,12961
14075,12962
14075,12963
14076,12729
14076,12730
14076,12731
14076,12732
14076,12733
14076,12734
14076,12735
14076,12736
14076,12737
14076,12738
14076,12739
14076,12740
14076,12741
14076,12742
14076,12743
14076,12744
14076,12745
14076,12746
14076,12747
14076,12748
14076,12749
14076,12750
14076,12751
14076,12752
14076,12753
14076,12754
14076,12755
14076,12756
14076,12757
14076,12758
14076,12759
14076,12760
14076,12761
14076,12762
14076,12763
14076,12764
14076,12765
14076,12766
14076,12767
14076,12768
14076,12769
14076,12770
14076,12771
14076,12772
14076,12773
14076,12774
14076,12775
14076,12776
14076,12777
14076,12778
14076,12779
14076,12780
14076,12781
14076,12782
14076,12783
14076,12784
14076,12785
14076,12786
14076,12787
14076,12788
14076,12789
14076,12790
14076,12791
14076,12792
14076,12793
14076,12794
14076,12795
14076,12796
14076,12797
14076,12798
14076,12799
14076,12800
14076,12801
14076,12802
14076,12803
14076,12804
14076,12805
14076,12806
14076,12807
14076,12808
14076,12809
14076,12810
14076,12811
14076,12812
14076,12813
14076,12814
14076,12815
14076,12816
14076,12817
14076,12818
14076,12819
14076,12820
14076,12821
14076,12822
14076,12823
14076,12824
14076,12825
14076,12826
14076,12827
14076,12828
14076,12829
14076,12830
14076,12831
14076,12832
14076,12833
14076,12834
14076,12835
14076,12836
14076,12837
14076,12838
14076,12839
14076,12840
14076,12841
14076,12842
14076,12843
14076,12844
14076,12845
14076,12846
14076,12847
14076,12848
14076,12849
14076,12850
14076,12851
14076,12852
14076,12853
14076,12854
14076,12855
14076,12856
14076,12857
14076,12858
14076,12859
14076,12860
14076,12861
14076,12862
14076,12863
14076,12864
14076,12865
14076,12866
14076,12867
14076,12868
14076,12869
14076,12870
14076,12871
14076,12872
14076,12873
14076,12874
14076,12875
14076,12876
14076,12877
14076,12878
14076,12879
14076,12880
14076,12881
14076,12882
14076,12883
14076,12884
14076,12885
14076,12886
14076,12887
14076,12888
14076,12889
14076,12890
14076,12891
14076,12892
14076,12893
14076,12894
14076,12895
14076,12896
14076,12897
14076,12898
14076,12899
14076,12900
14076,12901
14076,12902
14076,12903
14076,12904
14076,12905
14076,12906
14076,12907
14076,12908
14076,12909
14076,12910
14076,12911
14076,12912
14076,12913
14076,12914
14076,12915
14076,12916
14076,12917
14076,12918
14076,12919
14076,12920
14076,12921
14076,12922
14076,12923
14076,12924
14076,12925
14076,12926
14076,12927
14076,12928
14076,12929
14076,12930
14076,12931
14076,12932
14076,12933
14076,12934
14076,12935
14076,12936
14076,12937
14076,12938
14076,12939
14076,12940
14076,12941
14076,12942
14076,12943
14076,12944
14076,12945
14076,12946
14076,12947
14076,12948
14076,12949
14076,12950
14076,12951
14076,12952
14076,12953
14076,12954
14076,12955
14076,12956
14076,12957
14076,12958
14076,12959
14076,12960
14076,12961
14076,12962
14076,12963
14076,12964
14077,12729
14077,12730
14077,12731
14077,12732
14077,12733
14077,12734
14077,12735
14077,12736
14077,12737
14077,12738
14077,12739
14077,12740
14077,12741
14077,12742
14077,12743
14077,12744
14077,12745
14077,12746
14077,12747
14077,12748
14077,12749
14077,12750
14077,12751
14077,12752
14077,12753
14077,12754
14077,12755
14077,12756
14077,12757
14077,12758
14077,12759
14077,12760
14077,12761
14077,12762
14077,12763
14077,12764
14077,12765
14077,12766
14077,12767
14077,12768
14077,12769
14077,12770
14077,12771
14077,12772
14077,12773
14077,12774
14077,12775
14077,12776
14077,12777
14077,12778
14077,12779
14077,12780
14077,12781
14077,12782
14077,12783
14077,12784
14077,12785
14077,12786
14077,12787
14077,12788
14077,12789
14077,12790
14077,12791
14077,12792
14077,12793
14077,12794
14077,12795
14077,12796
14077,12797
14077,12798
14077,12799
14077,12800
14077,12801
14077,12802
14077,12803
14077,12804
14077,12805
14077,12806
14077,12807
14077,12808
14077,12809
14077,12810
14077,12811
14077,12812
14077,12813
14077,12814
14077,12815
14077,12816
14077,12817
14077,12818
14077,12819
14077,12820
14077,12821
14077,12822
14077,12823
14077,12824
14077,12825
14077,12826
14077,12827
14077,12828
14077,12829
14077,12830
14077,12831
14077,12832
14077,12833
14077,12834
14077,12835
14077,12836
14077,12837
14077,12838
14077,12839
14077,12840
14077,12841
14077,12842
14077,12843
14077,12844
14077,12845
14077,12846
14077,12847
14077,12848
14077,12849
14077,12850
14077,12851
14077,12852
14077,12853
14077,12854
14077,12855
14077,12856
14077,12857
14077,12858
14077,12859
14077,12860
14077,12861
14077,12862
14077,12863
14077,12864
14077,12865
14077,12866
14077,12867
14077,12868
14077,12869
14077,12870
14077,12871
14077,12872
14077,12873
14077,12874
14077,12875
14077,12876
14077,12877
14077,12878
14077,12879
14077,12880
14077,12881
14077,12882
14077,12883
14077,12884
14077,12885
14077,12886
14077,12887
14077,12888
14077,12889
14077,12890
14077,12891
14077,12892
14077,12893
14077,12894
14077,12895
14077,12896
14077,12897
14077,12898
14077,12899
14077,12900
14077,12901
14077,12902
14077,12903
14077,12904
14077,12905
14077,12906
14077,12907
14077,12908
14077,12909
14077,12910
14077,12911
14077,12912
14077,12913
14077,12914
14077,12915
14077,12916
14077,12917
14077,12918
14077,12919
14077,12920
14077,12921
14077,12922
14077,12923
14077,12924
14077,12925
14077,12926
14077,12927
14077,12928
14077,12929
14077,12930
14077,12931
14077,12932
14077,12933
14077,12934
14077,12935
14077,12936
14077,12937
14077,12938
14077,12939
14077,12940
14077,12941
14077,12942
14077,12943
14077,12944
14077,12945
14077,12946
14077,12947
14077,12948
14077,12949
14077,12950
14077,12951
14077,12952
14077,12953
14077,12954
14077,12955
14077,12956
14077,12957
14077,12958
14077,12959
14077,12960
14077,12961
14077,12962
14077,12963
14077,12964
14078,12729
14078,12730
14078,12731
14078,12732
14078,12733
14078,12734
14078,12735
14078,12736
14078,12737
14078,12738
14078,12739
14078,12740
14078,12741
14078,12742
14078,12743
14078,12744
14078,12745
14078,12746
14078,12747
14078,12748
14078,12749
14078,12750
14078,12751
14078,12752
14078,12753
14078,12754
14078,12755
14078,12756
14078,12757
14078,12758
14078,12759
14078,12760
14078,12761
14078,12762
14078,12763
14078,12764
14078,12765
14078,12766
14078,12767
14078,12768
14078,12769
14078,12770
14078,12771
14078,12772
14078,12773
14078,12774
14078,12775
14078,12776
14078,12777
14078,12778
14078,12779
14078,12780
14078,12781
14078,12782
14078,12783
14078,12784
14078,12785
14078,12786
14078,12787
14078,12788
14078,12789
14078,12790
14078,12791
14078,12792
14078,12793
14078,12794
14078,12795
14078,12796
14078,12797
14078,12798
14078,12799
14078,12800
14078,12801
14078,12802
14078,12803
14078,12804
14078,12805
14078,12806
14078,12807
14078,12808
14078,12809
14078,12810
14078,12811
14078,12812
14078,12813
14078,12814
14078,12815
14078,12816
14078,12817
14078,12818
14078,12819
14078,12820
14078,12821
14078,12822
14078,12823
14078,12824
14078,12825
14078,12826
14078,12827
14078,12828
14078,12829
14078,12830
14078,12831
14078,12832
14078,12833
14078,12834
14078,12835
14078,12836
14078,12837
14078,12838
14078,12839
14078,12840
14078,12841
14078,12842
14078,12843
14078,12844
14078,12845
14078,12846
14078,12847
14078,12848
14078,12849
14078,12850
14078,12851
14078,12852
14078,12853
14078,12854
14078,12855
14078,12856
14078,12857
14078,12858
14078,12859
14078,12860
14078,12861
14078,12862
14078,12863
14078,12864
14078,12865
14078,12866
14078,12867
14078,12868
14078,12869
14078,12870
14078,12871
14078,12872
14078,12873
14078,12874
14078,12875
14078,12876
14078,12877
14078,12878
14078,12879
14078,12880
14078,12881
14078,12882
14078,12883
14078,12884
14078,12885
14078,12886
14078,12887
14078,12888
14078,12889
14078,12890
14078,12891
14078,12892
14078,12893
14078,12894
14078,12895
14078,12896
14078,12897
14078,12898
14078,12899
14078,12900
14078,12901
14078,12902
14078,12903
14078,12904
14078,12905
14078,12906
14078,12907
14078,12908
14078,12909
14078,12910
14078,12911
14078,12912
14078,12913
14078,12914
14078,12915
14078,12916
14078,12917
14078,12918
14078,12919
14078,12920
14078,12921
14078,12922
14078,12923
14078,12924
14078,12925
14078,12926
14078,12927
14078,12928
14078,12929
14078,12930
14078,12931
14078,12932
14078,12933
14078,12934
14078,12935
14078,12936
14078,12937
14078,12938
14078,12939
14078,12940
14078,12941
14078,12942
14078,12943
14078,12944
14078,12945
14078,12946
14078,12947
14078,12948
14078,12949
14078,12950
14078,12951
14078,12952
14078,12953
14078,12954
14078,12955
14078,12956
14078,12957
14078,12958
14078,12959
14078,12960
14078,12961
14078,12962
14078,12963
14079,12728
14079,12729
14079,12730
14079,12731
14079,12732
14079,12733
14079,12734
14079,12735
14079,12736
14079,12737
14079,12738
14079,12739
14079,12740
14079,12741
14079,12742
14079,12743
14079,12744
14079,12745
14079,12746
14079,12747
14079,12748
14079,12749
14079,12750
14079,12751
14079,12752
14079,12753
14079,12754
14079,12755
14079,12756
14079,12757
14079,12758
14079,12759
14079,12760
14079,12761
14079,12762
14079,12763
14079,12764
14079,12765
14079,12766
14079,12767
14079,12768
14079,12769
14079,12770
14079,12771
14079,12772
14079,12773
14079,12774
14079,12775
14079,12776
14079,12777
14079,12778
14079,12779
14079,12780
14079,12781
14079,12782
14079,12783
14079,12784
14079,12785
14079,12786
14079,12787
14079,12788
14079,12789
14079,12790
14079,12791
14079,12792
14079,12793
14079,12794
14079,12795
14079,12796
14079,12797
14079,12798
14079,12799
14079,12800
14079,12801
14079,12802
14079,12803
14079,12804
14079,12805
14079,12806
14079,12807
14079,12808
14079,12809
14079,12810
14079,12811
14079,12812
14079,12813
14079,12814
14079,12815
14079,12816
14079,12817
14079,12818
14079,12819
14079,12820
14079,12821
14079,12822
14079,12823
14079,12824
14079,12825
14079,12826
14079,12827
14079,12828
14079,12829
14079,12830
14079,12831
14079,12832
14079,12833
14079,12834
14079,12835
14079,12836
14079,12837
14079,12838
14079,12839
14079,12840
14079,12841
14079,12842
14079,12843
14079,12844
14079,12845
14079,12846
14079,12847
14079,12848
14079,12849
14079,12850
14079,12851
14079,12852
14079,12853
14079,12854
14079,12855
14079,12856
14079,12857
14079,12858
14079,12859
14079,12860
14079,12861
14079,12862
14079,12863
14079,12864
14079,12865
14079,12866
14079,12867
14079,12868
14079,12869
14079,12870
14079,12871
14079,12872
14079,12873
14079,12874
14079,12875
14079,12876
14079,12877
14079,12878
14079,12879
14079,12880
14079,12881
14079,12882
14079,12883
14079,12884
14079,12885
14079,12886
14079,12887
14079,12888
14079,12889
14079,12890
14079,12891
14079,12892
14079,12893
14079,12894
14079,12895
14079,12896
14079,12897
14079,12898
14079,12899
14079,12900
14079,12901
14079,12902
14079,12903
14079,12904
14079,12905
14079,12906
14079,12907
14079,12908
14079,12909
14079,12910
14079,12911
14079,12912
14079,12913
14079,12914
14079,12915
14079,12916
14079,12917
14079,12918
14079,12919
14079,12920
14079,12921
14079,12922
14079,12923
14079,12924
14079,12925
14079,12926
14079,12927
14079,12928
14079,12929
14079,12930
14079,12931
14079,12932
14079,12933
14079,12934
14079,12935
14079,12936
14079,12937
14079,12938
14079,12939
14079,12940
14079,12941
14079,12942
14079,12943
14079,12944
14079,12945
14079,12946
14079,12947
14079,12948
14079,12949
14079,12950
14079,12951
14079,12952
14079,12953
14079,12954
14079,12955
14079,12956
14079,12957
14079,12958
14079,12959
14079,12960
14079,12961
14079,12962
14079,12963
14080,12728
14080,12729
14080,12730
14080,12731
14080,12732
14080,12733
14080,12734
14080,12735
14080,12736
14080,12737
14080,12738
14080,12739
14080,12740
14080,12741
14080,12742
14080,12743
14080,12744
14080,12745
14080,12746
14080,12747
14080,12748
14080,12749
14080,12750
14080,12751
14080,12752
14080,12753
14080,12754
14080,12755
14080,12756
14080,12757
14080,12758
14080,12759
14080,12760
14080,12761
14080,12762
14080,12763
14080,12764
14080,12765
14080,12766
14080,12767
14080,12768
14080,12769
14080,12770
14080,12771
14080,12772
14080,12773
14080,12774
14080,12775
14080,12776
14080,12777
14080,12778
14080,12779
14080,12780
14080,12781
14080,12782
14080,12783
14080,12784
14080,12785
14080,12786
14080,12787
14080,12788
14080,12789
14080,12790
14080,12791
14080,12792
14080,12793
14080,12794
14080,12795
14080,12796
14080,12797
14080,12798
14080,12799
14080,12800
14080,12801
14080,12802
14080,12803
14080,12804
14080,12805
14080,12806
14080,12807
14080,12808
14080,12809
14080,12810
14080,12811
14080,12812
14080,12813
14080,12814
14080,12815
14080,12816
14080,12817
14080,12818
14080,12819
14080,12820
14080,12821
14080,12822
14080,12823
14080,12824
14080,12825
14080,12826
14080,12827
14080,12828
14080,12829
14080,12830
14080,12831
14080,12832
14080,12833
14080,12834
14080,12835
14080,12836
14080,12837
14080,12838
14080,12839
14080,12840
14080,12841
14080,12842
14080,12843
14080,12844
14080,12845
14080,12846
14080,12847
14080,12848
14080,12849
14080,12850
14080,12851
14080,12852
14080,12853
14080,12854
14080,12855
14080,12856
14080,12857
14080,12858
14080,12859
14080,12860
14080,12861
14080,12862
14080,12863
14080,12864
14080,12865
14080,12866
14080,12867
14080,12868
14080,12869
14080,12870
14080,12871
14080,12872
14080,12873
14080,12874
14080,12875
14080,12876
14080,12877
14080,12878
14080,12879
14080,12880
14080,12881
14080,12882
14080,12883
14080,12884
14080,12885
14080,12886
14080,12887
14080,12888
14080,12889
14080,12890
14080,12891
14080,12892
14080,12893
14080,12894
14080,12895
14080,12896
14080,12897
14080,12898
14080,12899
14080,12900
14080,12901
14080,12902
14080,12903
14080,12904
14080,12905
14080,12906
14080,12907
14080,12908
14080,12909
14080,12910
14080,12911
14080,12912
14080,12913
14080,12914
14080,12915
14080,12916
14080,12917
14080,12918
14080,12919
14080,12920
14080,12921
14080,12922
14080,12923
14080,12924
14080,12925
14080,12926
14080,12927
14080,12928
14080,12929
14080,12930
14080,12931
14080,12932
14080,12933
14080,12934
14080,12935
14080,12936
14080,12937
14080,12938
14080,12939
14080,12940
14080,12941
14080,12942
14080,12943
14080,12944
14080,12945
14080,12946
14080,12947
14080,12948
14080,12949
14080,12950
14080,12951
14080,12952
14080,12953
14080,12954
14080,12955
14080,12956
14080,12957
14080,12958
14080,12959
14080,12960
14080,12961
14080,12962
14080,12963
14081,12728
14081,12729
14081,12730
14081,12731
14081,12732
14081,12733
14081,12734
14081,12735
14081,12736
14081,12737
14081,12738
14081,12739
14081,12740
14081,12741
14081,12742
14081,12743
14081,12744
14081,12745
14081,12746
14081,12747
14081,12748
14081,12749
14081,12750
14081,12751
14081,12752
14081,12753
14081,12754
14081,12755
14081,12756
14081,12757
14081,12758
14081,12759
14081,12760
14081,12761
14081,12762
14081,12763
14081,12764
14081,12765
14081,12766
14081,12767
14081,12768
14081,12769
14081,12770
14081,12771
14081,12772
14081,12773
14081,12774
14081,12775
14081,12776
14081,12777
14081,12778
14081,12779
14081,12780
14081,12781
14081,12782
14081,12783
14081,12784
14081,12785
14081,12786
14081,12787
14081,12788
14081,12789
14081,12790
14081,12791
14081,12792
14081,12793
14081,12794
14081,12795
14081,12796
14081,12797
14081,12798
14081,12799
14081,12800
14081,12801
14081,12802
14081,12803
14081,12804
14081,12805
14081,12806
14081,12807
14081,12808
14081,12809
14081,12810
14081,12811
14081,12812
14081,12813
14081,12814
14081,12815
14081,12816
14081,12817
14081,12818
14081,12819
14081,12820
14081,12821
14081,12822
14081,12823
14081,12824
14081,12825
14081,12826
14081,12827
14081,12828
14081,12829
14081,12830
14081,12831
14081,12832
14081,12833
14081,12834
14081,12835
14081,12836
14081,12837
14081,12838
14081,12839
14081,12840
14081,12841
14081,12842
14081,12843
14081,12844
14081,12845
14081,12846
14081,12847
14081,12848
14081,12849
14081,12850
14081,12851
14081,12852
14081,12853
14081,12854
14081,12855
14081,12856
14081,12857
14081,12858
14081,12859
14081,12860
14081,12861
14081,12862
14081,12863
14081,12864
14081,12865
14081,12866
14081,12867
14081,12868
14081,12869
14081,12870
14081,12871
14081,12872
14081,12873
14081,12874
14081,12875
14081,12876
14081,12877
14081,12878
14081,12879
14081,12880
14081,12881
14081,12882
14081,12883
14081,12884
14081,12885
14081,12886
14081,12887
14081,12888
14081,12889
14081,12890
14081,12891
14081,12892
14081,12893
14081,12894
14081,12895
14081,12896
14081,12897
14081,12898
14081,12899
14081,12900
14081,12901
14081,12902
14081,12903
14081,12904
14081,12905
14081,12906
14081,12907
14081,12908
14081,12909
14081,12910
14081,12911
14081,12912
14081,12913
14081,12914
14081,12915
14081,12916
14081,12917
14081,12918
14081,12919
14081,12920
14081,12921
14081,12922
14081,12923
14081,12924
14081,12925
14081,12926
14081,12927
14081,12928
14081,12929
14081,12930
14081,12931
14081,12932
14081,12933
14081,12934
14081,12935
14081,12936
14081,12937
14081,12938
14081,12939
14081,12940
14081,12941
14081,12942
14081,12943
14081,12944
14081,12945
14081,12946
14081,12947
14081,12948
14081,12949
14081,12950
14081,12951
14081,12952
14081,12953
14081,12954
14081,12955
14081,12956
14081,12957
14081,12958
14081,12959
14081,12960
14081,12961
14081,12962
14082,12728
14082,12729
14082,12730
14082,12731
14082,12732
14082,12733
14082,12734
14082,12735
14082,12736
14082,12737
14082,12738
14082,12739
14082,12740
14082,12741
14082,12742
14082,12743
14082,12744
14082,12745
14082,12746
14082,12747
14082,12748
14082,12749
14082,12750
14082,12751
14082,12752
14082,12753
14082,12754
14082,12755
14082,12756
14082,12757
14082,12758
14082,12759
14082,12760
14082,12761
14082,12762
14082,12763
14082,12764
14082,12765
14082,12766
14082,12767
14082,12768
14082,12769
14082,12770
14082,12771
14082,12772
14082,12773
14082,12774
14082,12775
14082,12776
14082,12777
14082,12778
14082,12779
14082,12780
14082,12781
14082,12782
14082,12783
14082,12784
14082,12785
14082,12786
14082,12787
14082,12788
14082,12789
14082,12790
14082,12791
14082,12792
14082,12793
14082,12794
14082,12795
14082,12796
14082,12797
14082,12798
14082,12799
14082,12800
14082,12801
14082,12802
14082,12803
14082,12804
14082,12805
14082,12806
14082,12807
14082,12808
14082,12809
14082,12810
14082,12811
14082,12812
14082,12813
14082,12814
14082,12815
14082,12816
14082,12817
14082,12818
14082,12819
14082,12820
14082,12821
14082,12822
14082,12823
14082,12824
14082,12825
14082,12826
14082,12827
14082,12828
14082,12829
14082,12830
14082,12831
14082,12832
14082,12833
14082,12834
14082,12835
14082,12836
14082,12837
14082,12838
14082,12839
14082,12840
14082,12841
14082,12842
14082,12843
14082,12844
14082,12845
14082,12846
14082,12847
14082,12848
14082,12849
14082,12850
14082,12851
14082,12852
14082,12853
14082,12854
14082,12855
14082,12856
14082,12857
14082,12858
14082,12859
14082,12860
14082,12861
14082,12862
14082,12863
14082,12864
14082,12865
14082,12866
14082,12867
14082,12868
14082,12869
14082,12870
14082,12871
14082,12872
14082,12873
14082,12874
14082,12875
14082,12876
14082,12877
14082,12878
14082,12879
14082,12880
14082,12881
14082,12882
14082,12883
14082,12884
14082,12885
14082,12886
14082,12887
14082,12888
14082,12889
14082,12890
14082,12891
14082,12892
14082,12893
14082,12894
14082,12895
14082,12896
14082,12897
14082,12898
14082,12899
14082,12900
14082,12901
14082,12902
14082,12903
14082,12904
14082,12905
14082,12906
14082,12907
14082,12908
14082,12909
14082,12910
14082,12911
14082,12912
14082,12913
14082,12914
14082,12915
14082,12916
14082,12917
14082,12918
14082,12919
14082,12920
14082,12921
14082,12922
14082,12923
14082,12924
14082,12925
14082,12926
14082,12927
14082,12928
14082,12929
14082,12930
14082,12931
14082,12932
14082,12933
14082,12934
14082,12935
14082,12936
14082,12937
14082,12938
14082,12939
14082,12940
14082,12941
14082,12942
14082,12943
14082,12944
14082,12945
14082,12946
14082,12947
14082,12948
14082,12949
14082,12950
14082,12951
14082,12952
14082,12953
14082,12954
14082,12955
14082,12956
14082,12957
14082,12958
14082,12959
14082,12960
14082,12961
14082,12962
14083,12727
14083,12728
14083,12729
14083,12730
14083,12731
14083,12732
14083,12733
14083,12734
14083,12735
14083,12736
14083,12737
14083,12738
14083,12739
14083,12740
14083,12741
14083,12742
14083,12743
14083,12744
14083,12745
14083,12746
14083,12747
14083,12748
14083,12749
14083,12750
14083,12751
14083,12752
14083,12753
14083,12754
14083,12755
14083,12756
14083,12757
14083,12758
14083,12759
14083,12760
14083,12761
14083,12762
14083,12763
14083,12764
14083,12765
14083,12766
14083,12767
14083,12768
14083,12769
14083,12770
14083,12771
14083,12772
14083,12773
14083,12774
14083,12775
14083,12776
14083,12777
14083,12778
14083,12779
14083,12780
14083,12781
14083,12782
14083,12783
14083,12784
14083,12785
14083,12786
14083,12787
14083,12788
14083,12789
14083,12790
14083,12791
14083,12792
14083,12793
14083,12794
14083,12795
14083,12796
14083,12797
14083,12798
14083,12799
14083,12800
14083,12801
14083,12802
14083,12803
14083,12804
14083,12805
14083,12806
14083,12807
14083,12808
14083,12809
14083,12810
14083,12811
14083,12812
14083,12813
14083,12814
14083,12815
14083,12816
14083,12817
14083,12818
14083,12819
14083,12820
14083,12821
14083,12822
14083,12823
14083,12824
14083,12825
14083,12826
14083,12827
14083,12828
14083,12829
14083,12830
14083,12831
14083,12832
14083,12833
14083,12834
14083,12835
14083,12836
14083,12837
14083,12838
14083,12839
14083,12840
14083,12841
14083,12842
14083,12843
14083,12844
14083,12845
14083,12846
14083,12847
14083,12848
14083,12849
14083,12850
14083,12851
14083,12852
14083,12853
14083,12854
14083,12855
14083,12856
14083,12857
14083,12858
14083,12859
14083,12860
14083,12861
14083,12862
14083,12863
14083,12864
14083,12865
14083,12866
14083,12867
14083,12868
14083,12869
14083,12870
14083,12871
14083,12872
14083,12873
14083,12874
14083,12875
14083,12876
14083,12877
14083,12878
14083,12879
14083,12880
14083,12881
14083,12882
14083,12883
14083,12884
14083,12885
14083,12886
14083,12887
14083,12888
14083,12889
14083,12890
14083,12891
14083,12892
14083,12893
14083,12894
14083,12895
14083,12896
14083,12897
14083,12898
14083,12899
14083,12900
14083,12901
14083,12902
14083,12903
14083,12904
14083,12905
14083,12906
14083,12907
14083,12908
14083,12909
14083,12910
14083,12911
14083,12912
14083,12913
14083,12914
14083,12915
14083,12916
14083,12917
14083,12918
14083,12919
14083,12920
14083,12921
14083,12922
14083,12923
14083,12924
14083,12925
14083,12926
14083,12927
14083,12928
14083,12929
14083,12930
14083,12931
14083,12932
14083,12933
14083,12934
14083,12935
14083,12936
14083,12937
14083,12938
14083,12939
14083,12940
14083,12941
14083,12942
14083,12943
14083,12944
14083,12945
14083,12946
14083,12947
14083,12948
14083,12949
14083,12950
14083,12951
14083,12952
14083,12953
14083,12954
14083,12955
14083,12956
14083,12957
14083,12958
14083,12959
14083,12960
14083,12961
14084,12728
14084,12729
14084,12730
14084,12731
14084,12732
14084,12733
14084,12734
14084,12735
14084,12736
14084,12737
14084,12738
14084,12739
14084,12740
14084,12741
14084,12742
14084,12743
14084,12744
14084,12745
14084,12746
14084,12747
14084,12748
14084,12749
14084,12750
14084,12751
14084,12752
14084,12753
14084,12754
14084,12755
14084,12756
14084,12757
14084,12758
14084,12759
14084,12760
14084,12761
14084,12762
14084,12763
14084,12764
14084,12765
14084,12766
14084,12767
14084,12768
14084,12769
14084,12770
14084,12771
14084,12772
14084,12773
14084,12774
14084,12775
14084,12776
14084,12777
14084,12778
14084,12779
14084,12780
14084,12781
14084,12782
14084,12783
14084,12784
14084,12785
14084,12786
14084,12787
14084,12788
14084,12789
14084,12790
14084,12791
14084,12792
14084,12793
14084,12794
14084,12795
14084,12796
14084,12797
14084,12798
14084,12799
14084,12800
14084,12801
14084,12802
14084,12803
14084,12804
14084,12805
14084,12806
14084,12807
14084,12808
14084,12809
14084,12810
14084,12811
14084,12812
14084,12813
14084,12814
14084,12815
14084,12816
14084,12817
14084,12818
14084,12819
14084,12820
14084,12821
14084,12822
14084,12823
14084,12824
14084,12825
14084,12826
14084,12827
14084,12828
14084,12829
14084,12830
14084,12831
14084,12832
14084,12833
14084,12834
14084,12835
14084,12836
14084,12837
14084,12838
14084,12839
14084,12840
14084,12841
14084,12842
14084,12843
14084,12844
14084,12845
14084,12846
14084,12847
14084,12848
14084,12849
14084,12850
14084,12851
14084,12852
14084,12853
14084,12854
14084,12855
14084,12856
14084,12857
14084,12858
14084,12859
14084,12860
14084,12861
14084,12862
14084,12863
14084,12864
14084,12865
14084,12866
14084,12867
14084,12868
14084,12869
14084,12870
14084,12871
14084,12872
14084,12873
14084,12874
14084,12875
14084,12876
14084,12877
14084,12878
14084,12879
14084,12880
14084,12881
14084,12882
14084,12883
14084,12884
14084,12885
14084,12886
14084,12887
14084,12888
14084,12889
14084,12890
14084,12891
14084,12892
14084,12893
14084,12894
14084,12895
14084,12896
14084,12897
14084,12898
14084,12899
14084,12900
14084,12901
14084,12902
14084,12903
14084,12904
14084,12905
14084,12906
14084,12907
14084,12908
14084,12909
14084,12910
14084,12911
14084,12912
14084,12913
14084,12914
14084,12915
14084,12916
14084,12917
14084,12918
14084,12919
14084,12920
14084,12921
14084,12922
14084,12923
14084,12924
14084,12925
14084,12926
14084,12927
14084,12928
14084,12929
14084,12930
14084,12931
14084,12932
14084,12933
14084,12934
14084,12935
14084,12936
14084,12937
14084,12938
14084,12939
14084,12940
14084,12941
14084,12942
14084,12943
14084,12944
14084,12945
14084,12946
14084,12947
14084,12948
14084,12949
14084,12950
14084,12951
14084,12952
14084,12953
14084,12954
14084,12955
14084,12956
14084,12957
14084,12958
14084,12959
14084,12960
14084,12961
14085,12728
14085,12729
14085,12730
14085,12731
14085,12732
14085,12733
14085,12734
14085,12735
14085,12736
14085,12737
14085,12738
14085,12739
14085,12740
14085,12741
14085,12742
14085,12743
14085,12744
14085,12745
14085,12746
14085,12747
14085,12748
14085,12749
14085,12750
14085,12751
14085,12752
14085,12753
14085,12754
14085,12755
14085,12756
14085,12757
14085,12758
14085,12759
14085,12760
14085,12761
14085,12762
14085,12763
14085,12764
14085,12765
14085,12766
14085,12767
14085,12768
14085,12769
14085,12770
14085,12771
14085,12772
14085,12773
14085,12774
14085,12775
14085,12776
14085,12777
14085,12778
14085,12779
14085,12780
14085,12781
14085,12782
14085,12783
14085,12784
14085,12785
14085,12786
14085,12787
14085,12788
14085,12789
14085,12790
14085,12791
14085,12792
14085,12793
14085,12794
14085,12795
14085,12796
14085,12797
14085,12798
14085,12799
14085,12800
14085,12801
14085,12802
14085,12803
14085,12804
14085,12805
14085,12806
14085,12807
14085,12808
14085,12809
14085,12810
14085,12811
14085,12812
14085,12813
14085,12814
14085,12815
14085,12816
14085,12817
14085,12818
14085,12819
14085,12820
14085,12821
14085,12822
14085,12823
14085,12824
14085,12825
14085,12826
14085,12827
14085,12828
14085,12829
14085,12830
14085,12831
14085,12832
14085,12833
14085,12834
14085,12835
14085,12836
14085,12837
14085,12838
14085,12839
14085,12840
14085,12841
14085,12842
14085,12843
14085,12844
14085,12845
14085,12846
14085,12847
14085,12848
14085,12849
14085,12850
14085,12851
14085,12852
14085,12853
14085,12854
14085,12855
14085,12856
14085,12857
14085,12858
14085,12859
14085,12860
14085,12861
14085,12862
14085,12863
14085,12864
14085,12865
14085,12866
14085,12867
14085,12868
14085,12869
14085,12870
14085,12871
14085,12872
14085,12873
14085,12874
14085,12875
14085,12876
14085,12877
14085,12878
14085,12879
14085,12880
14085,12881
14085,12882
14085,12883
14085,12884
14085,12885
14085,12886
14085,12887
14085,12888
14085,12889
14085,12890
14085,12891
14085,12892
14085,12893
14085,12894
14085,12895
14085,12896
14085,12897
14085,12898
14085,12899
14085,12900
14085,12901
14085,12902
14085,12903
14085,12904
14085,12905
14085,12906
14085,12907
14085,12908
14085,12909
14085,12910
14085,12911
14085,12912
14085,12913
14085,12914
14085,12915
14085,12916
14085,12917
14085,12918
14085,12919
14085,12920
14085,12921
14085,12922
14085,12923
14085,12924
14085,12925
14085,12926
14085,12927
14085,12928
14085,12929
14085,12930
14085,12931
14085,12932
14085,12933
14085,12934
14085,12935
14085,12936
14085,12937
14085,12938
14085,12939
14085,12940
14085,12941
14085,12942
14085,12943
14085,12944
14085,12945
14085,12946
14085,12947
14085,12948
14085,12949
14085,12950
14085,12951
14085,12952
14085,12953
14085,12954
14085,12955
14085,12956
14085,12957
14085,12958
14085,12959
14085,12960
14085,12961
14086,12728
14086,12729
14086,12730
14086,12731
14086,12732
14086,12733
14086,12734
14086,12735
14086,12736
14086,12737
14086,12738
14086,12739
14086,12740
14086,12741
14086,12742
14086,12743
14086,12744
14086,12745
14086,12746
14086,12747
14086,12748
14086,12749
14086,12750
14086,12751
14086,12752
14086,12753
14086,12754
14086,12755
14086,12756
14086,12757
14086,12758
14086,12759
14086,12760
14086,12761
14086,12762
14086,12763
14086,12764
14086,12765
14086,12766
14086,12767
14086,12768
14086,12769
14086,12770
14086,12771
14086,12772
14086,12773
14086,12774
14086,12775
14086,12776
14086,12777
14086,12778
14086,12779
14086,12780
14086,12781
14086,12782
14086,12783
14086,12784
14086,12785
14086,12786
14086,12787
14086,12788
14086,12789
14086,12790
14086,12791
14086,12792
14086,12793
14086,12794
14086,12795
14086,12796
14086,12797
14086,12798
14086,12799
14086,12800
14086,12801
14086,12802
14086,12803
14086,12804
14086,12805
14086,12806
14086,12807
14086,12808
14086,12809
14086,12810
14086,12811
14086,12812
14086,12813
14086,12814
14086,12815
14086,12816
14086,12817
14086,12818
14086,12819
14086,12820
14086,12821
14086,12822
14086,12823
14086,12824
14086,12825
14086,12826
14086,12827
14086,12828
14086,12829
14086,12830
14086,12831
14086,12832
14086,12833
14086,12834
14086,12835
14086,12836
14086,12837
14086,12838
14086,12839
14086,12840
14086,12841
14086,12842
14086,12843
14086,12844
14086,12845
14086,12846
14086,12847
14086,12848
14086,12849
14086,12850
14086,12851
14086,12852
14086,12853
14086,12854
14086,12855
14086,12856
14086,12857
14086,12858
14086,12859
14086,12860
14086,12861
14086,12862
14086,12863
14086,12864
14086,12865
14086,12866
14086,12867
14086,12868
14086,12869
14086,12870
14086,12871
14086,12872
14086,12873
14086,12874
14086,12875
14086,12876
14086,12877
14086,12878
14086,12879
14086,12880
14086,12881
14086,12882
14086,12883
14086,12884
14086,12885
14086,12886
14086,12887
14086,12888
14086,12889
14086,12890
14086,12891
14086,12892
14086,12893
14086,12894
14086,12895
14086,12896
14086,12897
14086,12898
14086,12899
14086,12900
14086,12901
14086,12902
14086,12903
14086,12904
14086,12905
14086,12906
14086,12907
14086,12908
14086,12909
14086,12910
14086,12911
14086,12912
14086,12913
14086,12914
14086,12915
14086,12916
14086,12917
14086,12918
14086,12919
14086,12920
14086,12921
14086,12922
14086,12923
14086,12924
14086,12925
14086,12926
14086,12927
14086,12928
14086,12929
14086,12930
14086,12931
14086,12932
14086,12933
14086,12934
14086,12935
14086,12936
14086,12937
14086,12938
14086,12939
14086,12940
14086,12941
14086,12942
14086,12943
14086,12944
14086,12945
14086,12946
14086,12947
14086,12948
14086,12949
14086,12950
14086,12951
14086,12952
14086,12953
14086,12954
14086,12955
14086,12956
14086,12957
14086,12958
14086,12959
14086,12960
14087,12727
14087,12728
14087,12729
14087,12730
14087,12731
14087,12732
14087,12733
14087,12734
14087,12735
14087,12736
14087,12737
14087,12738
14087,12739
14087,12740
14087,12741
14087,12742
14087,12743
14087,12744
14087,12745
14087,12746
14087,12747
14087,12748
14087,12749
14087,12750
14087,12751
14087,12752
14087,12753
14087,12754
14087,12755
14087,12756
14087,12757
14087,12758
14087,12759
14087,12760
14087,12761
14087,12762
14087,12763
14087,12764
14087,12765
14087,12766
14087,12767
14087,12768
14087,12769
14087,12770
14087,12771
14087,12772
14087,12773
14087,12774
14087,12775
14087,12776
14087,12777
14087,12778
14087,12779
14087,12780
14087,12781
14087,12782
14087,12783
14087,12784
14087,12785
14087,12786
14087,12787
14087,12788
14087,12789
14087,12790
14087,12791
14087,12792
14087,12793
14087,12794
14087,12795
14087,12796
14087,12797
14087,12798
14087,12799
14087,12800
14087,12801
14087,12802
14087,12803
14087,12804
14087,12805
14087,12806
14087,12807
14087,12808
14087,12809
14087,12810
14087,12811
14087,12812
14087,12813
14087,12814
14087,12815
14087,12816
14087,12817
14087,12818
14087,12819
14087,12820
14087,12821
14087,12822
14087,12823
14087,12824
14087,12825
14087,12826
14087,12827
14087,12828
14087,12829
14087,12830
14087,12831
14087,12832
14087,12833
14087,12834
14087,12835
14087,12836
14087,12837
14087,12838
14087,12839
14087,12840
14087,12841
14087,12842
14087,12843
14087,12844
14087,12845
14087,12846
14087,12847
14087,12848
14087,12849
14087,12850
14087,12851
14087,12852
14087,12853
14087,12854
14087,12855
14087,12856
14087,12857
14087,12858
14087,12859
14087,12860
14087,12861
14087,12862
14087,12863
14087,12864
14087,12865
14087,12866
14087,12867
14087,12868
14087,12869
14087,12870
14087,12871
14087,12872
14087,12873
14087,12874
14087,12875
14087,12876
14087,12877
14087,12878
14087,12879
14087,12880
14087,12881
14087,12882
14087,12883
14087,12884
14087,12885
14087,12886
14087,12887
14087,12888
14087,12889
14087,12890
14087,12891
14087,12892
14087,12893
14087,12894
14087,12895
14087,12896
14087,12897
14087,12898
14087,12899
14087,12900
14087,12901
14087,12902
14087,12903
14087,12904
14087,12905
14087,12906
14087,12907
14087,12908
14087,12909
14087,12910
14087,12911
14087,12912
14087,12913
14087,12914
14087,12915
14087,12916
14087,12917
14087,12918
14087,12919
14087,12920
14087,12921
14087,12922
14087,12923
14087,12924
14087,12925
14087,12926
14087,12927
14087,12928
14087,12929
14087,12930
14087,12931
14087,12932
14087,12933
14087,12934
14087,12935
14087,12936
14087,12937
14087,12938
14087,12939
14087,12940
14087,12941
14087,12942
14087,12943
14087,12944
14087,12945
14087,12946
14087,12947
14087,12948
14087,12949
14087,12950
14087,12951
14087,12952
14087,12953
14087,12954
14087,12955
14087,12956
14087,12957
14087,12958
14087,12959
14087,12960
14088,12727
14088,12728
14088,12729
14088,12730
14088,12731
14088,12732
14088,12733
14088,12734
14088,12735
14088,12736
14088,12737
14088,12738
14088,12739
14088,12740
14088,12741
14088,12742
14088,12743
14088,12744
14088,12745
14088,12746
14088,12747
14088,12748
14088,12749
14088,12750
14088,12751
14088,12752
14088,12753
14088,12754
14088,12755
14088,12756
14088,12757
14088,12758
14088,12759
14088,12760
14088,12761
14088,12762
14088,12763
14088,12764
14088,12765
14088,12766
14088,12767
14088,12768
14088,12769
14088,12770
14088,12771
14088,12772
14088,12773
14088,12774
14088,12775
14088,12776
14088,12777
14088,12778
14088,12779
14088,12780
14088,12781
14088,12782
14088,12783
14088,12784
14088,12785
14088,12786
14088,12787
14088,12788
14088,12789
14088,12790
14088,12791
14088,12792
14088,12793
14088,12794
14088,12795
14088,12796
14088,12797
14088,12798
14088,12799
14088,12800
14088,12801
14088,12802
14088,12803
14088,12804
14088,12805
14088,12806
14088,12807
14088,12808
14088,12809
14088,12810
14088,12811
14088,12812
14088,12813
14088,12814
14088,12815
14088,12816
14088,12817
14088,12818
14088,12819
14088,12820
14088,12821
14088,12822
14088,12823
14088,12824
14088,12825
14088,12826
14088,12827
14088,12828
14088,12829
14088,12830
14088,12831
14088,12832
14088,12833
14088,12834
14088,12835
14088,12836
14088,12837
14088,12838
14088,12839
14088,12840
14088,12841
14088,12842
14088,12843
14088,12844
14088,12845
14088,12846
14088,12847
14088,12848
14088,12849
14088,12850
14088,12851
14088,12852
14088,12853
14088,12854
14088,12855
14088,12856
14088,12857
14088,12858
14088,12859
14088,12860
14088,12861
14088,12862
14088,12863
14088,12864
14088,12865
14088,12866
14088,12867
14088,12868
14088,12869
14088,12870
14088,12871
14088,12872
14088,12873
14088,12874
14088,12875
14088,12876
14088,12877
14088,12878
14088,12879
14088,12880
14088,12881
14088,12882
14088,12883
14088,12884
14088,12885
14088,12886
14088,12887
14088,12888
14088,12889
14088,12890
14088,12891
14088,12892
14088,12893
14088,12894
14088,12895
14088,12896
14088,12897
14088,12898
14088,12899
14088,12900
14088,12901
14088,12902
14088,12903
14088,12904
14088,12905
14088,12906
14088,12907
14088,12908
14088,12909
14088,12910
14088,12911
14088,12912
14088,12913
14088,12914
14088,12915
14088,12916
14088,12917
14088,12918
14088,12919
14088,12920
14088,12921
14088,12922
14088,12923
14088,12924
14088,12925
14088,12926
14088,12927
14088,12928
14088,12929
14088,12930
14088,12931
14088,12932
14088,12933
14088,12934
14088,12935
14088,12936
14088,12937
14088,12938
14088,12939
14088,12940
14088,12941
14088,12942
14088,12943
14088,12944
14088,12945
14088,12946
14088,12947
14088,12948
14088,12949
14088,12950
14088,12951
14088,12952
14088,12953
14088,12954
14088,12955
14088,12956
14088,12957
14088,12958
14088,12959
14088,12960
14088,12961
14089,12727
14089,12728
14089,12729
14089,12730
14089,12731
14089,12732
14089,12733
14089,12734
14089,12735
14089,12736
14089,12737
14089,12738
14089,12739
14089,12740
14089,12741
14089,12742
14089,12743
14089,12744
14089,12745
14089,12746
14089,12747
14089,12748
14089,12749
14089,12750
14089,12751
14089,12752
14089,12753
14089,12754
14089,12755
14089,12756
14089,12757
14089,12758
14089,12759
14089,12760
14089,12761
14089,12762
14089,12763
14089,12764
14089,12765
14089,12766
14089,12767
14089,12768
14089,12769
14089,12770
14089,12771
14089,12772
14089,12773
14089,12774
14089,12775
14089,12776
14089,12777
14089,12778
14089,12779
14089,12780
14089,12781
14089,12782
14089,12783
14089,12784
14089,12785
14089,12786
14089,12787
14089,12788
14089,12789
14089,12790
14089,12791
14089,12792
14089,12793
14089,12794
14089,12795
14089,12796
14089,12797
14089,12798
14089,12799
14089,12800
14089,12801
14089,12802
14089,12803
14089,12804
14089,12805
14089,12806
14089,12807
14089,12808
14089,12809
14089,12810
14089,12811
14089,12812
14089,12813
14089,12814
14089,12815
14089,12816
14089,12817
14089,12818
14089,12819
14089,12820
14089,12821
14089,12822
14089,12823
14089,12824
14089,12825
14089,12826
14089,12827
14089,12828
14089,12829
14089,12830
14089,12831
14089,12832
14089,12833
14089,12834
14089,12835
14089,12836
14089,12837
14089,12838
14089,12839
14089,12840
14089,12841
14089,12842
14089,12843
14089,12844
14089,12845
14089,12846
14089,12847
14089,12848
14089,12849
14089,12850
14089,12851
14089,12852
14089,12853
14089,12854
14089,12855
14089,12856
14089,12857
14089,12858
14089,12859
14089,12860
14089,12861
14089,12862
14089,12863
14089,12864
14089,12865
14089,12866
14089,12867
14089,12868
14089,12869
14089,12870
14089,12871
14089,12872
14089,12873
14089,12874
14089,12875
14089,12876
14089,12877
14089,12878
14089,12879
14089,12880
14089,12881
14089,12882
14089,12883
14089,12884
14089,12885
14089,12886
14089,12887
14089,12888
14089,12889
14089,12890
14089,12891
14089,12892
14089,12893
14089,12894
14089,12895
14089,12896
14089,12897
14089,12898
14089,12899
14089,12900
14089,12901
14089,12902
14089,12903
14089,12904
14089,12905
14089,12906
14089,12907
14089,12908
14089,12909
14089,12910
14089,12911
14089,12912
14089,12913
14089,12914
14089,12915
14089,12916
14089,12917
14089,12918
14089,12919
14089,12920
14089,12921
14089,12922
14089,12923
14089,12924
14089,12925
14089,12926
14089,12927
14089,12928
14089,12929
14089,12930
14089,12931
14089,12932
14089,12933
14089,12934
14089,12935
14089,12936
14089,12937
14089,12938
14089,12939
14089,12940
14089,12941
14089,12942
14089,12943
14089,12944
14089,12945
14089,12946
14089,12947
14089,12948
14089,12949
14089,12950
14089,12951
14089,12952
14089,12953
14089,12954
14089,12955
14089,12956
14089,12957
14089,12958
14089,12959
14089,12960
14089,12961
14090,12726
14090,12727
14090,12728
14090,12729
14090,12730
14090,12731
14090,12732
14090,12733
14090,12734
14090,12735
14090,12736
14090,12737
14090,12738
14090,12739
14090,12740
14090,12741
14090,12742
14090,12743
14090,12744
14090,12745
14090,12746
14090,12747
14090,12748
14090,12749
14090,12750
14090,12751
14090,12752
14090,12753
14090,12754
14090,12755
14090,12756
14090,12757
14090,12758
14090,12759
14090,12760
14090,12761
14090,12762
14090,12763
14090,12764
14090,12765
14090,12766
14090,12767
14090,12768
14090,12769
14090,12770
14090,12771
14090,12772
14090,12773
14090,12774
14090,12775
14090,12776
14090,12777
14090,12778
14090,12779
14090,12780
14090,12781
14090,12782
14090,12783
14090,12784
14090,12785
14090,12786
14090,12787
14090,12788
14090,12789
14090,12790
14090,12791
14090,12792
14090,12793
14090,12794
14090,12795
14090,12796
14090,12797
14090,12798
14090,12799
14090,12800
14090,12801
14090,12802
14090,12803
14090,12804
14090,12805
14090,12806
14090,12807
14090,12808
14090,12809
14090,12810
14090,12811
14090,12812
14090,12813
14090,12814
14090,12815
14090,12816
14090,12817
14090,12818
14090,12819
14090,12820
14090,12821
14090,12822
14090,12823
14090,12824
14090,12825
14090,12826
14090,12827
14090,12828
14090,12829
14090,12830
14090,12831
14090,12832
14090,12833
14090,12834
14090,12835
14090,12836
14090,12837
14090,12838
14090,12839
14090,12840
14090,12841
14090,12842
14090,12843
14090,12844
14090,12845
14090,12846
14090,12847
14090,12848
14090,12849
14090,12850
14090,12851
14090,12852
14090,12853
14090,12854
14090,12855
14090,12856
14090,12857
14090,12858
14090,12859
14090,12860
14090,12861
14090,12862
14090,12863
14090,12864
14090,12865
14090,12866
14090,12867
14090,12868
14090,12869
14090,12870
14090,12871
14090,12872
14090,12873
14090,12874
14090,12875
14090,12876
14090,12877
14090,12878
14090,12879
14090,12880
14090,12881
14090,12882
14090,12883
14090,12884
14090,12885
14090,12886
14090,12887
14090,12888
14090,12889
14090,12890
14090,12891
14090,12892
14090,12893
14090,12894
14090,12895
14090,12896
14090,12897
14090,12898
14090,12899
14090,12900
14090,12901
14090,12902
14090,12903
14090,12904
14090,12905
14090,12906
14090,12907
14090,12908
14090,12909
14090,12910
14090,12911
14090,12912
14090,12913
14090,12914
14090,12915
14090,12916
14090,12917
14090,12918
14090,12919
14090,12920
14090,12921
14090,12922
14090,12923
14090,12924
14090,12925
14090,12926
14090,12927
14090,12928
14090,12929
14090,12930
14090,12931
14090,12932
14090,12933
14090,12934
14090,12935
14090,12936
14090,12937
14090,12938
14090,12939
14090,12940
14090,12941
14090,12942
14090,12943
14090,12944
14090,12945
14090,12946
14090,12947
14090,12948
14090,12949
14090,12950
14090,12951
14090,12952
14090,12953
14090,12954
14090,12955
14090,12956
14090,12957
14090,12958
14090,12959
14090,12960
14090,12961
14091,12726
14091,12727
14091,12728
14091,12729
14091,12730
14091,12731
14091,12732
14091,12733
14091,12734
14091,12735
14091,12736
14091,12737
14091,12738
14091,12739
14091,12740
14091,12741
14091,12742
14091,12743
14091,12744
14091,12745
14091,12746
14091,12747
14091,12748
14091,12749
14091,12750
14091,12751
14091,12752
14091,12753
14091,12754
14091,12755
14091,12756
14091,12757
14091,12758
14091,12759
14091,12760
14091,12761
14091,12762
14091,12763
14091,12764
14091,12765
14091,12766
14091,12767
14091,12768
14091,12769
14091,12770
14091,12771
14091,12772
14091,12773
14091,12774
14091,12775
14091,12776
14091,12777
14091,12778
14091,12779
14091,12780
14091,12781
14091,12782
14091,12783
14091,12784
14091,12785
14091,12786
14091,12787
14091,12788
14091,12789
14091,12790
14091,12791
14091,12792
14091,12793
14091,12794
14091,12795
14091,12796
14091,12797
14091,12798
14091,12799
14091,12800
14091,12801
14091,12802
14091,12803
14091,12804
14091,12805
14091,12806
14091,12807
14091,12808
14091,12809
14091,12810
14091,12811
14091,12812
14091,12813
14091,12814
14091,12815
14091,12816
14091,12817
14091,12818
14091,12819
14091,12820
14091,12821
14091,12822
14091,12823
14091,12824
14091,12825
14091,12826
14091,12827
14091,12828
14091,12829
14091,12830
14091,12831
14091,12832
14091,12833
14091,12834
14091,12835
14091,12836
14091,12837
14091,12838
14091,12839
14091,12840
14091,12841
14091,12842
14091,12843
14091,12844
14091,12845
14091,12846
14091,12847
14091,12848
14091,12849
14091,12850
14091,12851
14091,12852
14091,12853
14091,12854
14091,12855
14091,12856
14091,12857
14091,12858
14091,12859
14091,12860
14091,12861
14091,12862
14091,12863
14091,12864
14091,12865
14091,12866
14091,12867
14091,12868
14091,12869
14091,12870
14091,12871
14091,12872
14091,12873
14091,12874
14091,12875
14091,12876
14091,12877
14091,12878
14091,12879
14091,12880
14091,12881
14091,12882
14091,12883
14091,12884
14091,12885
14091,12886
14091,12887
14091,12888
14091,12889
14091,12890
14091,12891
14091,12892
14091,12893
14091,12894
14091,12895
14091,12896
14091,12897
14091,12898
14091,12899
14091,12900
14091,12901
14091,12902
14091,12903
14091,12904
14091,12905
14091,12906
14091,12907
14091,12908
14091,12909
14091,12910
14091,12911
14091,12912
14091,12913
14091,12914
14091,12915
14091,12916
14091,12917
14091,12918
14091,12919
14091,12920
14091,12921
14091,12922
14091,12923
14091,12924
14091,12925
14091,12926
14091,12927
14091,12928
14091,12929
14091,12930
14091,12931
14091,12932
14091,12933
14091,12934
14091,12935
14091,12936
14091,12937
14091,12938
14091,12939
14091,12940
14091,12941
14091,12942
14091,12943
14091,12944
14091,12945
14091,12946
14091,12947
14091,12948
14091,12949
14091,12950
14091,12951
14091,12952
14091,12953
14091,12954
14091,12955
14091,12956
14091,12957
14091,12958
14091,12959
14091,12960
14091,12961
14091,12962
14092,12727
14092,12728
14092,12729
14092,12730
14092,12731
14092,12732
14092,12733
14092,12734
14092,12735
14092,12736
14092,12737
14092,12738
14092,12739
14092,12740
14092,12741
14092,12742
14092,12743
14092,12744
14092,12745
14092,12746
14092,12747
14092,12748
14092,12749
14092,12750
14092,12751
14092,12752
14092,12753
14092,12754
14092,12755
14092,12756
14092,12757
14092,12758
14092,12759
14092,12760
14092,12761
14092,12762
14092,12763
14092,12764
14092,12765
14092,12766
14092,12767
14092,12768
14092,12769
14092,12770
14092,12771
14092,12772
14092,12773
14092,12774
14092,12775
14092,12776
14092,12777
14092,12778
14092,12779
14092,12780
14092,12781
14092,12782
14092,12783
14092,12784
14092,12785
14092,12786
14092,12787
14092,12788
14092,12789
14092,12790
14092,12791
14092,12792
14092,12793
14092,12794
14092,12795
14092,12796
14092,12797
14092,12798
14092,12799
14092,12800
14092,12801
14092,12802
14092,12803
14092,12804
14092,12805
14092,12806
14092,12807
14092,12808
14092,12809
14092,12810
14092,12811
14092,12812
14092,12813
14092,12814
14092,12815
14092,12816
14092,12817
14092,12818
14092,12819
14092,12820
14092,12821
14092,12822
14092,12823
14092,12824
14092,12825
14092,12826
14092,12827
14092,12828
14092,12829
14092,12830
14092,12831
14092,12832
14092,12833
14092,12834
14092,12835
14092,12836
14092,12837
14092,12838
14092,12839
14092,12840
14092,12841
14092,12842
14092,12843
14092,12844
14092,12845
14092,12846
14092,12847
14092,12848
14092,12849
14092,12850
14092,12851
14092,12852
14092,12853
14092,12854
14092,12855
14092,12856
14092,12857
14092,12858
14092,12859
14092,12860
14092,12861
14092,12862
14092,12863
14092,12864
14092,12865
14092,12866
14092,12867
14092,12868
14092,12869
14092,12870
14092,12871
14092,12872
14092,12873
14092,12874
14092,12875
14092,12876
14092,12877
14092,12878
14092,12879
14092,12880
14092,12881
14092,12882
14092,12883
14092,12884
14092,12885
14092,12886
14092,12887
14092,12888
14092,12889
14092,12890
14092,12891
14092,12892
14092,12893
14092,12894
14092,12895
14092,12896
14092,12897
14092,12898
14092,12899
14092,12900
14092,12901
14092,12902
14092,12903
14092,12904
14092,12905
14092,12906
14092,12907
14092,12908
14092,12909
14092,12910
14092,12911
14092,12912
14092,12913
14092,12914
14092,12915
14092,12916
14092,12917
14092,12918
14092,12919
14092,12920
14092,12921
14092,12922
14092,12923
14092,12924
14092,12925
14092,12926
14092,12927
14092,12928
14092,12929
14092,12930
14092,12931
14092,12932
14092,12933
14092,12934
14092,12935
14092,12936
14092,12937
14092,12938
14092,12939
14092,12940
14092,12941
14092,12942
14092,12943
14092,12944
14092,12945
14092,12946
14092,12947
14092,12948
14092,12949
14092,12950
14092,12951
14092,12952
14092,12953
14092,12954
14092,12955
14092,12956
14092,12957
14092,12958
14092,12959
14092,12960
14092,12961
14093,12727
14093,12728
14093,12729
14093,12730
14093,12731
14093,12732
14093,12733
14093,12734
14093,12735
14093,12736
14093,12737
14093,12738
14093,12739
14093,12740
14093,12741
14093,12742
14093,12743
14093,12744
14093,12745
14093,12746
14093,12747
14093,12748
14093,12749
14093,12750
14093,12751
14093,12752
14093,12753
14093,12754
14093,12755
14093,12756
14093,12757
14093,12758
14093,12759
14093,12760
14093,12761
14093,12762
14093,12763
14093,12764
14093,12765
14093,12766
14093,12767
14093,12768
14093,12769
14093,12770
14093,12771
14093,12772
14093,12773
14093,12774
14093,12775
14093,12776
14093,12777
14093,12778
14093,12779
14093,12780
14093,12781
14093,12782
14093,12783
14093,12784
14093,12785
14093,12786
14093,12787
14093,12788
14093,12789
14093,12790
14093,12791
14093,12792
14093,12793
14093,12794
14093,12795
14093,12796
14093,12797
14093,12798
14093,12799
14093,12800
14093,12801
14093,12802
14093,12803
14093,12804
14093,12805
14093,12806
14093,12807
14093,12808
14093,12809
14093,12810
14093,12811
14093,12812
14093,12813
14093,12814
14093,12815
14093,12816
14093,12817
14093,12818
14093,12819
14093,12820
14093,12821
14093,12822
14093,12823
14093,12824
14093,12825
14093,12826
14093,12827
14093,12828
14093,12829
14093,12830
14093,12831
14093,12832
14093,12833
14093,12834
14093,12835
14093,12836
14093,12837
14093,12838
14093,12839
14093,12840
14093,12841
14093,12842
14093,12843
14093,12844
14093,12845
14093,12846
14093,12847
14093,12848
14093,12849
14093,12850
14093,12851
14093,12852
14093,12853
14093,12854
14093,12855
14093,12856
14093,12857
14093,12858
14093,12859
14093,12860
14093,12861
14093,12862
14093,12863
14093,12864
14093,12865
14093,12866
14093,12867
14093,12868
14093,12869
14093,12870
14093,12871
14093,12872
14093,12873
14093,12874
14093,12875
14093,12876
14093,12877
14093,12878
14093,12879
14093,12880
14093,12881
14093,12882
14093,12883
14093,12884
14093,12885
14093,12886
14093,12887
14093,12888
14093,12889
14093,12890
14093,12891
14093,12892
14093,12893
14093,12894
14093,12895
14093,12896
14093,12897
14093,12898
14093,12899
14093,12900
14093,12901
14093,12902
14093,12903
14093,12904
14093,12905
14093,12906
14093,12907
14093,12908
14093,12909
14093,12910
14093,12911
14093,12912
14093,12913
14093,12914
14093,12915
14093,12916
14093,12917
14093,12918
14093,12919
14093,12920
14093,12921
14093,12922
14093,12923
14093,12924
14093,12925
14093,12926
14093,12927
14093,12928
14093,12929
14093,12930
14093,12931
14093,12932
14093,12933
14093,12934
14093,12935
14093,12936
14093,12937
14093,12938
14093,12939
14093,12940
14093,12941
14093,12942
14093,12943
14093,12944
14093,12945
14093,12946
14093,12947
14093,12948
14093,12949
14093,12950
14093,12951
14093,12952
14093,12953
14093,12954
14093,12955
14093,12956
14093,12957
14093,12958
14093,12959
14093,12960
14093,12961
14094,12727
14094,12728
14094,12729
14094,12730
14094,12731
14094,12732
14094,12733
14094,12734
14094,12735
14094,12736
14094,12737
14094,12738
14094,12739
14094,12740
14094,12741
14094,12742
14094,12743
14094,12744
14094,12745
14094,12746
14094,12747
14094,12748
14094,12749
14094,12750
14094,12751
14094,12752
14094,12753
14094,12754
14094,12755
14094,12756
14094,12757
14094,12758
14094,12759
14094,12760
14094,12761
14094,12762
14094,12763
14094,12764
14094,12765
14094,12766
14094,12767
14094,12768
14094,12769
14094,12770
14094,12771
14094,12772
14094,12773
14094,12774
14094,12775
14094,12776
14094,12777
14094,12778
14094,12779
14094,12780
14094,12781
14094,12782
14094,12783
14094,12784
14094,12785
14094,12786
14094,12787
14094,12788
14094,12789
14094,12790
14094,12791
14094,12792
14094,12793
14094,12794
14094,12795
14094,12796
14094,12797
14094,12798
14094,12799
14094,12800
14094,12801
14094,12802
14094,12803
14094,12804
14094,12805
14094,12806
14094,12807
14094,12808
14094,12809
14094,12810
14094,12811
14094,12812
14094,12813
14094,12814
14094,12815
14094,12816
14094,12817
14094,12818
14094,12819
14094,12820
14094,12821
14094,12822
14094,12823
14094,12824
14094,12825
14094,12826
14094,12827
14094,12828
14094,12829
14094,12830
14094,12831
14094,12832
14094,12833
14094,12834
14094,12835
14094,12836
14094,12837
14094,12838
14094,12839
14094,12840
14094,12841
14094,12842
14094,12843
14094,12844
14094,12845
14094,12846
14094,12847
14094,12848
14094,12849
14094,12850
14094,12851
14094,12852
14094,12853
14094,12854
14094,12855
14094,12856
14094,12857
14094,12858
14094,12859
14094,12860
14094,12861
14094,12862
14094,12863
14094,12864
14094,12865
14094,12866
14094,12867
14094,12868
14094,12869
14094,12870
14094,12871
14094,12872
14094,12873
14094,12874
14094,12875
14094,12876
14094,12877
14094,12878
14094,12879
14094,12880
14094,12881
14094,12882
14094,12883
14094,12884
14094,12885
14094,12886
14094,12887
14094,12888
14094,12889
14094,12890
14094,12891
14094,12892
14094,12893
14094,12894
14094,12895
14094,12896
14094,12897
14094,12898
14094,12899
14094,12900
14094,12901
14094,12902
14094,12903
14094,12904
14094,12905
14094,12906
14094,12907
14094,12908
14094,12909
14094,12910
14094,12911
14094,12912
14094,12913
14094,12914
14094,12915
14094,12916
14094,12917
14094,12918
14094,12919
14094,12920
14094,12921
14094,12922
14094,12923
14094,12924
14094,12925
14094,12926
14094,12927
14094,12928
14094,12929
14094,12930
14094,12931
14094,12932
14094,12933
14094,12934
14094,12935
14094,12936
14094,12937
14094,12938
14094,12939
14094,12940
14094,12941
14094,12942
14094,12943
14094,12944
14094,12945
14094,12946
14094,12947
14094,12948
14094,12949
14094,12950
14094,12951
14094,12952
14094,12953
14094,12954
14094,12955
14094,12956
14094,12957
14094,12958
14094,12959
14094,12960
14094,12961
14095,12728
14095,12729
14095,12730
14095,12731
14095,12732
14095,12733
14095,12734
14095,12735
14095,12736
14095,12737
14095,12738
14095,12739
14095,12740
14095,12741
14095,12742
14095,12743
14095,12744
14095,12745
14095,12746
14095,12747
14095,12748
14095,12749
14095,12750
14095,12751
14095,12752
14095,12753
14095,12754
14095,12755
14095,12756
14095,12757
14095,12758
14095,12759
14095,12760
14095,12761
14095,12762
14095,12763
14095,12764
14095,12765
14095,12766
14095,12767
14095,12768
14095,12769
14095,12770
14095,12771
14095,12772
14095,12773
14095,12774
14095,12775
14095,12776
14095,12777
14095,12778
14095,12779
14095,12780
14095,12781
14095,12782
14095,12783
14095,12784
14095,12785
14095,12786
14095,12787
14095,12788
14095,12789
14095,12790
14095,12791
14095,12792
14095,12793
14095,12794
14095,12795
14095,12796
14095,12797
14095,12798
14095,12799
14095,12800
14095,12801
14095,12802
14095,12803
14095,12804
14095,12805
14095,12806
14095,12807
14095,12808
14095,12809
14095,12810
14095,12811
14095,12812
14095,12813
14095,12814
14095,12815
14095,12816
14095,12817
14095,12818
14095,12819
14095,12820
14095,12821
14095,12822
14095,12823
14095,12824
14095,12825
14095,12826
14095,12827
14095,12828
14095,12829
14095,12830
14095,12831
14095,12832
14095,12833
14095,12834
14095,12835
14095,12836
14095,12837
14095,12838
14095,12839
14095,12840
14095,12841
14095,12842
14095,12843
14095,12844
14095,12845
14095,12846
14095,12847
14095,12848
14095,12849
14095,12850
14095,12851
14095,12852
14095,12853
14095,12854
14095,12855
14095,12856
14095,12857
14095,12858
14095,12859
14095,12860
14095,12861
14095,12862
14095,12863
14095,12864
14095,12865
14095,12866
14095,12867
14095,12868
14095,12869
14095,12870
14095,12871
14095,12872
14095,12873
14095,12874
14095,12875
14095,12876
14095,12877
14095,12878
14095,12879
14095,12880
14095,12881
14095,12882
14095,12883
14095,12884
14095,12885
14095,12886
14095,12887
14095,12888
14095,12889
14095,12890
14095,12891
14095,12892
14095,12893
14095,12894
14095,12895
14095,12896
14095,12897
14095,12898
14095,12899
14095,12900
14095,12901
14095,12902
14095,12903
14095,12904
14095,12905
14095,12906
14095,12907
14095,12908
14095,12909
14095,12910
14095,12911
14095,12912
14095,12913
14095,12914
14095,12915
14095,12916
14095,12917
14095,12918
14095,12919
14095,12920
14095,12921
14095,12922
14095,12923
14095,12924
14095,12925
14095,12926
14095,12927
14095,12928
14095,12929
14095,12930
14095,12931
14095,12932
14095,12933
14095,12934
14095,12935
14095,12936
14095,12937
14095,12938
14095,12939
14095,12940
14095,12941
14095,12942
14095,12943
14095,12944
14095,12945
14095,12946
14095,12947
14095,12948
14095,12949
14095,12950
14095,12951
14095,12952
14095,12953
14095,12954
14095,12955
14095,12956
14095,12957
14095,12958
14095,12959
14095,12960
14096,12729
14096,12730
14096,12731
14096,12732
14096,12733
14096,12734
14096,12735
14096,12736
14096,12737
14096,12738
14096,12739
14096,12740
14096,12741
14096,12742
14096,12743
14096,12744
14096,12745
14096,12746
14096,12747
14096,12748
14096,12749
14096,12750
14096,12751
14096,12752
14096,12753
14096,12754
14096,12755
14096,12756
14096,12757
14096,12758
14096,12759
14096,12760
14096,12761
14096,12762
14096,12763
14096,12764
14096,12765
14096,12766
14096,12767
14096,12768
14096,12769
14096,12770
14096,12771
14096,12772
14096,12773
14096,12774
14096,12775
14096,12776
14096,12777
14096,12778
14096,12779
14096,12780
14096,12781
14096,12782
14096,12783
14096,12784
14096,12785
14096,12786
14096,12787
14096,12788
14096,12789
14096,12790
14096,12791
14096,12792
14096,12793
14096,12794
14096,12795
14096,12796
14096,12797
14096,12798
14096,12799
14096,12800
14096,12801
14096,12802
14096,12803
14096,12804
14096,12805
14096,12806
14096,12807
14096,12808
14096,12809
14096,12810
14096,12811
14096,12812
14096,12813
14096,12814
14096,12815
14096,12816
14096,12817
14096,12818
14096,12819
14096,12820
14096,12821
14096,12822
14096,12823
14096,12824
14096,12825
14096,12826
14096,12827
14096,12828
14096,12829
14096,12830
14096,12831
14096,12832
14096,12833
14096,12834
14096,12835
14096,12836
14096,12837
14096,12838
14096,12839
14096,12840
14096,12841
14096,12842
14096,12843
14096,12844
14096,12845
14096,12846
14096,12847
14096,12848
14096,12849
14096,12850
14096,12851
14096,12852
14096,12853
14096,12854
14096,12855
14096,12856
14096,12857
14096,12858
14096,12859
14096,12860
14096,12861
14096,12862
14096,12863
14096,12864
14096,12865
14096,12866
14096,12867
14096,12868
14096,12869
14096,12870
14096,12871
14096,12872
14096,12873
14096,12874
14096,12875
14096,12876
14096,12877
14096,12878
14096,12879
14096,12880
14096,12881
14096,12882
14096,12883
14096,12884
14096,12885
14096,12886
14096,12887
14096,12888
14096,12889
14096,12890
14096,12891
14096,12892
14096,12893
14096,12894
14096,12895
14096,12896
14096,12897
14096,12898
14096,12899
14096,12900
14096,12901
14096,12902
14096,12903
14096,12904
14096,12905
14096,12906
14096,12907
14096,12908
14096,12909
14096,12910
14096,12911
14096,12912
14096,12913
14096,12914
14096,12915
14096,12916
14096,12917
14096,12918
14096,12919
14096,12920
14096,12921
14096,12922
14096,12923
14096,12924
14096,12925
14096,12926
14096,12927
14096,12928
14096,12929
14096,12930
14096,12931
14096,12932
14096,12933
14096,12934
14096,12935
14096,12936
14096,12937
14096,12938
14096,12939
14096,12940
14096,12941
14096,12942
14096,12943
14096,12944
14096,12945
14096,12946
14096,12947
14096,12948
14096,12949
14096,12950
14096,12951
14096,12952
14096,12953
14096,12954
14096,12955
14096,12956
14096,12957
14096,12958
14096,12959
14097,12728
14097,12729
14097,12730
14097,12731
14097,12732
14097,12733
14097,12734
14097,12735
14097,12736
14097,12737
14097,12738
14097,12739
14097,12740
14097,12741
14097,12742
14097,12743
14097,12744
14097,12745
14097,12746
14097,12747
14097,12748
14097,12749
14097,12750
14097,12751
14097,12752
14097,12753
14097,12754
14097,12755
14097,12756
14097,12757
14097,12758
14097,12759
14097,12760
14097,12761
14097,12762
14097,12763
14097,12764
14097,12765
14097,12766
14097,12767
14097,12768
14097,12769
14097,12770
14097,12771
14097,12772
14097,12773
14097,12774
14097,12775
14097,12776
14097,12777
14097,12778
14097,12779
14097,12780
14097,12781
14097,12782
14097,12783
14097,12784
14097,12785
14097,12786
14097,12787
14097,12788
14097,12789
14097,12790
14097,12791
14097,12792
14097,12793
14097,12794
14097,12795
14097,12796
14097,12797
14097,12798
14097,12799
14097,12800
14097,12801
14097,12802
14097,12803
14097,12804
14097,12805
14097,12806
14097,12807
14097,12808
14097,12809
14097,12810
14097,12811
14097,12812
14097,12813
14097,12814
14097,12815
14097,12816
14097,12817
14097,12818
14097,12819
14097,12820
14097,12821
14097,12822
14097,12823
14097,12824
14097,12825
14097,12826
14097,12827
14097,12828
14097,12829
14097,12830
14097,12831
14097,12832
14097,12833
14097,12834
14097,12835
14097,12836
14097,12837
14097,12838
14097,12839
14097,12840
14097,12841
14097,12842
14097,12843
14097,12844
14097,12845
14097,12846
14097,12847
14097,12848
14097,12849
14097,12850
14097,12851
14097,12852
14097,12853
14097,12854
14097,12855
14097,12856
14097,12857
14097,12858
14097,12859
14097,12860
14097,12861
14097,12862
14097,12863
14097,12864
14097,12865
14097,12866
14097,12867
14097,12868
14097,12869
14097,12870
14097,12871
14097,12872
14097,12873
14097,12874
14097,12875
14097,12876
14097,12877
14097,12878
14097,12879
14097,12880
14097,12881
14097,12882
14097,12883
14097,12884
14097,12885
14097,12886
14097,12887
14097,12888
14097,12889
14097,12890
14097,12891
14097,12892
14097,12893
14097,12894
14097,12895
14097,12896
14097,12897
14097,12898
14097,12899
14097,12900
14097,12901
14097,12902
14097,12903
14097,12904
14097,12905
14097,12906
14097,12907
14097,12908
14097,12909
14097,12910
14097,12911
14097,12912
14097,12913
14097,12914
14097,12915
14097,12916
14097,12917
14097,12918
14097,12919
14097,12920
14097,12921
14097,12922
14097,12923
14097,12924
14097,12925
14097,12926
14097,12927
14097,12928
14097,12929
14097,12930
14097,12931
14097,12932
14097,12933
14097,12934
14097,12935
14097,12936
14097,12937
14097,12938
14097,12939
14097,12940
14097,12941
14097,12942
14097,12943
14097,12944
14097,12945
14097,12946
14097,12947
14097,12948
14097,12949
14097,12950
14097,12951
14097,12952
14097,12953
14097,12954
14097,12955
14097,12956
14097,12957
14097,12958
14098,12728
14098,12729
14098,12730
14098,12731
14098,12732
14098,12733
14098,12734
14098,12735
14098,12736
14098,12737
14098,12738
14098,12739
14098,12740
14098,12741
14098,12742
14098,12743
14098,12744
14098,12745
14098,12746
14098,12747
14098,12748
14098,12749
14098,12750
14098,12751
14098,12752
14098,12753
14098,12754
14098,12755
14098,12756
14098,12757
14098,12758
14098,12759
14098,12760
14098,12761
14098,12762
14098,12763
14098,12764
14098,12765
14098,12766
14098,12767
14098,12768
14098,12769
14098,12770
14098,12771
14098,12772
14098,12773
14098,12774
14098,12775
14098,12776
14098,12777
14098,12778
14098,12779
14098,12780
14098,12781
14098,12782
14098,12783
14098,12784
14098,12785
14098,12786
14098,12787
14098,12788
14098,12789
14098,12790
14098,12791
14098,12792
14098,12793
14098,12794
14098,12795
14098,12796
14098,12797
14098,12798
14098,12799
14098,12800
14098,12801
14098,12802
14098,12803
14098,12804
14098,12805
14098,12806
14098,12807
14098,12808
14098,12809
14098,12810
14098,12811
14098,12812
14098,12813
14098,12814
14098,12815
14098,12816
14098,12817
14098,12818
14098,12819
14098,12820
14098,12821
14098,12822
14098,12823
14098,12824
14098,12825
14098,12826
14098,12827
14098,12828
14098,12829
14098,12830
14098,12831
14098,12832
14098,12833
14098,12834
14098,12835
14098,12836
14098,12837
14098,12838
14098,12839
14098,12840
14098,12841
14098,12842
14098,12843
14098,12844
14098,12845
14098,12846
14098,12847
14098,12848
14098,12849
14098,12850
14098,12851
14098,12852
14098,12853
14098,12854
14098,12855
14098,12856
14098,12857
14098,12858
14098,12859
14098,12860
14098,12861
14098,12862
14098,12863
14098,12864
14098,12865
14098,12866
14098,12867
14098,12868
14098,12869
14098,12870
14098,12871
14098,12872
14098,12873
14098,12874
14098,12875
14098,12876
14098,12877
14098,12878
14098,12879
14098,12880
14098,12881
14098,12882
14098,12883
14098,12884
14098,12885
14098,12886
14098,12887
14098,12888
14098,12889
14098,12890
14098,12891
14098,12892
14098,12893
14098,12894
14098,12895
14098,12896
14098,12897
14098,12898
14098,12899
14098,12900
14098,12901
14098,12902
14098,12903
14098,12904
14098,12905
14098,12906
14098,12907
14098,12908
14098,12909
14098,12910
14098,12911
14098,12912
14098,12913
14098,12914
14098,12915
14098,12916
14098,12917
14098,12918
14098,12919
14098,12920
14098,12921
14098,12922
14098,12923
14098,12924
14098,12925
14098,12926
14098,12927
14098,12928
14098,12929
14098,12930
14098,12931
14098,12932
14098,12933
14098,12934
14098,12935
14098,12936
14098,12937
14098,12938
14098,12939
14098,12940
14098,12941
14098,12942
14098,12943
14098,12944
14098,12945
14098,12946
14098,12947
14098,12948
14098,12949
14098,12950
14098,12951
14098,12952
14098,12953
14098,12954
14098,12955
14098,12956
14098,12957
14098,12958
14099,12729
14099,12730
14099,12731
14099,12732
14099,12733
14099,12734
14099,12735
14099,12736
14099,12737
14099,12738
14099,12739
14099,12740
14099,12741
14099,12742
14099,12743
14099,12744
14099,12745
14099,12746
14099,12747
14099,12748
14099,12749
14099,12750
14099,12751
14099,12752
14099,12753
14099,12754
14099,12755
14099,12756
14099,12757
14099,12758
14099,12759
14099,12760
14099,12761
14099,12762
14099,12763
14099,12764
14099,12765
14099,12766
14099,12767
14099,12768
14099,12769
14099,12770
14099,12771
14099,12772
14099,12773
14099,12774
14099,12775
14099,12776
14099,12777
14099,12778
14099,12779
14099,12780
14099,12781
14099,12782
14099,12783
14099,12784
14099,12785
14099,12786
14099,12787
14099,12788
14099,12789
14099,12790
14099,12791
14099,12792
14099,12793
14099,12794
14099,12795
14099,12796
14099,12797
14099,12798
14099,12799
14099,12800
14099,12801
14099,12802
14099,12803
14099,12804
14099,12805
14099,12806
14099,12807
14099,12808
14099,12809
14099,12810
14099,12811
14099,12812
14099,12813
14099,12814
14099,12815
14099,12816
14099,12817
14099,12818
14099,12819
14099,12820
14099,12821
14099,12822
14099,12823
14099,12824
14099,12825
14099,12826
14099,12827
14099,12828
14099,12829
14099,12830
14099,12831
14099,12832
14099,12833
14099,12834
14099,12835
14099,12836
14099,12837
14099,12838
14099,12839
14099,12840
14099,12841
14099,12842
14099,12843
14099,12844
14099,12845
14099,12846
14099,12847
14099,12848
14099,12849
14099,12850
14099,12851
14099,12852
14099,12853
14099,12854
14099,12855
14099,12856
14099,12857
14099,12858
14099,12859
14099,12860
14099,12861
14099,12862
14099,12863
14099,12864
14099,12865
14099,12866
14099,12867
14099,12868
14099,12869
14099,12870
14099,12871
14099,12872
14099,12873
14099,12874
14099,12875
14099,12876
14099,12877
14099,12878
14099,12879
14099,12880
14099,12881
14099,12882
14099,12883
14099,12884
14099,12885
14099,12886
14099,12887
14099,12888
14099,12889
14099,12890
14099,12891
14099,12892
14099,12893
14099,12894
14099,12895
14099,12896
14099,12897
14099,12898
14099,12899
14099,12900
14099,12901
14099,12902
14099,12903
14099,12904
14099,12905
14099,12906
14099,12907
14099,12908
14099,12909
14099,12910
14099,12911
14099,12912
14099,12913
14099,12914
14099,12915
14099,12916
14099,12917
14099,12918
14099,12919
14099,12920
14099,12921
14099,12922
14099,12923
14099,12924
14099,12925
14099,12926
14099,12927
14099,12928
14099,12929
14099,12930
14099,12931
14099,12932
14099,12933
14099,12934
14099,12935
14099,12936
14099,12937
14099,12938
14099,12939
14099,12940
14099,12941
14099,12942
14099,12943
14099,12944
14099,12945
14099,12946
14099,12947
14099,12948
14099,12949
14099,12950
14099,12951
14099,12952
14099,12953
14099,12954
14099,12955
14099,12956
14099,12957
14100,12728
14100,12729
14100,12730
14100,12731
14100,12732
14100,12733
14100,12734
14100,12735
14100,12736
14100,12737
14100,12738
14100,12739
14100,12740
14100,12741
14100,12742
14100,12743
14100,12744
14100,12745
14100,12746
14100,12747
14100,12748
14100,12749
14100,12750
14100,12751
14100,12752
14100,12753
14100,12754
14100,12755
14100,12756
14100,12757
14100,12758
14100,12759
14100,12760
14100,12761
14100,12762
14100,12763
14100,12764
14100,12765
14100,12766
14100,12767
14100,12768
14100,12769
14100,12770
14100,12771
14100,12772
14100,12773
14100,12774
14100,12775
14100,12776
14100,12777
14100,12778
14100,12779
14100,12780
14100,12781
14100,12782
14100,12783
14100,12784
14100,12785
14100,12786
14100,12787
14100,12788
14100,12789
14100,12790
14100,12791
14100,12792
14100,12793
14100,12794
14100,12795
14100,12796
14100,12797
14100,12798
14100,12799
14100,12800
14100,12801
14100,12802
14100,12803
14100,12804
14100,12805
14100,12806
14100,12807
14100,12808
14100,12809
14100,12810
14100,12811
14100,12812
14100,12813
14100,12814
14100,12815
14100,12816
14100,12817
14100,12818
14100,12819
14100,12820
14100,12821
14100,12822
14100,12823
14100,12824
14100,12825
14100,12826
14100,12827
14100,12828
14100,12829
14100,12830
14100,12831
14100,12832
14100,12833
14100,12834
14100,12835
14100,12836
14100,12837
14100,12838
14100,12839
14100,12840
14100,12841
14100,12842
14100,12843
14100,12844
14100,12845
14100,12846
14100,12847
14100,12848
14100,12849
14100,12850
14100,12851
14100,12852
14100,12853
14100,12854
14100,12855
14100,12856
14100,12857
14100,12858
14100,12859
14100,12860
14100,12861
14100,12862
14100,12863
14100,12864
14100,12865
14100,12866
14100,12867
14100,12868
14100,12869
14100,12870
14100,12871
14100,12872
14100,12873
14100,12874
14100,12875
14100,12876
14100,12877
14100,12878
14100,12879
14100,12880
14100,12881
14100,12882
14100,12883
14100,12884
14100,12885
14100,12886
14100,12887
14100,12888
14100,12889
14100,12890
14100,12891
14100,12892
14100,12893
14100,12894
14100,12895
14100,12896
14100,12897
14100,12898
14100,12899
14100,12900
14100,12901
14100,12902
14100,12903
14100,12904
14100,12905
14100,12906
14100,12907
14100,12908
14100,12909
14100,12910
14100,12911
14100,12912
14100,12913
14100,12914
14100,12915
14100,12916
14100,12917
14100,12918
14100,12919
14100,12920
14100,12921
14100,12922
14100,12923
14100,12924
14100,12925
14100,12926
14100,12927
14100,12928
14100,12929
14100,12930
14100,12931
14100,12932
14100,12933
14100,12934
14100,12935
14100,12936
14100,12937
14100,12938
14100,12939
14100,12940
14100,12941
14100,12942
14100,12943
14100,12944
14100,12945
14100,12946
14100,12947
14100,12948
14100,12949
14100,12950
14100,12951
14100,12952
14100,12953
14100,12954
14100,12955
14100,12956
14101,12728
14101,12729
14101,12730
14101,12731
14101,12732
14101,12733
14101,12734
14101,12735
14101,12736
14101,12737
14101,12738
14101,12739
14101,12740
14101,12741
14101,12742
14101,12743
14101,12744
14101,12745
14101,12746
14101,12747
14101,12748
14101,12749
14101,12750
14101,12751
14101,12752
14101,12753
14101,12754
14101,12755
14101,12756
14101,12757
14101,12758
14101,12759
14101,12760
14101,12761
14101,12762
14101,12763
14101,12764
14101,12765
14101,12766
14101,12767
14101,12768
14101,12769
14101,12770
14101,12771
14101,12772
14101,12773
14101,12774
14101,12775
14101,12776
14101,12777
14101,12778
14101,12779
14101,12780
14101,12781
14101,12782
14101,12783
14101,12784
14101,12785
14101,12786
14101,12787
14101,12788
14101,12789
14101,12790
14101,12791
14101,12792
14101,12793
14101,12794
14101,12795
14101,12796
14101,12797
14101,12798
14101,12799
14101,12800
14101,12801
14101,12802
14101,12803
14101,12804
14101,12805
14101,12806
14101,12807
14101,12808
14101,12809
14101,12810
14101,12811
14101,12812
14101,12813
14101,12814
14101,12815
14101,12816
14101,12817
14101,12818
14101,12819
14101,12820
14101,12821
14101,12822
14101,12823
14101,12824
14101,12825
14101,12826
14101,12827
14101,12828
14101,12829
14101,12830
14101,12831
14101,12832
14101,12833
14101,12834
14101,12835
14101,12836
14101,12837
14101,12838
14101,12839
14101,12840
14101,12841
14101,12842
14101,12843
14101,12844
14101,12845
14101,12846
14101,12847
14101,12848
14101,12849
14101,12850
14101,12851
14101,12852
14101,12853
14101,12854
14101,12855
14101,12856
14101,12857
14101,12858
14101,12859
14101,12860
14101,12861
14101,12862
14101,12863
14101,12864
14101,12865
14101,12866
14101,12867
14101,12868
14101,12869
14101,12870
14101,12871
14101,12872
14101,12873
14101,12874
14101,12875
14101,12876
14101,12877
14101,12878
14101,12879
14101,12880
14101,12881
14101,12882
14101,12883
14101,12884
14101,12885
14101,12886
14101,12887
14101,12888
14101,12889
14101,12890
14101,12891
14101,12892
14101,12893
14101,12894
14101,12895
14101,12896
14101,12897
14101,12898
14101,12899
14101,12900
14101,12901
14101,12902
14101,12903
14101,12904
14101,12905
14101,12906
14101,12907
14101,12908
14101,12909
14101,12910
14101,12911
14101,12912
14101,12913
14101,12914
14101,12915
14101,12916
14101,12917
14101,12918
14101,12919
14101,12920
14101,12921
14101,12922
14101,12923
14101,12924
14101,12925
14101,12926
14101,12927
14101,12928
14101,12929
14101,12930
14101,12931
14101,12932
14101,12933
14101,12934
14101,12935
14101,12936
14101,12937
14101,12938
14101,12939
14101,12940
14101,12941
14101,12942
14101,12943
14101,12944
14101,12945
14101,12946
14101,12947
14101,12948
14101,12949
14101,12950
14101,12951
14101,12952
14101,12953
14101,12954
14101,12955
14102,12728
14102,12729
14102,12730
14102,12731
14102,12732
14102,12733
14102,12734
14102,12735
14102,12736
14102,12737
14102,12738
14102,12739
14102,12740
14102,12741
14102,12742
14102,12743
14102,12744
14102,12745
14102,12746
14102,12747
14102,12748
14102,12749
14102,12750
14102,12751
14102,12752
14102,12753
14102,12754
14102,12755
14102,12756
14102,12757
14102,12758
14102,12759
14102,12760
14102,12761
14102,12762
14102,12763
14102,12764
14102,12765
14102,12766
14102,12767
14102,12768
14102,12769
14102,12770
14102,12771
14102,12772
14102,12773
14102,12774
14102,12775
14102,12776
14102,12777
14102,12778
14102,12779
14102,12780
14102,12781
14102,12782
14102,12783
14102,12784
14102,12785
14102,12786
14102,12787
14102,12788
14102,12789
14102,12790
14102,12791
14102,12792
14102,12793
14102,12794
14102,12795
14102,12796
14102,12797
14102,12798
14102,12799
14102,12800
14102,12801
14102,12802
14102,12803
14102,12804
14102,12805
14102,12806
14102,12807
14102,12808
14102,12809
14102,12810
14102,12811
14102,12812
14102,12813
14102,12814
14102,12815
14102,12816
14102,12817
14102,12818
14102,12819
14102,12820
14102,12821
14102,12822
14102,12823
14102,12824
14102,12825
14102,12826
14102,12827
14102,12828
14102,12829
14102,12830
14102,12831
14102,12832
14102,12833
14102,12834
14102,12835
14102,12836
14102,12837
14102,12838
14102,12839
14102,12840
14102,12841
14102,12842
14102,12843
14102,12844
14102,12845
14102,12846
14102,12847
14102,12848
14102,12849
14102,12850
14102,12851
14102,12852
14102,12853
14102,12854
14102,12855
14102,12856
14102,12857
14102,12858
14102,12859
14102,12860
14102,12861
14102,12862
14102,12863
14102,12864
14102,12865
14102,12866
14102,12867
14102,12868
14102,12869
14102,12870
14102,12871
14102,12872
14102,12873
14102,12874
14102,12875
14102,12876
14102,12877
14102,12878
14102,12879
14102,12880
14102,12881
14102,12882
14102,12883
14102,12884
14102,12885
14102,12886
14102,12887
14102,12888
14102,12889
14102,12890
14102,12891
14102,12892
14102,12893
14102,12894
14102,12895
14102,12896
14102,12897
14102,12898
14102,12899
14102,12900
14102,12901
14102,12902
14102,12903
14102,12904
14102,12905
14102,12906
14102,12907
14102,12908
14102,12909
14102,12910
14102,12911
14102,12912
14102,12913
14102,12914
14102,12915
14102,12916
14102,12917
14102,12918
14102,12919
14102,12920
14102,12921
14102,12922
14102,12923
14102,12924
14102,12925
14102,12926
14102,12927
14102,12928
14102,12929
14102,12930
14102,12931
14102,12932
14102,12933
14102,12934
14102,12935
14102,12936
14102,12937
14102,12938
14102,12939
14102,12940
14102,12941
14102,12942
14102,12943
14102,12944
14102,12945
14102,12946
14102,12947
14102,12948
14102,12949
14102,12950
14102,12951
14102,12952
14102,12953
14102,12954
14103,12726
14103,12727
14103,12728
14103,12729
14103,12730
14103,12731
14103,12732
14103,12733
14103,12734
14103,12735
14103,12736
14103,12737
14103,12738
14103,12739
14103,12740
14103,12741
14103,12742
14103,12743
14103,12744
14103,12745
14103,12746
14103,12747
14103,12748
14103,12749
14103,12750
14103,12751
14103,12752
14103,12753
14103,12754
14103,12755
14103,12756
14103,12757
14103,12758
14103,12759
14103,12760
14103,12761
14103,12762
14103,12763
14103,12764
14103,12765
14103,12766
14103,12767
14103,12768
14103,12769
14103,12770
14103,12771
14103,12772
14103,12773
14103,12774
14103,12775
14103,12776
14103,12777
14103,12778
14103,12779
14103,12780
14103,12781
14103,12782
14103,12783
14103,12784
14103,12785
14103,12786
14103,12787
14103,12788
14103,12789
14103,12790
14103,12791
14103,12792
14103,12793
14103,12794
14103,12795
14103,12796
14103,12797
14103,12798
14103,12799
14103,12800
14103,12801
14103,12802
14103,12803
14103,12804
14103,12805
14103,12806
14103,12807
14103,12808
14103,12809
14103,12810
14103,12811
14103,12812
14103,12813
14103,12814
14103,12815
14103,12816
14103,12817
14103,12818
14103,12819
14103,12820
14103,12821
14103,12822
14103,12823
14103,12824
14103,12825
14103,12826
14103,12827
14103,12828
14103,12829
14103,12830
14103,12831
14103,12832
14103,12833
14103,12834
14103,12835
14103,12836
14103,12837
14103,12838
14103,12839
14103,12840
14103,12841
14103,12842
14103,12843
14103,12844
14103,12845
14103,12846
14103,12847
14103,12848
14103,12849
14103,12850
14103,12851
14103,12852
14103,12853
14103,12854
14103,12855
14103,12856
14103,12857
14103,12858
14103,12859
14103,12860
14103,12861
14103,12862
14103,12863
14103,12864
14103,12865
14103,12866
14103,12867
14103,12868
14103,12869
14103,12870
14103,12871
14103,12872
14103,12873
14103,12874
14103,12875
14103,12876
14103,12877
14103,12878
14103,12879
14103,12880
14103,12881
14103,12882
14103,12883
14103,12884
14103,12885
14103,12886
14103,12887
14103,12888
14103,12889
14103,12890
14103,12891
14103,12892
14103,12893
14103,12894
14103,12895
14103,12896
14103,12897
14103,12898
14103,12899
14103,12900
14103,12901
14103,12902
14103,12903
14103,12904
14103,12905
14103,12906
14103,12907
14103,12908
14103,12909
14103,12910
14103,12911
14103,12912
14103,12913
14103,12914
14103,12915
14103,12916
14103,12917
14103,12918
14103,12919
14103,12920
14103,12921
14103,12922
14103,12923
14103,12924
14103,12925
14103,12926
14103,12927
14103,12928
14103,12929
14103,12930
14103,12931
14103,12932
14103,12933
14103,12934
14103,12935
14103,12936
14103,12937
14103,12938
14103,12939
14103,12940
14103,12941
14103,12942
14103,12943
14103,12944
14103,12945
14103,12946
14103,12947
14103,12948
14103,12949
14103,12950
14103,12951
14103,12952
14103,12953
14104,12725
14104,12726
14104,12727
14104,12728
14104,12729
14104,12730
14104,12731
14104,12732
14104,12733
14104,12734
14104,12735
14104,12736
14104,12737
14104,12738
14104,12739
14104,12740
14104,12741
14104,12742
14104,12743
14104,12744
14104,12745
14104,12746
14104,12747
14104,12748
14104,12749
14104,12750
14104,12751
14104,12752
14104,12753
14104,12754
14104,12755
14104,12756
14104,12757
14104,12758
14104,12759
14104,12760
14104,12761
14104,12762
14104,12763
14104,12764
14104,12765
14104,12766
14104,12767
14104,12768
14104,12769
14104,12770
14104,12771
14104,12772
14104,12773
14104,12774
14104,12775
14104,12776
14104,12777
14104,12778
14104,12779
14104,12780
14104,12781
14104,12782
14104,12783
14104,12784
14104,12785
14104,12786
14104,12787
14104,12788
14104,12789
14104,12790
14104,12791
14104,12792
14104,12793
14104,12794
14104,12795
14104,12796
14104,12797
14104,12798
14104,12799
14104,12800
14104,12801
14104,12802
14104,12803
14104,12804
14104,12805
14104,12806
14104,12807
14104,12808
14104,12809
14104,12810
14104,12811
14104,12812
14104,12813
14104,12814
14104,12815
14104,12816
14104,12817
14104,12818
14104,12819
14104,12820
14104,12821
14104,12822
14104,12823
14104,12824
14104,12825
14104,12826
14104,12827
14104,12828
14104,12829
14104,12830
14104,12831
14104,12832
14104,12833
14104,12834
14104,12835
14104,12836
14104,12837
14104,12838
14104,12839
14104,12840
14104,12841
14104,12842
14104,12843
14104,12844
14104,12845
14104,12846
14104,12847
14104,12848
14104,12849
14104,12850
14104,12851
14104,12852
14104,12853
14104,12854
14104,12855
14104,12856
14104,12857
14104,12858
14104,12859
14104,12860
14104,12861
14104,12862
14104,12863
14104,12864
14104,12865
14104,12866
14104,12867
14104,12868
14104,12869
14104,12870
14104,12871
14104,12872
14104,12873
14104,12874
14104,12875
14104,12876
14104,12877
14104,12878
14104,12879
14104,12880
14104,12881
14104,12882
14104,12883
14104,12884
14104,12885
14104,12886
14104,12887
14104,12888
14104,12889
14104,12890
14104,12891
14104,12892
14104,12893
14104,12894
14104,12895
14104,12896
14104,12897
14104,12898
14104,12899
14104,12900
14104,12901
14104,12902
14104,12903
14104,12904
14104,12905
14104,12906
14104,12907
14104,12908
14104,12909
14104,12910
14104,12911
14104,12912
14104,12913
14104,12914
14104,12915
14104,12916
14104,12917
14104,12918
14104,12919
14104,12920
14104,12921
14104,12922
14104,12923
14104,12924
14104,12925
14104,12926
14104,12927
14104,12928
14104,12929
14104,12930
14104,12931
14104,12932
14104,12933
14104,12934
14104,12935
14104,12936
14104,12937
14104,12938
14104,12939
14104,12940
14104,12941
14104,12942
14104,12943
14104,12944
14104,12945
14104,12946
14104,12947
14104,12948
14104,12949
14104,12950
14104,12951
14104,12952
14105,12724
14105,12725
14105,12726
14105,12727
14105,12728
14105,12729
14105,12730
14105,12731
14105,12732
14105,12733
14105,12734
14105,12735
14105,12736
14105,12737
14105,12738
14105,12739
14105,12740
14105,12741
14105,12742
14105,12743
14105,12744
14105,12745
14105,12746
14105,12747
14105,12748
14105,12749
14105,12750
14105,12751
14105,12752
14105,12753
14105,12754
14105,12755
14105,12756
14105,12757
14105,12758
14105,12759
14105,12760
14105,12761
14105,12762
14105,12763
14105,12764
14105,12765
14105,12766
14105,12767
14105,12768
14105,12769
14105,12770
14105,12771
14105,12772
14105,12773
14105,12774
14105,12775
14105,12776
14105,12777
14105,12778
14105,12779
14105,12780
14105,12781
14105,12782
14105,12783
14105,12784
14105,12785
14105,12786
14105,12787
14105,12788
14105,12789
14105,12790
14105,12791
14105,12792
14105,12793
14105,12794
14105,12795
14105,12796
14105,12797
14105,12798
14105,12799
14105,12800
14105,12801
14105,12802
14105,12803
14105,12804
14105,12805
14105,12806
14105,12807
14105,12808
14105,12809
14105,12810
14105,12811
14105,12812
14105,12813
14105,12814
14105,12815
14105,12816
14105,12817
14105,12818
14105,12819
14105,12820
14105,12821
14105,12822
14105,12823
14105,12824
14105,12825
14105,12826
14105,12827
14105,12828
14105,12829
14105,12830
14105,12831
14105,12832
14105,12833
14105,12834
14105,12835
14105,12836
14105,12837
14105,12838
14105,12839
14105,12840
14105,12841
14105,12842
14105,12843
14105,12844
14105,12845
14105,12846
14105,12847
14105,12848
14105,12849
14105,12850
14105,12851
14105,12852
14105,12853
14105,12854
14105,12855
14105,12856
14105,12857
14105,12858
14105,12859
14105,12860
14105,12861
14105,12862
14105,12863
14105,12864
14105,12865
14105,12866
14105,12867
14105,12868
14105,12869
14105,12870
14105,12871
14105,12872
14105,12873
14105,12874
14105,12875
14105,12876
14105,12877
14105,12878
14105,12879
14105,12880
14105,12881
14105,12882
14105,12883
14105,12884
14105,12885
14105,12886
14105,12887
14105,12888
14105,12889
14105,12890
14105,12891
14105,12892
14105,12893
14105,12894
14105,12895
14105,12896
14105,12897
14105,12898
14105,12899
14105,12900
14105,12901
14105,12902
14105,12903
14105,12904
14105,12905
14105,12906
14105,12907
14105,12908
14105,12909
14105,12910
14105,12911
14105,12912
14105,12913
14105,12914
14105,12915
14105,12916
14105,12917
14105,12918
14105,12919
14105,12920
14105,12921
14105,12922
14105,12923
14105,12924
14105,12925
14105,12926
14105,12927
14105,12928
14105,12929
14105,12930
14105,12931
14105,12932
14105,12933
14105,12934
14105,12935
14105,12936
14105,12937
14105,12938
14105,12939
14105,12940
14105,12941
14105,12942
14105,12943
14105,12944
14105,12945
14105,12946
14105,12947
14105,12948
14105,12949
14105,12950
14105,12951
14106,12723
14106,12724
14106,12725
14106,12726
14106,12727
14106,12728
14106,12729
14106,12730
14106,12731
14106,12732
14106,12733
14106,12734
14106,12735
14106,12736
14106,12737
14106,12738
14106,12739
14106,12740
14106,12741
14106,12742
14106,12743
14106,12744
14106,12745
14106,12746
14106,12747
14106,12748
14106,12749
14106,12750
14106,12751
14106,12752
14106,12753
14106,12754
14106,12755
14106,12756
14106,12757
14106,12758
14106,12759
14106,12760
14106,12761
14106,12762
14106,12763
14106,12764
14106,12765
14106,12766
14106,12767
14106,12768
14106,12769
14106,12770
14106,12771
14106,12772
14106,12773
14106,12774
14106,12775
14106,12776
14106,12777
14106,12778
14106,12779
14106,12780
14106,12781
14106,12782
14106,12783
14106,12784
14106,12785
14106,12786
14106,12787
14106,12788
14106,12789
14106,12790
14106,12791
14106,12792
14106,12793
14106,12794
14106,12795
14106,12796
14106,12797
14106,12798
14106,12799
14106,12800
14106,12801
14106,12802
14106,12803
14106,12804
14106,12805
14106,12806
14106,12807
14106,12808
14106,12809
14106,12810
14106,12811
14106,12812
14106,12813
14106,12814
14106,12815
14106,12816
14106,12817
14106,12818
14106,12819
14106,12820
14106,12821
14106,12822
14106,12823
14106,12824
14106,12825
14106,12826
14106,12827
14106,12828
14106,12829
14106,12830
14106,12831
14106,12832
14106,12833
14106,12834
14106,12835
14106,12836
14106,12837
14106,12838
14106,12839
14106,12840
14106,12841
14106,12842
14106,12843
14106,12844
14106,12845
14106,12846
14106,12847
14106,12848
14106,12849
14106,12850
14106,12851
14106,12852
14106,12853
14106,12854
14106,12855
14106,12856
14106,12857
14106,12858
14106,12859
14106,12860
14106,12861
14106,12862
14106,12863
14106,12864
14106,12865
14106,12866
14106,12867
14106,12868
14106,12869
14106,12870
14106,12871
14106,12872
14106,12873
14106,12874
14106,12875
14106,12876
14106,12877
14106,12878
14106,12879
14106,12880
14106,12881
14106,12882
14106,12883
14106,12884
14106,12885
14106,12886
14106,12887
14106,12888
14106,12889
14106,12890
14106,12891
14106,12892
14106,12893
14106,12894
14106,12895
14106,12896
14106,12897
14106,12898
14106,12899
14106,12900
14106,12901
14106,12902
14106,12903
14106,12904
14106,12905
14106,12906
14106,12907
14106,12908
14106,12909
14106,12910
14106,12911
14106,12912
14106,12913
14106,12914
14106,12915
14106,12916
14106,12917
14106,12918
14106,12919
14106,12920
14106,12921
14106,12922
14106,12923
14106,12924
14106,12925
14106,12926
14106,12927
14106,12928
14106,12929
14106,12930
14106,12931
14106,12932
14106,12933
14106,12934
14106,12935
14106,12936
14106,12937
14106,12938
14106,12939
14106,12940
14106,12941
14106,12942
14106,12943
14106,12944
14106,12945
14106,12946
14106,12947
14106,12948
14106,12949
14106,12950
14107,12723
14107,12724
14107,12725
14107,12726
14107,12727
14107,12728
14107,12729
14107,12730
14107,12731
14107,12732
14107,12733
14107,12734
14107,12735
14107,12736
14107,12737
14107,12738
14107,12739
14107,12740
14107,12741
14107,12742
14107,12743
14107,12744
14107,12745
14107,12746
14107,12747
14107,12748
14107,12749
14107,12750
14107,12751
14107,12752
14107,12753
14107,12754
14107,12755
14107,12756
14107,12757
14107,12758
14107,12759
14107,12760
14107,12761
14107,12762
14107,12763
14107,12764
14107,12765
14107,12766
14107,12767
14107,12768
14107,12769
14107,12770
14107,12771
14107,12772
14107,12773
14107,12774
14107,12775
14107,12776
14107,12777
14107,12778
14107,12779
14107,12780
14107,12781
14107,12782
14107,12783
14107,12784
14107,12785
14107,12786
14107,12787
14107,12788
14107,12789
14107,12790
14107,12791
14107,12792
14107,12793
14107,12794
14107,12795
14107,12796
14107,12797
14107,12798
14107,12799
14107,12800
14107,12801
14107,12802
14107,12803
14107,12804
14107,12805
14107,12806
14107,12807
14107,12808
14107,12809
14107,12810
14107,12811
14107,12812
14107,12813
14107,12814
14107,12815
14107,12816
14107,12817
14107,12818
14107,12819
14107,12820
14107,12821
14107,12822
14107,12823
14107,12824
14107,12825
14107,12826
14107,12827
14107,12828
14107,12829
14107,12830
14107,12831
14107,12832
14107,12833
14107,12834
14107,12835
14107,12836
14107,12837
14107,12838
14107,12839
14107,12840
14107,12841
14107,12842
14107,12843
14107,12844
14107,12845
14107,12846
14107,12847
14107,12848
14107,12849
14107,12850
14107,12851
14107,12852
14107,12853
14107,12854
14107,12855
14107,12856
14107,12857
14107,12858
14107,12859
14107,12860
14107,12861
14107,12862
14107,12863
14107,12864
14107,12865
14107,12866
14107,12867
14107,12868
14107,12869
14107,12870
14107,12871
14107,12872
14107,12873
14107,12874
14107,12875
14107,12876
14107,12877
14107,12878
14107,12879
14107,12880
14107,12881
14107,12882
14107,12883
14107,12884
14107,12885
14107,12886
14107,12887
14107,12888
14107,12889
14107,12890
14107,12891
14107,12892
14107,12893
14107,12894
14107,12895
14107,12896
14107,12897
14107,12898
14107,12899
14107,12900
14107,12901
14107,12902
14107,12903
14107,12904
14107,12905
14107,12906
14107,12907
14107,12908
14107,12909
14107,12910
14107,12911
14107,12912
14107,12913
14107,12914
14107,12915
14107,12916
14107,12917
14107,12918
14107,12919
14107,12920
14107,12921
14107,12922
14107,12923
14107,12924
14107,12925
14107,12926
14107,12927
14107,12928
14107,12929
14107,12930
14107,12931
14107,12932
14107,12933
14107,12934
14107,12935
14107,12936
14107,12937
14107,12938
14107,12939
14107,12940
14107,12941
14107,12942
14107,12943
14107,12944
14107,12945
14107,12946
14107,12947
14107,12948
14107,12949
14108,12723
14108,12724
14108,12725
14108,12726
14108,12727
14108,12728
14108,12729
14108,12730
14108,12731
14108,12732
14108,12733
14108,12734
14108,12735
14108,12736
14108,12737
14108,12738
14108,12739
14108,12740
14108,12741
14108,12742
14108,12743
14108,12744
14108,12745
14108,12746
14108,12747
14108,12748
14108,12749
14108,12750
14108,12751
14108,12752
14108,12753
14108,12754
14108,12755
14108,12756
14108,12757
14108,12758
14108,12759
14108,12760
14108,12761
14108,12762
14108,12763
14108,12764
14108,12765
14108,12766
14108,12767
14108,12768
14108,12769
14108,12770
14108,12771
14108,12772
14108,12773
14108,12774
14108,12775
14108,12776
14108,12777
14108,12778
14108,12779
14108,12780
14108,12781
14108,12782
14108,12783
14108,12784
14108,12785
14108,12786
14108,12787
14108,12788
14108,12789
14108,12790
14108,12791
14108,12792
14108,12793
14108,12794
14108,12795
14108,12796
14108,12797
14108,12798
14108,12799
14108,12800
14108,12801
14108,12802
14108,12803
14108,12804
14108,12805
14108,12806
14108,12807
14108,12808
14108,12809
14108,12810
14108,12811
14108,12812
14108,12813
14108,12814
14108,12815
14108,12816
14108,12817
14108,12818
14108,12819
14108,12820
14108,12821
14108,12822
14108,12823
14108,12824
14108,12825
14108,12826
14108,12827
14108,12828
14108,12829
14108,12830
14108,12831
14108,12832
14108,12833
14108,12834
14108,12835
14108,12836
14108,12837
14108,12838
14108,12839
14108,12840
14108,12841
14108,12842
14108,12843
14108,12844
14108,12845
14108,12846
14108,12847
14108,12848
14108,12849
14108,12850
14108,12851
14108,12852
14108,12853
14108,12854
14108,12855
14108,12856
14108,12857
14108,12858
14108,12859
14108,12860
14108,12861
14108,12862
14108,12863
14108,12864
14108,12865
14108,12866
14108,12867
14108,12868
14108,12869
14108,12870
14108,12871
14108,12872
14108,12873
14108,12874
14108,12875
14108,12876
14108,12877
14108,12878
14108,12879
14108,12880
14108,12881
14108,12882
14108,12883
14108,12884
14108,12885
14108,12886
14108,12887
14108,12888
14108,12889
14108,12890
14108,12891
14108,12892
14108,12893
14108,12894
14108,12895
14108,12896
14108,12897
14108,12898
14108,12899
14108,12900
14108,12901
14108,12902
14108,12903
14108,12904
14108,12905
14108,12906
14108,12907
14108,12908
14108,12909
14108,12910
14108,12911
14108,12912
14108,12913
14108,12914
14108,12915
14108,12916
14108,12917
14108,12918
14108,12919
14108,12920
14108,12921
14108,12922
14108,12923
14108,12924
14108,12925
14108,12926
14108,12927
14108,12928
14108,12929
14108,12930
14108,12931
14108,12932
14108,12933
14108,12934
14108,12935
14108,12936
14108,12937
14108,12938
14108,12939
14108,12940
14108,12941
14108,12942
14108,12943
14108,12944
14108,12945
14108,12946
14109,12722
14109,12723
14109,12724
14109,12725
14109,12726
14109,12727
14109,12728
14109,12729
14109,12730
14109,12731
14109,12732
14109,12733
14109,12734
14109,12735
14109,12736
14109,12737
14109,12738
14109,12739
14109,12740
14109,12741
14109,12742
14109,12743
14109,12744
14109,12745
14109,12746
14109,12747
14109,12748
14109,12749
14109,12750
14109,12751
14109,12752
14109,12753
14109,12754
14109,12755
14109,12756
14109,12757
14109,12758
14109,12759
14109,12760
14109,12761
14109,12762
14109,12763
14109,12764
14109,12765
14109,12766
14109,12767
14109,12768
14109,12769
14109,12770
14109,12771
14109,12772
14109,12773
14109,12774
14109,12775
14109,12776
14109,12777
14109,12778
14109,12779
14109,12780
14109,12781
14109,12782
14109,12783
14109,12784
14109,12785
14109,12786
14109,12787
14109,12788
14109,12789
14109,12790
14109,12791
14109,12792
14109,12793
14109,12794
14109,12795
14109,12796
14109,12797
14109,12798
14109,12799
14109,12800
14109,12801
14109,12802
14109,12803
14109,12804
14109,12805
14109,12806
14109,12807
14109,12808
14109,12809
14109,12810
14109,12811
14109,12812
14109,12813
14109,12814
14109,12815
14109,12816
14109,12817
14109,12818
14109,12819
14109,12820
14109,12821
14109,12822
14109,12823
14109,12824
14109,12825
14109,12826
14109,12827
14109,12828
14109,12829
14109,12830
14109,12831
14109,12832
14109,12833
14109,12834
14109,12835
14109,12836
14109,12837
14109,12838
14109,12839
14109,12840
14109,12841
14109,12842
14109,12843
14109,12844
14109,12845
14109,12846
14109,12847
14109,12848
14109,12849
14109,12850
14109,12851
14109,12852
14109,12853
14109,12854
14109,12855
14109,12856
14109,12857
14109,12858
14109,12859
14109,12860
14109,12861
14109,12862
14109,12863
14109,12864
14109,12865
14109,12866
14109,12867
14109,12868
14109,12869
14109,12870
14109,12871
14109,12872
14109,12873
14109,12874
14109,12875
14109,12876
14109,12877
14109,12878
14109,12879
14109,12880
14109,12881
14109,12882
14109,12883
14109,12884
14109,12885
14109,12886
14109,12887
14109,12888
14109,12889
14109,12890
14109,12891
14109,12892
14109,12893
14109,12894
14109,12895
14109,12896
14109,12897
14109,12898
14109,12899
14109,12900
14109,12901
14109,12902
14109,12903
14109,12904
14109,12905
14109,12906
14109,12907
14109,12908
14109,12909
14109,12910
14109,12911
14109,12912
14109,12913
14109,12914
14109,12915
14109,12916
14109,12917
14109,12918
14109,12919
14109,12920
14109,12921
14109,12922
14109,12923
14109,12924
14109,12925
14109,12926
14109,12927
14109,12928
14109,12929
14109,12930
14109,12931
14109,12932
14109,12933
14109,12934
14109,12935
14109,12936
14109,12937
14109,12938
14109,12939
14109,12940
14109,12941
14109,12942
14109,12943
14110,12722
14110,12723
14110,12724
14110,12725
14110,12726
14110,12727
14110,12728
14110,12729
14110,12730
14110,12731
14110,12732
14110,12733
14110,12734
14110,12735
14110,12736
14110,12737
14110,12738
14110,12739
14110,12740
14110,12741
14110,12742
14110,12743
14110,12744
14110,12745
14110,12746
14110,12747
14110,12748
14110,12749
14110,12750
14110,12751
14110,12752
14110,12753
14110,12754
14110,12755
14110,12756
14110,12757
14110,12758
14110,12759
14110,12760
14110,12761
14110,12762
14110,12763
14110,12764
14110,12765
14110,12766
14110,12767
14110,12768
14110,12769
14110,12770
14110,12771
14110,12772
14110,12773
14110,12774
14110,12775
14110,12776
14110,12777
14110,12778
14110,12779
14110,12780
14110,12781
14110,12782
14110,12783
14110,12784
14110,12785
14110,12786
14110,12787
14110,12788
14110,12789
14110,12790
14110,12791
14110,12792
14110,12793
14110,12794
14110,12795
14110,12796
14110,12797
14110,12798
14110,12799
14110,12800
14110,12801
14110,12802
14110,12803
14110,12804
14110,12805
14110,12806
14110,12807
14110,12808
14110,12809
14110,12810
14110,12811
14110,12812
14110,12813
14110,12814
14110,12815
14110,12816
14110,12817
14110,12818
14110,12819
14110,12820
14110,12821
14110,12822
14110,12823
14110,12824
14110,12825
14110,12826
14110,12827
14110,12828
14110,12829
14110,12830
14110,12831
14110,12832
14110,12833
14110,12834
14110,12835
14110,12836
14110,12837
14110,12838
14110,12839
14110,12840
14110,12841
14110,12842
14110,12843
14110,12844
14110,12845
14110,12846
14110,12847
14110,12848
14110,12849
14110,12850
14110,12851
14110,12852
14110,12853
14110,12854
14110,12855
14110,12856
14110,12857
14110,12858
14110,12859
14110,12860
14110,12861
14110,12862
14110,12863
14110,12864
14110,12865
14110,12866
14110,12867
14110,12868
14110,12869
14110,12870
14110,12871
14110,12872
14110,12873
14110,12874
14110,12875
14110,12876
14110,12877
14110,12878
14110,12879
14110,12880
14110,12881
14110,12882
14110,12883
14110,12884
14110,12885
14110,12886
14110,12887
14110,12888
14110,12889
14110,12890
14110,12891
14110,12892
14110,12893
14110,12894
14110,12895
14110,12896
14110,12897
14110,12898
14110,12899
14110,12900
14110,12901
14110,12902
14110,12903
14110,12904
14110,12905
14110,12906
14110,12907
14110,12908
14110,12909
14110,12910
14110,12911
14110,12912
14110,12913
14110,12914
14110,12915
14110,12916
14110,12917
14110,12918
14110,12919
14110,12920
14110,12921
14110,12922
14110,12923
14110,12924
14110,12925
14110,12926
14110,12927
14110,12928
14110,12929
14110,12930
14110,12931
14110,12932
14110,12933
14110,12934
14110,12935
14110,12936
14110,12937
14110,12938
14110,12939
14110,12940
14110,12941
14111,12722
14111,12723
14111,12724
14111,12725
14111,12726
14111,12727
14111,12728
14111,12729
14111,12730
14111,12731
14111,12732
14111,12733
14111,12734
14111,12735
14111,12736
14111,12737
14111,12738
14111,12739
14111,12740
14111,12741
14111,12742
14111,12743
14111,12744
14111,12745
14111,12746
14111,12747
14111,12748
14111,12749
14111,12750
14111,12751
14111,12752
14111,12753
14111,12754
14111,12755
14111,12756
14111,12757
14111,12758
14111,12759
14111,12760
14111,12761
14111,12762
14111,12763
14111,12764
14111,12765
14111,12766
14111,12767
14111,12768
14111,12769
14111,12770
14111,12771
14111,12772
14111,12773
14111,12774
14111,12775
14111,12776
14111,12777
14111,12778
14111,12779
14111,12780
14111,12781
14111,12782
14111,12783
14111,12784
14111,12785
14111,12786
14111,12787
14111,12788
14111,12789
14111,12790
14111,12791
14111,12792
14111,12793
14111,12794
14111,12795
14111,12796
14111,12797
14111,12798
14111,12799
14111,12800
14111,12801
14111,12802
14111,12803
14111,12804
14111,12805
14111,12806
14111,12807
14111,12808
14111,12809
14111,12810
14111,12811
14111,12812
14111,12813
14111,12814
14111,12815
14111,12816
14111,12817
14111,12818
14111,12819
14111,12820
14111,12821
14111,12822
14111,12823
14111,12824
14111,12825
14111,12826
14111,12827
14111,12828
14111,12829
14111,12830
14111,12831
14111,12832
14111,12833
14111,12834
14111,12835
14111,12836
14111,12837
14111,12838
14111,12839
14111,12840
14111,12841
14111,12842
14111,12843
14111,12844
14111,12845
14111,12846
14111,12847
14111,12848
14111,12849
14111,12850
14111,12851
14111,12852
14111,12853
14111,12854
14111,12855
14111,12856
14111,12857
14111,12858
14111,12859
14111,12860
14111,12861
14111,12862
14111,12863
14111,12864
14111,12865
14111,12866
14111,12867
14111,12868
14111,12869
14111,12870
14111,12871
14111,12872
14111,12873
14111,12874
14111,12875
14111,12876
14111,12877
14111,12878
14111,12879
14111,12880
14111,12881
14111,12882
14111,12883
14111,12884
14111,12885
14111,12886
14111,12887
14111,12888
14111,12889
14111,12890
14111,12891
14111,12892
14111,12893
14111,12894
14111,12895
14111,12896
14111,12897
14111,12898
14111,12899
14111,12900
14111,12901
14111,12902
14111,12903
14111,12904
14111,12905
14111,12906
14111,12907
14111,12908
14111,12909
14111,12910
14111,12911
14111,12912
14111,12913
14111,12914
14111,12915
14111,12916
14111,12917
14111,12918
14111,12919
14111,12920
14111,12921
14111,12922
14111,12923
14111,12924
14111,12925
14111,12926
14111,12927
14111,12928
14111,12929
14111,12930
14111,12931
14111,12932
14111,12933
14111,12934
14111,12935
14111,12936
14111,12937
14111,12938
14111,12939
14111,12940
14112,12722
14112,12723
14112,12724
14112,12725
14112,12726
14112,12727
14112,12728
14112,12729
14112,12730
14112,12731
14112,12732
14112,12733
14112,12734
14112,12735
14112,12736
14112,12737
14112,12738
14112,12739
14112,12740
14112,12741
14112,12742
14112,12743
14112,12744
14112,12745
14112,12746
14112,12747
14112,12748
14112,12749
14112,12750
14112,12751
14112,12752
14112,12753
14112,12754
14112,12755
14112,12756
14112,12757
14112,12758
14112,12759
14112,12760
14112,12761
14112,12762
14112,12763
14112,12764
14112,12765
14112,12766
14112,12767
14112,12768
14112,12769
14112,12770
14112,12771
14112,12772
14112,12773
14112,12774
14112,12775
14112,12776
14112,12777
14112,12778
14112,12779
14112,12780
14112,12781
14112,12782
14112,12783
14112,12784
14112,12785
14112,12786
14112,12787
14112,12788
14112,12789
14112,12790
14112,12791
14112,12792
14112,12793
14112,12794
14112,12795
14112,12796
14112,12797
14112,12798
14112,12799
14112,12800
14112,12801
14112,12802
14112,12803
14112,12804
14112,12805
14112,12806
14112,12807
14112,12808
14112,12809
14112,12810
14112,12811
14112,12812
14112,12813
14112,12814
14112,12815
14112,12816
14112,12817
14112,12818
14112,12819
14112,12820
14112,12821
14112,12822
14112,12823
14112,12824
14112,12825
14112,12826
14112,12827
14112,12828
14112,12829
14112,12830
14112,12831
14112,12832
14112,12833
14112,12834
14112,12835
14112,12836
14112,12837
14112,12838
14112,12839
14112,12840
14112,12841
14112,12842
14112,12843
14112,12844
14112,12845
14112,12846
14112,12847
14112,12848
14112,12849
14112,12850
14112,12851
14112,12852
14112,12853
14112,12854
14112,12855
14112,12856
14112,12857
14112,12858
14112,12859
14112,12860
14112,12861
14112,12862
14112,12863
14112,12864
14112,12865
14112,12866
14112,12867
14112,12868
14112,12869
14112,12870
14112,12871
14112,12872
14112,12873
14112,12874
14112,12875
14112,12876
14112,12877
14112,12878
14112,12879
14112,12880
14112,12881
14112,12882
14112,12883
14112,12884
14112,12885
14112,12886
14112,12887
14112,12888
14112,12889
14112,12890
14112,12891
14112,12892
14112,12893
14112,12894
14112,12895
14112,12896
14112,12897
14112,12898
14112,12899
14112,12900
14112,12901
14112,12902
14112,12903
14112,12904
14112,12905
14112,12906
14112,12907
14112,12908
14112,12909
14112,12910
14112,12911
14112,12912
14112,12913
14112,12914
14112,12915
14112,12916
14112,12917
14112,12918
14112,12919
14112,12920
14112,12921
14112,12922
14112,12923
14112,12924
14112,12925
14112,12926
14112,12927
14112,12928
14112,12929
14112,12930
14112,12931
14112,12932
14112,12933
14112,12934
14112,12935
14112,12936
14112,12937
14112,12938
14112,12939
14113,12722
14113,12723
14113,12724
14113,12725
14113,12726
14113,12727
14113,12728
14113,12729
14113,12730
14113,12731
14113,12732
14113,12733
14113,12734
14113,12735
14113,12736
14113,12737
14113,12738
14113,12739
14113,12740
14113,12741
14113,12742
14113,12743
14113,12744
14113,12745
14113,12746
14113,12747
14113,12748
14113,12749
14113,12750
14113,12751
14113,12752
14113,12753
14113,12754
14113,12755
14113,12756
14113,12757
14113,12758
14113,12759
14113,12760
14113,12761
14113,12762
14113,12763
14113,12764
14113,12765
14113,12766
14113,12767
14113,12768
14113,12769
14113,12770
14113,12771
14113,12772
14113,12773
14113,12774
14113,12775
14113,12776
14113,12777
14113,12778
14113,12779
14113,12780
14113,12781
14113,12782
14113,12783
14113,12784
14113,12785
14113,12786
14113,12787
14113,12788
14113,12789
14113,12790
14113,12791
14113,12792
14113,12793
14113,12794
14113,12795
14113,12796
14113,12797
14113,12798
14113,12799
14113,12800
14113,12801
14113,12802
14113,12803
14113,12804
14113,12805
14113,12806
14113,12807
14113,12808
14113,12809
14113,12810
14113,12811
14113,12812
14113,12813
14113,12814
14113,12815
14113,12816
14113,12817
14113,12818
14113,12819
14113,12820
14113,12821
14113,12822
14113,12823
14113,12824
14113,12825
14113,12826
14113,12827
14113,12828
14113,12829
14113,12830
14113,12831
14113,12832
14113,12833
14113,12834
14113,12835
14113,12836
14113,12837
14113,12838
14113,12839
14113,12840
14113,12841
14113,12842
14113,12843
14113,12844
14113,12845
14113,12846
14113,12847
14113,12848
14113,12849
14113,12850
14113,12851
14113,12852
14113,12853
14113,12854
14113,12855
14113,12856
14113,12857
14113,12858
14113,12859
14113,12860
14113,12861
14113,12862
14113,12863
14113,12864
14113,12865
14113,12866
14113,12867
14113,12868
14113,12869
14113,12870
14113,12871
14113,12872
14113,12873
14113,12874
14113,12875
14113,12876
14113,12877
14113,12878
14113,12879
14113,12880
14113,12881
14113,12882
14113,12883
14113,12884
14113,12885
14113,12886
14113,12887
14113,12888
14113,12889
14113,12890
14113,12891
14113,12892
14113,12893
14113,12894
14113,12895
14113,12896
14113,12897
14113,12898
14113,12899
14113,12900
14113,12901
14113,12902
14113,12903
14113,12904
14113,12905
14113,12906
14113,12907
14113,12908
14113,12909
14113,12910
14113,12911
14113,12912
14113,12913
14113,12914
14113,12915
14113,12916
14113,12917
14113,12918
14113,12919
14113,12920
14113,12921
14113,12922
14113,12923
14113,12924
14113,12925
14113,12926
14113,12927
14113,12928
14113,12929
14113,12930
14113,12931
14113,12932
14113,12933
14113,12934
14113,12935
14113,12936
14113,12937
14113,12938
14114,12722
14114,12723
14114,12724
14114,12725
14114,12726
14114,12727
14114,12728
14114,12729
14114,12730
14114,12731
14114,12732
14114,12733
14114,12734
14114,12735
14114,12736
14114,12737
14114,12738
14114,12739
14114,12740
14114,12741
14114,12742
14114,12743
14114,12744
14114,12745
14114,12746
14114,12747
14114,12748
14114,12749
14114,12750
14114,12751
14114,12752
14114,12753
14114,12754
14114,12755
14114,12756
14114,12757
14114,12758
14114,12759
14114,12760
14114,12761
14114,12762
14114,12763
14114,12764
14114,12765
14114,12766
14114,12767
14114,12768
14114,12769
14114,12770
14114,12771
14114,12772
14114,12773
14114,12774
14114,12775
14114,12776
14114,12777
14114,12778
14114,12779
14114,12780
14114,12781
14114,12782
14114,12783
14114,12784
14114,12785
14114,12786
14114,12787
14114,12788
14114,12789
14114,12790
14114,12791
14114,12792
14114,12793
14114,12794
14114,12795
14114,12796
14114,12797
14114,12798
14114,12799
14114,12800
14114,12801
14114,12802
14114,12803
14114,12804
14114,12805
14114,12806
14114,12807
14114,12808
14114,12809
14114,12810
14114,12811
14114,12812
14114,12813
14114,12814
14114,12815
14114,12816
14114,12817
14114,12818
14114,12819
14114,12820
14114,12821
14114,12822
14114,12823
14114,12824
14114,12825
14114,12826
14114,12827
14114,12828
14114,12829
14114,12830
14114,12831
14114,12832
14114,12833
14114,12834
14114,12835
14114,12836
14114,12837
14114,12838
14114,12839
14114,12840
14114,12841
14114,12842
14114,12843
14114,12844
14114,12845
14114,12846
14114,12847
14114,12848
14114,12849
14114,12850
14114,12851
14114,12852
14114,12853
14114,12854
14114,12855
14114,12856
14114,12857
14114,12858
14114,12859
14114,12860
14114,12861
14114,12862
14114,12863
14114,12864
14114,12865
14114,12866
14114,12867
14114,12868
14114,12869
14114,12870
14114,12871
14114,12872
14114,12873
14114,12874
14114,12875
14114,12876
14114,12877
14114,12878
14114,12879
14114,12880
14114,12881
14114,12882
14114,12883
14114,12884
14114,12885
14114,12886
14114,12887
14114,12888
14114,12889
14114,12890
14114,12891
14114,12892
14114,12893
14114,12894
14114,12895
14114,12896
14114,12897
14114,12898
14114,12899
14114,12900
14114,12901
14114,12902
14114,12903
14114,12904
14114,12905
14114,12906
14114,12907
14114,12908
14114,12909
14114,12910
14114,12911
14114,12912
14114,12913
14114,12914
14114,12915
14114,12916
14114,12917
14114,12918
14114,12919
14114,12920
14114,12921
14114,12922
14114,12923
14114,12924
14114,12925
14114,12926
14114,12927
14114,12928
14114,12929
14114,12930
14114,12931
14114,12932
14114,12933
14114,12934
14114,12935
14114,12936
14114,12937
14115,12722
14115,12723
14115,12724
14115,12725
14115,12726
14115,12727
14115,12728
14115,12729
14115,12730
14115,12731
14115,12732
14115,12733
14115,12734
14115,12735
14115,12736
14115,12737
14115,12738
14115,12739
14115,12740
14115,12741
14115,12742
14115,12743
14115,12744
14115,12745
14115,12746
14115,12747
14115,12748
14115,12749
14115,12750
14115,12751
14115,12752
14115,12753
14115,12754
14115,12755
14115,12756
14115,12757
14115,12758
14115,12759
14115,12760
14115,12761
14115,12762
14115,12763
14115,12764
14115,12765
14115,12766
14115,12767
14115,12768
14115,12769
14115,12770
14115,12771
14115,12772
14115,12773
14115,12774
14115,12775
14115,12776
14115,12777
14115,12778
14115,12779
14115,12780
14115,12781
14115,12782
14115,12783
14115,12784
14115,12785
14115,12786
14115,12787
14115,12788
14115,12789
14115,12790
14115,12791
14115,12792
14115,12793
14115,12794
14115,12795
14115,12796
14115,12797
14115,12798
14115,12799
14115,12800
14115,12801
14115,12802
14115,12803
14115,12804
14115,12805
14115,12806
14115,12807
14115,12808
14115,12809
14115,12810
14115,12811
14115,12812
14115,12813
14115,12814
14115,12815
14115,12816
14115,12817
14115,12818
14115,12819
14115,12820
14115,12821
14115,12822
14115,12823
14115,12824
14115,12825
14115,12826
14115,12827
14115,12828
14115,12829
14115,12830
14115,12831
14115,12832
14115,12833
14115,12834
14115,12835
14115,12836
14115,12837
14115,12838
14115,12839
14115,12840
14115,12841
14115,12842
14115,12843
14115,12844
14115,12845
14115,12846
14115,12847
14115,12848
14115,12849
14115,12850
14115,12851
14115,12852
14115,12853
14115,12854
14115,12855
14115,12856
14115,12857
14115,12858
14115,12859
14115,12860
14115,12861
14115,12862
14115,12863
14115,12864
14115,12865
14115,12866
14115,12867
14115,12868
14115,12869
14115,12870
14115,12871
14115,12872
14115,12873
14115,12874
14115,12875
14115,12876
14115,12877
14115,12878
14115,12879
14115,12880
14115,12881
14115,12882
14115,12883
14115,12884
14115,12885
14115,12886
14115,12887
14115,12888
14115,12889
14115,12890
14115,12891
14115,12892
14115,12893
14115,12894
14115,12895
14115,12896
14115,12897
14115,12898
14115,12899
14115,12900
14115,12901
14115,12902
14115,12903
14115,12904
14115,12905
14115,12906
14115,12907
14115,12908
14115,12909
14115,12910
14115,12911
14115,12912
14115,12913
14115,12914
14115,12915
14115,12916
14115,12917
14115,12918
14115,12919
14115,12920
14115,12921
14115,12922
14115,12923
14115,12924
14115,12925
14115,12926
14115,12927
14115,12928
14115,12929
14115,12930
14115,12931
14115,12932
14115,12933
14115,12934
14115,12935
14115,12936
14116,12723
14116,12724
14116,12725
14116,12726
14116,12727
14116,12728
14116,12729
14116,12730
14116,12731
14116,12732
14116,12733
14116,12734
14116,12735
14116,12736
14116,12737
14116,12738
14116,12739
14116,12740
14116,12741
14116,12742
14116,12743
14116,12744
14116,12745
14116,12746
14116,12747
14116,12748
14116,12749
14116,12750
14116,12751
14116,12752
14116,12753
14116,12754
14116,12755
14116,12756
14116,12757
14116,12758
14116,12759
14116,12760
14116,12761
14116,12762
14116,12763
14116,12764
14116,12765
14116,12766
14116,12767
14116,12768
14116,12769
14116,12770
14116,12771
14116,12772
14116,12773
14116,12774
14116,12775
14116,12776
14116,12777
14116,12778
14116,12779
14116,12780
14116,12781
14116,12782
14116,12783
14116,12784
14116,12785
14116,12786
14116,12787
14116,12788
14116,12789
14116,12790
14116,12791
14116,12792
14116,12793
14116,12794
14116,12795
14116,12796
14116,12797
14116,12798
14116,12799
14116,12800
14116,12801
14116,12802
14116,12803
14116,12804
14116,12805
14116,12806
14116,12807
14116,12808
14116,12809
14116,12810
14116,12811
14116,12812
14116,12813
14116,12814
14116,12815
14116,12816
14116,12817
14116,12818
14116,12819
14116,12820
14116,12821
14116,12822
14116,12823
14116,12824
14116,12825
14116,12826
14116,12827
14116,12828
14116,12829
14116,12830
14116,12831
14116,12832
14116,12833
14116,12834
14116,12835
14116,12836
14116,12837
14116,12838
14116,12839
14116,12840
14116,12841
14116,12842
14116,12843
14116,12844
14116,12845
14116,12846
14116,12847
14116,12848
14116,12849
14116,12850
14116,12851
14116,12852
14116,12853
14116,12854
14116,12855
14116,12856
14116,12857
14116,12858
14116,12859
14116,12860
14116,12861
14116,12862
14116,12863
14116,12864
14116,12865
14116,12866
14116,12867
14116,12868
14116,12869
14116,12870
14116,12871
14116,12872
14116,12873
14116,12874
14116,12875
14116,12876
14116,12877
14116,12878
14116,12879
14116,12880
14116,12881
14116,12882
14116,12883
14116,12884
14116,12885
14116,12886
14116,12887
14116,12888
14116,12889
14116,12890
14116,12891
14116,12892
14116,12893
14116,12894
14116,12895
14116,12896
14116,12897
14116,12898
14116,12899
14116,12900
14116,12901
14116,12902
14116,12907
14116,12910
14116,12911
14116,12914
14116,12915
14116,12916
14116,12917
14116,12918
14116,12919
14116,12920
14116,12921
14116,12922
14116,12923
14116,12924
14116,12925
14116,12926
14116,12927
14116,12928
14116,12929
14116,12930
14116,12931
14116,12932
14116,12933
14116,12934
14116,12935
14117,12723
14117,12724
14117,12725
14117,12726
14117,12727
14117,12728
14117,12729
14117,12730
14117,12731
14117,12732
14117,12733
14117,12734
14117,12735
14117,12736
14117,12737
14117,12738
14117,12739
14117,12740
14117,12741
14117,12742
14117,12743
14117,12744
14117,12745
14117,12746
14117,12747
14117,12748
14117,12749
14117,12750
14117,12751
14117,12752
14117,12753
14117,12754
14117,12755
14117,12756
14117,12757
14117,12758
14117,12759
14117,12760
14117,12761
14117,12762
14117,12763
14117,12764
14117,12765
14117,12766
14117,12767
14117,12768
14117,12769
14117,12770
14117,12771
14117,12772
14117,12773
14117,12774
14117,12775
14117,12776
14117,12777
14117,12778
14117,12779
14117,12780
14117,12781
14117,12782
14117,12783
14117,12784
14117,12785
14117,12786
14117,12787
14117,12788
14117,12789
14117,12790
14117,12791
14117,12792
14117,12793
14117,12794
14117,12795
14117,12796
14117,12797
14117,12798
14117,12799
14117,12800
14117,12801
14117,12802
14117,12803
14117,12804
14117,12805
14117,12806
14117,12807
14117,12808
14117,12809
14117,12810
14117,12811
14117,12812
14117,12813
14117,12814
14117,12815
14117,12816
14117,12817
14117,12818
14117,12819
14117,12820
14117,12821
14117,12822
14117,12823
14117,12824
14117,12825
14117,12826
14117,12827
14117,12828
14117,12829
14117,12830
14117,12831
14117,12832
14117,12833
14117,12834
14117,12835
14117,12836
14117,12837
14117,12838
14117,12839
14117,12840
14117,12841
14117,12842
14117,12843
14117,12844
14117,12845
14117,12846
14117,12847
14117,12848
14117,12849
14117,12850
14117,12851
14117,12852
14117,12853
14117,12854
14117,12855
14117,12856
14117,12857
14117,12858
14117,12859
14117,12860
14117,12861
14117,12862
14117,12863
14117,12864
14117,12865
14117,12866
14117,12867
14117,12868
14117,12869
14117,12870
14117,12871
14117,12872
14117,12873
14117,12874
14117,12875
14117,12876
14117,12877
14117,12878
14117,12879
14117,12880
14117,12881
14117,12882
14117,12883
14117,12884
14117,12885
14117,12886
14117,12887
14117,12888
14117,12889
14117,12890
14117,12891
14117,12892
14117,12893
14117,12894
14117,12895
14117,12896
14117,12897
14117,12898
14117,12899
14117,12900
14117,12901
14117,12914
14117,12915
14117,12916
14117,12917
14117,12918
14117,12919
14117,12920
14117,12921
14117,12922
14117,12923
14117,12924
14117,12925
14117,12926
14117,12927
14117,12928
14117,12929
14117,12930
14117,12931
14117,12932
14117,12933
14117,12934
14117,12935
14118,12723
14118,12724
14118,12725
14118,12726
14118,12727
14118,12728
14118,12729
14118,12730
14118,12731
14118,12732
14118,12733
14118,12734
14118,12735
14118,12736
14118,12737
14118,12738
14118,12739
14118,12740
14118,12741
14118,12742
14118,12743
14118,12744
14118,12745
14118,12746
14118,12747
14118,12748
14118,12749
14118,12750
14118,12751
14118,12752
14118,12753
14118,12754
14118,12755
14118,12756
14118,12757
14118,12758
14118,12759
14118,12760
14118,12761
14118,12762
14118,12763
14118,12764
14118,12765
14118,12766
14118,12767
14118,12768
14118,12769
14118,12770
14118,12771
14118,12772
14118,12773
14118,12774
14118,12775
14118,12776
14118,12777
14118,12778
14118,12779
14118,12780
14118,12781
14118,12782
14118,12783
14118,12784
14118,12785
14118,12786
14118,12787
14118,12788
14118,12789
14118,12790
14118,12791
14118,12792
14118,12793
14118,12794
14118,12795
14118,12796
14118,12797
14118,12798
14118,12799
14118,12800
14118,12801
14118,12802
14118,12803
14118,12804
14118,12805
14118,12806
14118,12807
14118,12808
14118,12809
14118,12810
14118,12811
14118,12812
14118,12813
14118,12814
14118,12815
14118,12816
14118,12817
14118,12818
14118,12819
14118,12820
14118,12821
14118,12822
14118,12823
14118,12824
14118,12825
14118,12826
14118,12827
14118,12828
14118,12829
14118,12830
14118,12831
14118,12832
14118,12833
14118,12834
14118,12835
14118,12836
14118,12837
14118,12838
14118,12839
14118,12840
14118,12841
14118,12842
14118,12843
14118,12844
14118,12845
14118,12846
14118,12847
14118,12848
14118,12849
14118,12850
14118,12851
14118,12852
14118,12853
14118,12854
14118,12855
14118,12856
14118,12857
14118,12858
14118,12859
14118,12860
14118,12861
14118,12862
14118,12863
14118,12864
14118,12865
14118,12866
14118,12867
14118,12868
14118,12869
14118,12870
14118,12871
14118,12872
14118,12873
14118,12874
14118,12875
14118,12876
14118,12877
14118,12878
14118,12879
14118,12880
14118,12881
14118,12882
14118,12883
14118,12884
14118,12885
14118,12886
14118,12887
14118,12888
14118,12889
14118,12890
14118,12891
14118,12892
14118,12893
14118,12894
14118,12895
14118,12896
14118,12897
14118,12898
14118,12899
14118,12900
14118,12915
14118,12916
14118,12917
14118,12918
14118,12919
14118,12920
14118,12921
14118,12922
14118,12923
14118,12924
14118,12925
14118,12926
14118,12927
14118,12928
14118,12929
14118,12930
14118,12931
14118,12932
14118,12933
14118,12934
14119,12723
14119,12724
14119,12725
14119,12726
14119,12727
14119,12728
14119,12729
14119,12730
14119,12731
14119,12732
14119,12733
14119,12734
14119,12735
14119,12736
14119,12737
14119,12738
14119,12739
14119,12740
14119,12741
14119,12742
14119,12743
14119,12744
14119,12745
14119,12746
14119,12747
14119,12748
14119,12749
14119,12750
14119,12751
14119,12752
14119,12753
14119,12754
14119,12755
14119,12756
14119,12757
14119,12758
14119,12759
14119,12760
14119,12761
14119,12762
14119,12763
14119,12764
14119,12765
14119,12766
14119,12767
14119,12768
14119,12769
14119,12770
14119,12771
14119,12772
14119,12773
14119,12774
14119,12775
14119,12776
14119,12777
14119,12778
14119,12779
14119,12780
14119,12781
14119,12782
14119,12783
14119,12784
14119,12785
14119,12786
14119,12787
14119,12788
14119,12789
14119,12790
14119,12791
14119,12792
14119,12793
14119,12794
14119,12795
14119,12796
14119,12797
14119,12798
14119,12799
14119,12800
14119,12801
14119,12802
14119,12803
14119,12804
14119,12805
14119,12806
14119,12807
14119,12808
14119,12809
14119,12810
14119,12811
14119,12812
14119,12813
14119,12814
14119,12815
14119,12816
14119,12817
14119,12818
14119,12819
14119,12820
14119,12821
14119,12822
14119,12823
14119,12824
14119,12825
14119,12826
14119,12827
14119,12828
14119,12829
14119,12830
14119,12831
14119,12832
14119,12833
14119,12834
14119,12835
14119,12836
14119,12837
14119,12838
14119,12839
14119,12840
14119,12841
14119,12842
14119,12843
14119,12844
14119,12845
14119,12846
14119,12847
14119,12848
14119,12849
14119,12850
14119,12851
14119,12852
14119,12853
14119,12854
14119,12855
14119,12856
14119,12857
14119,12858
14119,12859
14119,12860
14119,12861
14119,12862
14119,12863
14119,12864
14119,12865
14119,12866
14119,12867
14119,12868
14119,12869
14119,12870
14119,12871
14119,12872
14119,12873
14119,12874
14119,12875
14119,12876
14119,12877
14119,12878
14119,12879
14119,12880
14119,12881
14119,12882
14119,12883
14119,12884
14119,12885
14119,12886
14119,12887
14119,12888
14119,12889
14119,12890
14119,12891
14119,12892
14119,12893
14119,12894
14119,12895
14119,12896
14119,12897
14119,12915
14119,12916
14119,12917
14119,12918
14119,12919
14119,12920
14119,12921
14119,12922
14119,12923
14119,12924
14119,12925
14119,12926
14119,12927
14119,12928
14119,12929
14119,12930
14119,12931
14119,12932
14119,12933
14120,12723
14120,12724
14120,12725
14120,12726
14120,12727
14120,12728
14120,12729
14120,12730
14120,12731
14120,12732
14120,12733
14120,12734
14120,12735
14120,12736
14120,12737
14120,12738
14120,12739
14120,12740
14120,12741
14120,12742
14120,12743
14120,12744
14120,12745
14120,12746
14120,12747
14120,12748
14120,12749
14120,12750
14120,12751
14120,12752
14120,12753
14120,12754
14120,12755
14120,12756
14120,12757
14120,12758
14120,12759
14120,12760
14120,12761
14120,12762
14120,12763
14120,12764
14120,12765
14120,12766
14120,12767
14120,12768
14120,12769
14120,12770
14120,12771
14120,12772
14120,12773
14120,12774
14120,12775
14120,12776
14120,12777
14120,12778
14120,12779
14120,12780
14120,12781
14120,12782
14120,12783
14120,12784
14120,12785
14120,12786
14120,12787
14120,12788
14120,12789
14120,12790
14120,12791
14120,12792
14120,12793
14120,12794
14120,12795
14120,12796
14120,12797
14120,12798
14120,12799
14120,12800
14120,12801
14120,12802
14120,12803
14120,12804
14120,12805
14120,12806
14120,12807
14120,12808
14120,12809
14120,12810
14120,12811
14120,12812
14120,12813
14120,12814
14120,12815
14120,12816
14120,12817
14120,12818
14120,12819
14120,12820
14120,12821
14120,12822
14120,12823
14120,12824
14120,12825
14120,12826
14120,12827
14120,12828
14120,12829
14120,12830
14120,12831
14120,12832
14120,12833
14120,12834
14120,12835
14120,12836
14120,12837
14120,12838
14120,12839
14120,12840
14120,12841
14120,12842
14120,12843
14120,12844
14120,12845
14120,12846
14120,12847
14120,12848
14120,12849
14120,12850
14120,12851
14120,12852
14120,12853
14120,12854
14120,12855
14120,12856
14120,12857
14120,12858
14120,12859
14120,12860
14120,12861
14120,12862
14120,12863
14120,12864
14120,12865
14120,12866
14120,12867
14120,12868
14120,12869
14120,12870
14120,12871
14120,12872
14120,12873
14120,12874
14120,12875
14120,12876
14120,12877
14120,12878
14120,12879
14120,12880
14120,12881
14120,12882
14120,12883
14120,12884
14120,12885
14120,12886
14120,12887
14120,12888
14120,12889
14120,12890
14120,12891
14120,12892
14120,12893
14120,12894
14120,12895
14120,12896
14120,12916
14120,12917
14120,12918
14120,12919
14120,12920
14120,12921
14120,12922
14120,12923
14120,12924
14120,12925
14120,12926
14120,12927
14120,12928
14120,12929
14120,12930
14120,12931
14121,12722
14121,12723
14121,12724
14121,12725
14121,12726
14121,12727
14121,12728
14121,12729
14121,12730
14121,12731
14121,12732
14121,12733
14121,12734
14121,12735
14121,12736
14121,12737
14121,12738
14121,12739
14121,12740
14121,12741
14121,12742
14121,12743
14121,12744
14121,12745
14121,12746
14121,12747
14121,12748
14121,12749
14121,12750
14121,12751
14121,12752
14121,12753
14121,12754
14121,12755
14121,12756
14121,12757
14121,12758
14121,12759
14121,12760
14121,12761
14121,12762
14121,12763
14121,12764
14121,12765
14121,12766
14121,12767
14121,12768
14121,12769
14121,12770
14121,12771
14121,12772
14121,12773
14121,12774
14121,12775
14121,12776
14121,12777
14121,12778
14121,12779
14121,12780
14121,12781
14121,12782
14121,12783
14121,12784
14121,12785
14121,12786
14121,12787
14121,12788
14121,12789
14121,12790
14121,12791
14121,12792
14121,12793
14121,12794
14121,12795
14121,12796
14121,12797
14121,12798
14121,12799
14121,12800
14121,12801
14121,12802
14121,12803
14121,12804
14121,12805
14121,12806
14121,12807
14121,12808
14121,12809
14121,12810
14121,12811
14121,12812
14121,12813
14121,12814
14121,12815
14121,12816
14121,12817
14121,12818
14121,12819
14121,12820
14121,12821
14121,12822
14121,12823
14121,12824
14121,12825
14121,12826
14121,12827
14121,12828
14121,12829
14121,12830
14121,12831
14121,12832
14121,12833
14121,12834
14121,12835
14121,12836
14121,12837
14121,12838
14121,12839
14121,12840
14121,12841
14121,12842
14121,12843
14121,12844
14121,12845
14121,12846
14121,12847
14121,12848
14121,12849
14121,12850
14121,12851
14121,12852
14121,12853
14121,12854
14121,12855
14121,12856
14121,12857
14121,12858
14121,12859
14121,12860
14121,12861
14121,12862
14121,12863
14121,12864
14121,12865
14121,12866
14121,12867
14121,12868
14121,12869
14121,12870
14121,12871
14121,12872
14121,12873
14121,12874
14121,12875
14121,12876
14121,12877
14121,12878
14121,12879
14121,12880
14121,12881
14121,12882
14121,12883
14121,12884
14121,12885
14121,12886
14121,12887
14121,12888
14121,12889
14121,12890
14121,12891
14121,12892
14121,12893
14121,12917
14121,12918
14121,12919
14121,12920
14121,12921
14121,12922
14121,12923
14121,12924
14121,12925
14121,12926
14121,12927
14121,12928
14121,12929
14121,12930
14122,12723
14122,12724
14122,12725
14122,12726
14122,12727
14122,12728
14122,12729
14122,12730
14122,12731
14122,12732
14122,12733
14122,12734
14122,12735
14122,12736
14122,12737
14122,12738
14122,12739
14122,12740
14122,12741
14122,12742
14122,12743
14122,12744
14122,12745
14122,12746
14122,12747
14122,12748
14122,12749
14122,12750
14122,12751
14122,12752
14122,12753
14122,12754
14122,12755
14122,12756
14122,12757
14122,12758
14122,12759
14122,12760
14122,12761
14122,12762
14122,12763
14122,12764
14122,12765
14122,12766
14122,12767
14122,12768
14122,12769
14122,12770
14122,12771
14122,12772
14122,12773
14122,12774
14122,12775
14122,12776
14122,12777
14122,12778
14122,12779
14122,12780
14122,12781
14122,12782
14122,12783
14122,12784
14122,12785
14122,12786
14122,12787
14122,12788
14122,12789
14122,12790
14122,12791
14122,12792
14122,12793
14122,12794
14122,12795
14122,12796
14122,12797
14122,12798
14122,12799
14122,12800
14122,12801
14122,12802
14122,12803
14122,12804
14122,12805
14122,12806
14122,12807
14122,12808
14122,12809
14122,12810
14122,12811
14122,12812
14122,12813
14122,12814
14122,12815
14122,12816
14122,12817
14122,12818
14122,12819
14122,12820
14122,12821
14122,12822
14122,12823
14122,12824
14122,12825
14122,12826
14122,12827
14122,12828
14122,12829
14122,12830
14122,12831
14122,12832
14122,12833
14122,12834
14122,12835
14122,12836
14122,12837
14122,12838
14122,12839
14122,12840
14122,12841
14122,12842
14122,12843
14122,12844
14122,12845
14122,12846
14122,12847
14122,12848
14122,12849
14122,12850
14122,12851
14122,12852
14122,12853
14122,12854
14122,12855
14122,12856
14122,12857
14122,12858
14122,12859
14122,12860
14122,12861
14122,12862
14122,12863
14122,12864
14122,12865
14122,12866
14122,12867
14122,12868
14122,12869
14122,12870
14122,12871
14122,12872
14122,12873
14122,12874
14122,12875
14122,12876
14122,12877
14122,12878
14122,12879
14122,12880
14122,12881
14122,12882
14122,12883
14122,12884
14122,12885
14122,12886
14122,12887
14122,12888
14122,12889
14122,12890
14122,12891
14122,12892
14122,12919
14122,12921
14122,12922
14122,12923
14122,12924
14122,12925
14122,12926
14122,12927
14123,12722
14123,12723
14123,12724
14123,12725
14123,12726
14123,12727
14123,12728
14123,12729
14123,12730
14123,12731
14123,12732
14123,12733
14123,12734
14123,12735
14123,12736
14123,12737
14123,12738
14123,12739
14123,12740
14123,12741
14123,12742
14123,12743
14123,12744
14123,12745
14123,12746
14123,12747
14123,12748
14123,12749
14123,12750
14123,12751
14123,12752
14123,12753
14123,12754
14123,12755
14123,12756
14123,12757
14123,12758
14123,12759
14123,12760
14123,12761
14123,12762
14123,12763
14123,12764
14123,12765
14123,12766
14123,12767
14123,12768
14123,12769
14123,12770
14123,12771
14123,12772
14123,12773
14123,12774
14123,12775
14123,12776
14123,12777
14123,12778
14123,12779
14123,12780
14123,12781
14123,12782
14123,12783
14123,12784
14123,12785
14123,12786
14123,12787
14123,12788
14123,12789
14123,12790
14123,12791
14123,12792
14123,12793
14123,12794
14123,12795
14123,12796
14123,12797
14123,12798
14123,12799
14123,12800
14123,12801
14123,12802
14123,12803
14123,12804
14123,12805
14123,12806
14123,12807
14123,12808
14123,12809
14123,12810
14123,12811
14123,12812
14123,12813
14123,12814
14123,12815
14123,12816
14123,12817
14123,12818
14123,12819
14123,12820
14123,12821
14123,12822
14123,12823
14123,12824
14123,12825
14123,12826
14123,12827
14123,12828
14123,12829
14123,12830
14123,12831
14123,12832
14123,12833
14123,12834
14123,12835
14123,12836
14123,12837
14123,12838
14123,12839
14123,12840
14123,12841
14123,12842
14123,12843
14123,12844
14123,12845
14123,12846
14123,12847
14123,12848
14123,12849
14123,12850
14123,12851
14123,12852
14123,12853
14123,12854
14123,12855
14123,12856
14123,12857
14123,12858
14123,12859
14123,12860
14123,12861
14123,12862
14123,12863
14123,12864
14123,12865
14123,12866
14123,12867
14123,12868
14123,12869
14123,12870
14123,12871
14123,12872
14123,12873
14123,12874
14123,12875
14123,12876
14123,12877
14123,12878
14123,12879
14123,12880
14123,12881
14123,12882
14123,12883
14123,12884
14123,12885
14123,12886
14123,12887
14123,12888
14123,12889
14123,12890
14123,12891
14123,12924
14124,12721
14124,12722
14124,12723
14124,12724
14124,12725
14124,12726
14124,12727
14124,12728
14124,12729
14124,12730
14124,12731
14124,12732
14124,12733
14124,12734
14124,12735
14124,12736
14124,12737
14124,12738
14124,12739
14124,12740
14124,12741
14124,12742
14124,12743
14124,12744
14124,12745
14124,12746
14124,12747
14124,12748
14124,12749
14124,12750
14124,12751
14124,12752
14124,12753
14124,12754
14124,12755
14124,12756
14124,12757
14124,12758
14124,12759
14124,12760
14124,12761
14124,12762
14124,12763
14124,12764
14124,12765
14124,12766
14124,12767
14124,12768
14124,12769
14124,12770
14124,12771
14124,12772
14124,12773
14124,12774
14124,12775
14124,12776
14124,12777
14124,12778
14124,12779
14124,12780
14124,12781
14124,12782
14124,12783
14124,12784
14124,12785
14124,12786
14124,12787
14124,12788
14124,12789
14124,12790
14124,12791
14124,12792
14124,12793
14124,12794
14124,12795
14124,12796
14124,12797
14124,12798
14124,12799
14124,12800
14124,12801
14124,12802
14124,12803
14124,12804
14124,12805
14124,12806
14124,12807
14124,12808
14124,12809
14124,12810
14124,12811
14124,12812
14124,12813
14124,12814
14124,12815
14124,12816
14124,12817
14124,12818
14124,12819
14124,12820
14124,12821
14124,12822
14124,12823
14124,12824
14124,12825
14124,12826
14124,12827
14124,12828
14124,12829
14124,12830
14124,12831
14124,12832
14124,12833
14124,12834
14124,12835
14124,12836
14124,12837
14124,12838
14124,12839
14124,12840
14124,12841
14124,12842
14124,12843
14124,12844
14124,12845
14124,12846
14124,12847
14124,12848
14124,12849
14124,12850
14124,12851
14124,12852
14124,12853
14124,12854
14124,12855
14124,12856
14124,12857
14124,12858
14124,12859
14124,12860
14124,12861
14124,12862
14124,12863
14124,12864
14124,12865
14124,12866
14124,12867
14124,12868
14124,12869
14124,12870
14124,12871
14124,12872
14124,12873
14124,12874
14124,12875
14124,12876
14124,12877
14124,12878
14124,12879
14124,12880
14124,12881
14124,12882
14124,12883
14124,12884
14124,12885
14124,12886
14124,12887
14124,12888
14124,12889
14124,12890
14125,12720
14125,12721
14125,12722
14125,12723
14125,12724
14125,12725
14125,12726
14125,12727
14125,12728
14125,12729
14125,12730
14125,12731
14125,12732
14125,12733
14125,12734
14125,12735
14125,12736
14125,12737
14125,12738
14125,12739
14125,12740
14125,12741
14125,12742
14125,12743
14125,12744
14125,12745
14125,12746
14125,12747
14125,12748
14125,12749
14125,12750
14125,12751
14125,12752
14125,12753
14125,12754
14125,12755
14125,12756
14125,12757
14125,12758
14125,12759
14125,12760
14125,12761
14125,12762
14125,12763
14125,12764
14125,12765
14125,12766
14125,12767
14125,12768
14125,12769
14125,12770
14125,12771
14125,12772
14125,12773
14125,12774
14125,12775
14125,12776
14125,12777
14125,12778
14125,12779
14125,12780
14125,12781
14125,12782
14125,12783
14125,12784
14125,12785
14125,12786
14125,12787
14125,12788
14125,12789
14125,12790
14125,12791
14125,12792
14125,12793
14125,12794
14125,12795
14125,12796
14125,12797
14125,12798
14125,12799
14125,12800
14125,12801
14125,12802
14125,12803
14125,12804
14125,12805
14125,12806
14125,12807
14125,12808
14125,12809
14125,12810
14125,12811
14125,12812
14125,12813
14125,12814
14125,12815
14125,12816
14125,12817
14125,12818
14125,12819
14125,12820
14125,12821
14125,12822
14125,12823
14125,12824
14125,12825
14125,12826
14125,12827
14125,12828
14125,12829
14125,12830
14125,12831
14125,12832
14125,12833
14125,12834
14125,12835
14125,12836
14125,12837
14125,12838
14125,12839
14125,12840
14125,12841
14125,12842
14125,12843
14125,12844
14125,12845
14125,12846
14125,12847
14125,12848
14125,12849
14125,12850
14125,12851
14125,12852
14125,12853
14125,12854
14125,12855
14125,12856
14125,12857
14125,12858
14125,12859
14125,12860
14125,12861
14125,12862
14125,12863
14125,12864
14125,12865
14125,12866
14125,12867
14125,12868
14125,12869
14125,12870
14125,12871
14125,12872
14125,12873
14125,12874
14125,12875
14125,12876
14125,12877
14125,12878
14125,12879
14125,12880
14125,12881
14125,12882
14125,12883
14125,12884
14125,12885
14125,12886
14125,12887
14125,12888
14125,12889
14126,12720
14126,12721
14126,12722
14126,12723
14126,12724
14126,12725
14126,12726
14126,12727
14126,12728
14126,12729
14126,12730
14126,12731
14126,12732
14126,12733
14126,12734
14126,12735
14126,12736
14126,12737
14126,12738
14126,12739
14126,12740
14126,12741
14126,12742
14126,12743
14126,12744
14126,12745
14126,12746
14126,12747
14126,12748
14126,12749
14126,12750
14126,12751
14126,12752
14126,12753
14126,12754
14126,12755
14126,12756
14126,12757
14126,12758
14126,12759
14126,12760
14126,12761
14126,12762
14126,12763
14126,12764
14126,12765
14126,12766
14126,12767
14126,12768
14126,12769
14126,12770
14126,12771
14126,12772
14126,12773
14126,12774
14126,12775
14126,12776
14126,12777
14126,12778
14126,12779
14126,12780
14126,12781
14126,12782
14126,12783
14126,12784
14126,12785
14126,12786
14126,12787
14126,12788
14126,12789
14126,12790
14126,12791
14126,12792
14126,12793
14126,12794
14126,12795
14126,12796
14126,12797
14126,12798
14126,12799
14126,12800
14126,12801
14126,12802
14126,12803
14126,12804
14126,12805
14126,12806
14126,12807
14126,12808
14126,12809
14126,12810
14126,12811
14126,12812
14126,12813
14126,12814
14126,12815
14126,12816
14126,12817
14126,12818
14126,12819
14126,12820
14126,12821
14126,12822
14126,12823
14126,12824
14126,12825
14126,12826
14126,12827
14126,12828
14126,12829
14126,12830
14126,12831
14126,12832
14126,12833
14126,12834
14126,12835
14126,12836
14126,12837
14126,12838
14126,12839
14126,12840
14126,12841
14126,12842
14126,12843
14126,12844
14126,12845
14126,12846
14126,12847
14126,12848
14126,12849
14126,12850
14126,12851
14126,12852
14126,12853
14126,12854
14126,12855
14126,12856
14126,12857
14126,12858
14126,12859
14126,12860
14126,12861
14126,12862
14126,12863
14126,12864
14126,12865
14126,12866
14126,12867
14126,12868
14126,12869
14126,12870
14126,12871
14126,12872
14126,12873
14126,12874
14126,12875
14126,12876
14126,12877
14126,12878
14126,12879
14126,12880
14126,12881
14126,12882
14126,12883
14126,12885
14126,12886
14126,12887
14127,12720
14127,12721
14127,12722
14127,12723
14127,12724
14127,12725
14127,12726
14127,12727
14127,12728
14127,12729
14127,12730
14127,12731
14127,12732
14127,12733
14127,12734
14127,12735
14127,12736
14127,12737
14127,12738
14127,12739
14127,12740
14127,12741
14127,12742
14127,12743
14127,12744
14127,12745
14127,12746
14127,12747
14127,12748
14127,12749
14127,12750
14127,12751
14127,12752
14127,12753
14127,12754
14127,12755
14127,12756
14127,12757
14127,12758
14127,12759
14127,12760
14127,12761
14127,12762
14127,12763
14127,12764
14127,12765
14127,12766
14127,12767
14127,12768
14127,12769
14127,12770
14127,12771
14127,12772
14127,12773
14127,12774
14127,12775
14127,12776
14127,12777
14127,12778
14127,12779
14127,12780
14127,12781
14127,12782
14127,12783
14127,12784
14127,12785
14127,12786
14127,12787
14127,12788
14127,12789
14127,12790
14127,12791
14127,12792
14127,12793
14127,12794
14127,12795
14127,12796
14127,12797
14127,12798
14127,12799
14127,12800
14127,12801
14127,12802
14127,12803
14127,12804
14127,12805
14127,12806
14127,12807
14127,12808
14127,12809
14127,12810
14127,12811
14127,12812
14127,12813
14127,12814
14127,12815
14127,12816
14127,12817
14127,12818
14127,12819
14127,12820
14127,12821
14127,12822
14127,12823
14127,12824
14127,12825
14127,12826
14127,12827
14127,12828
14127,12829
14127,12830
14127,12831
14127,12832
14127,12833
14127,12834
14127,12835
14127,12836
14127,12837
14127,12838
14127,12839
14127,12840
14127,12841
14127,12842
14127,12843
14127,12844
14127,12845
14127,12846
14127,12847
14127,12848
14127,12849
14127,12850
14127,12851
14127,12852
14127,12853
14127,12854
14127,12855
14127,12856
14127,12857
14127,12858
14127,12859
14127,12860
14127,12861
14127,12862
14127,12863
14127,12864
14127,12865
14127,12866
14127,12867
14127,12868
14127,12869
14127,12870
14127,12871
14127,12872
14127,12873
14127,12874
14127,12875
14127,12876
14127,12877
14127,12878
14127,12879
14127,12880
14128,12719
14128,12720
14128,12721
14128,12722
14128,12723
14128,12724
14128,12725
14128,12726
14128,12727
14128,12728
14128,12729
14128,12730
14128,12731
14128,12732
14128,12733
14128,12734
14128,12735
14128,12736
14128,12737
14128,12738
14128,12739
14128,12740
14128,12741
14128,12742
14128,12743
14128,12744
14128,12745
14128,12746
14128,12747
14128,12748
14128,12749
14128,12750
14128,12751
14128,12752
14128,12753
14128,12754
14128,12755
14128,12756
14128,12757
14128,12758
14128,12759
14128,12760
14128,12761
14128,12762
14128,12763
14128,12764
14128,12765
14128,12766
14128,12767
14128,12768
14128,12769
14128,12770
14128,12771
14128,12772
14128,12773
14128,12774
14128,12775
14128,12776
14128,12777
14128,12778
14128,12779
14128,12780
14128,12781
14128,12782
14128,12783
14128,12784
14128,12785
14128,12786
14128,12787
14128,12788
14128,12789
14128,12790
14128,12791
14128,12792
14128,12793
14128,12794
14128,12795
14128,12796
14128,12797
14128,12798
14128,12799
14128,12800
14128,12801
14128,12802
14128,12803
14128,12804
14128,12805
14128,12806
14128,12807
14128,12808
14128,12809
14128,12810
14128,12811
14128,12812
14128,12813
14128,12814
14128,12815
14128,12816
14128,12817
14128,12818
14128,12819
14128,12820
14128,12821
14128,12822
14128,12823
14128,12824
14128,12825
14128,12826
14128,12827
14128,12828
14128,12829
14128,12830
14128,12831
14128,12832
14128,12833
14128,12834
14128,12835
14128,12836
14128,12837
14128,12838
14128,12839
14128,12840
14128,12841
14128,12842
14128,12849
14128,12850
14128,12851
14128,12852
14128,12853
14128,12854
14128,12855
14128,12856
14128,12857
14128,12858
14128,12859
14128,12860
14128,12861
14128,12862
14128,12863
14128,12864
14128,12865
14128,12866
14128,12867
14128,12868
14128,12869
14128,12870
14128,12871
14128,12872
14128,12873
14128,12874
14128,12875
14128,12876
14128,12877
14128,12878
14129,12720
14129,12721
14129,12722
14129,12723
14129,12724
14129,12725
14129,12726
14129,12727
14129,12728
14129,12729
14129,12730
14129,12731
14129,12732
14129,12733
14129,12734
14129,12735
14129,12736
14129,12737
14129,12738
14129,12739
14129,12740
14129,12741
14129,12742
14129,12743
14129,12744
14129,12745
14129,12746
14129,12747
14129,12748
14129,12749
14129,12750
14129,12751
14129,12752
14129,12753
14129,12754
14129,12755
14129,12756
14129,12757
14129,12758
14129,12759
14129,12760
14129,12761
14129,12762
14129,12763
14129,12764
14129,12765
14129,12766
14129,12767
14129,12768
14129,12769
14129,12770
14129,12771
14129,12772
14129,12773
14129,12774
14129,12775
14129,12776
14129,12777
14129,12778
14129,12779
14129,12780
14129,12781
14129,12782
14129,12783
14129,12784
14129,12785
14129,12786
14129,12787
14129,12788
14129,12789
14129,12790
14129,12791
14129,12792
14129,12793
14129,12794
14129,12795
14129,12796
14129,12797
14129,12798
14129,12799
14129,12800
14129,12801
14129,12802
14129,12803
14129,12804
14129,12805
14129,12806
14129,12807
14129,12808
14129,12809
14129,12810
14129,12811
14129,12812
14129,12813
14129,12814
14129,12815
14129,12816
14129,12817
14129,12818
14129,12819
14129,12820
14129,12821
14129,12822
14129,12823
14129,12824
14129,12825
14129,12826
14129,12827
14129,12828
14129,12829
14129,12830
14129,12831
14129,12832
14129,12833
14129,12834
14129,12835
14129,12836
14129,12837
14129,12838
14129,12839
14129,12840
14129,12850
14129,12851
14129,12852
14129,12853
14129,12854
14129,12855
14129,12856
14129,12857
14129,12858
14129,12859
14129,12860
14129,12861
14129,12862
14129,12863
14129,12864
14129,12865
14129,12866
14129,12867
14129,12868
14129,12869
14129,12870
14129,12871
14129,12872
14129,12873
14129,12874
14129,12875
14129,12876
14129,12877
14130,12720
14130,12721
14130,12722
14130,12723
14130,12724
14130,12725
14130,12726
14130,12727
14130,12728
14130,12729
14130,12730
14130,12731
14130,12732
14130,12733
14130,12734
14130,12735
14130,12736
14130,12737
14130,12738
14130,12739
14130,12740
14130,12741
14130,12742
14130,12743
14130,12744
14130,12745
14130,12746
14130,12747
14130,12748
14130,12749
14130,12750
14130,12751
14130,12752
14130,12753
14130,12754
14130,12755
14130,12756
14130,12757
14130,12758
14130,12759
14130,12760
14130,12761
14130,12762
14130,12763
14130,12764
14130,12765
14130,12766
14130,12767
14130,12768
14130,12769
14130,12770
14130,12771
14130,12772
14130,12773
14130,12774
14130,12775
14130,12776
14130,12777
14130,12778
14130,12779
14130,12780
14130,12781
14130,12782
14130,12783
14130,12784
14130,12785
14130,12786
14130,12787
14130,12788
14130,12789
14130,12790
14130,12791
14130,12792
14130,12793
14130,12794
14130,12795
14130,12796
14130,12797
14130,12798
14130,12799
14130,12800
14130,12801
14130,12802
14130,12803
14130,12804
14130,12805
14130,12806
14130,12807
14130,12808
14130,12809
14130,12810
14130,12811
14130,12812
14130,12813
14130,12814
14130,12815
14130,12816
14130,12817
14130,12818
14130,12819
14130,12820
14130,12821
14130,12822
14130,12823
14130,12824
14130,12825
14130,12826
14130,12827
14130,12828
14130,12829
14130,12830
14130,12831
14130,12832
14130,12833
14130,12834
14130,12835
14130,12836
14130,12837
14130,12850
14130,12851
14130,12852
14130,12853
14130,12854
14130,12855
14130,12856
14130,12857
14130,12858
14130,12859
14130,12860
14130,12861
14130,12862
14130,12863
14130,12864
14130,12865
14130,12866
14130,12867
14130,12868
14130,12869
14130,12870
14130,12871
14130,12872
14130,12873
14130,12874
14130,12875
14130,12876
14131,12721
14131,12722
14131,12723
14131,12724
14131,12725
14131,12726
14131,12727
14131,12728
14131,12729
14131,12730
14131,12731
14131,12732
14131,12733
14131,12734
14131,12735
14131,12736
14131,12737
14131,12738
14131,12739
14131,12740
14131,12741
14131,12742
14131,12743
14131,12744
14131,12745
14131,12746
14131,12747
14131,12748
14131,12749
14131,12750
14131,12751
14131,12752
14131,12753
14131,12754
14131,12755
14131,12756
14131,12757
14131,12758
14131,12759
14131,12760
14131,12761
14131,12762
14131,12763
14131,12764
14131,12765
14131,12766
14131,12767
14131,12768
14131,12769
14131,12770
14131,12771
14131,12772
14131,12773
14131,12774
14131,12775
14131,12776
14131,12777
14131,12778
14131,12779
14131,12780
14131,12781
14131,12782
14131,12783
14131,12784
14131,12785
14131,12786
14131,12787
14131,12788
14131,12789
14131,12790
14131,12791
14131,12792
14131,12793
14131,12794
14131,12795
14131,12796
14131,12797
14131,12798
14131,12799
14131,12800
14131,12801
14131,12802
14131,12803
14131,12804
14131,12805
14131,12806
14131,12807
14131,12808
14131,12809
14131,12810
14131,12811
14131,12812
14131,12813
14131,12814
14131,12815
14131,12816
14131,12817
14131,12818
14131,12819
14131,12820
14131,12821
14131,12822
14131,12823
14131,12824
14131,12825
14131,12826
14131,12827
14131,12828
14131,12829
14131,12830
14131,12831
14131,12832
14131,12833
14131,12851
14131,12852
14131,12853
14131,12854
14131,12855
14131,12856
14131,12857
14131,12858
14131,12859
14131,12860
14131,12861
14131,12866
14131,12871
14131,12872
14131,12873
14132,12722
14132,12723
14132,12724
14132,12725
14132,12726
14132,12727
14132,12728
14132,12729
14132,12730
14132,12731
14132,12732
14132,12733
14132,12734
14132,12735
14132,12736
14132,12737
14132,12738
14132,12739
14132,12740
14132,12741
14132,12742
14132,12743
14132,12744
14132,12745
14132,12746
14132,12747
14132,12748
14132,12749
14132,12750
14132,12751
14132,12752
14132,12753
14132,12754
14132,12755
14132,12756
14132,12757
14132,12758
14132,12759
14132,12760
14132,12761
14132,12762
14132,12763
14132,12764
14132,12765
14132,12766
14132,12767
14132,12768
14132,12769
14132,12770
14132,12771
14132,12772
14132,12773
14132,12774
14132,12775
14132,12776
14132,12777
14132,12778
14132,12779
14132,12780
14132,12781
14132,12782
14132,12783
14132,12784
14132,12785
14132,12786
14132,12787
14132,12788
14132,12789
14132,12790
14132,12791
14132,12792
14132,12793
14132,12794
14132,12795
14132,12796
14132,12797
14132,12798
14132,12799
14132,12800
14132,12801
14132,12802
14132,12803
14132,12804
14132,12805
14132,12806
14132,12807
14132,12808
14132,12809
14132,12810
14132,12811
14132,12812
14132,12813
14132,12814
14132,12815
14132,12816
14132,12817
14132,12818
14132,12819
14132,12820
14132,12821
14132,12822
14132,12823
14132,12824
14132,12825
14132,12826
14132,12827
14132,12828
14132,12829
14132,12830
14132,12851
14132,12852
14132,12853
14132,12854
14132,12855
14132,12856
14132,12857
14132,12858
14132,12859
14132,12860
14133,12724
14133,12725
14133,12726
14133,12727
14133,12728
14133,12729
14133,12730
14133,12731
14133,12732
14133,12733
14133,12734
14133,12735
14133,12736
14133,12737
14133,12738
14133,12739
14133,12740
14133,12741
14133,12742
14133,12743
14133,12744
14133,12745
14133,12746
14133,12747
14133,12748
14133,12749
14133,12750
14133,12751
14133,12752
14133,12753
14133,12754
14133,12755
14133,12756
14133,12757
14133,12758
14133,12759
14133,12760
14133,12761
14133,12762
14133,12763
14133,12764
14133,12765
14133,12766
14133,12767
14133,12768
14133,12769
14133,12770
14133,12771
14133,12772
14133,12773
14133,12774
14133,12775
14133,12776
14133,12777
14133,12778
14133,12779
14133,12780
14133,12781
14133,12782
14133,12783
14133,12784
14133,12785
14133,12786
14133,12787
14133,12788
14133,12789
14133,12790
14133,12791
14133,12792
14133,12793
14133,12794
14133,12795
14133,12796
14133,12797
14133,12798
14133,12799
14133,12800
14133,12801
14133,12802
14133,12803
14133,12804
14133,12805
14133,12806
14133,12807
14133,12808
14133,12809
14133,12810
14133,12811
14133,12812
14133,12813
14133,12814
14133,12815
14133,12816
14133,12817
14133,12818
14133,12819
14133,12820
14133,12821
14133,12822
14133,12823
14133,12824
14133,12825
14133,12852
14133,12853
14133,12854
14133,12855
14133,12856
14133,12857
14133,12858
14133,12859
14134,12726
14134,12727
14134,12728
14134,12729
14134,12730
14134,12731
14134,12732
14134,12733
14134,12734
14134,12735
14134,12736
14134,12737
14134,12738
14134,12739
14134,12740
14134,12741
14134,12742
14134,12743
14134,12744
14134,12745
14134,12746
14134,12747
14134,12748
14134,12749
14134,12750
14134,12751
14134,12752
14134,12753
14134,12754
14134,12755
14134,12756
14134,12757
14134,12758
14134,12759
14134,12760
14134,12761
14134,12762
14134,12763
14134,12764
14134,12765
14134,12766
14134,12767
14134,12768
14134,12769
14134,12770
14134,12771
14134,12772
14134,12773
14134,12774
14134,12775
14134,12776
14134,12777
14134,12778
14134,12779
14134,12780
14134,12781
14134,12782
14134,12783
14134,12784
14134,12785
14134,12786
14134,12787
14134,12788
14134,12789
14134,12790
14134,12791
14134,12792
14134,12793
14134,12794
14134,12795
14134,12796
14134,12797
14134,12798
14134,12799
14134,12800
14134,12801
14134,12802
14134,12803
14134,12804
14134,12805
14134,12806
14134,12807
14134,12808
14134,12809
14134,12810
14134,12811
14134,12812
14134,12813
14134,12814
14134,12815
14134,12816
14134,12817
14134,12818
14134,12819
14134,12820
14134,12821
14134,12822
14134,12823
14134,12853
14134,12854
14134,12855
14134,12856
14134,12857
14134,12858
14135,12727
14135,12728
14135,12729
14135,12730
14135,12731
14135,12732
14135,12733
14135,12734
14135,12735
14135,12736
14135,12737
14135,12738
14135,12739
14135,12740
14135,12741
14135,12742
14135,12743
14135,12744
14135,12745
14135,12746
14135,12747
14135,12748
14135,12749
14135,12750
14135,12751
14135,12752
14135,12753
14135,12754
14135,12755
14135,12756
14135,12757
14135,12758
14135,12759
14135,12760
14135,12761
14135,12762
14135,12763
14135,12764
14135,12765
14135,12766
14135,12767
14135,12768
14135,12769
14135,12770
14135,12771
14135,12772
14135,12773
14135,12774
14135,12775
14135,12776
14135,12777
14135,12778
14135,12779
14135,12780
14135,12781
14135,12782
14135,12783
14135,12784
14135,12785
14135,12786
14135,12787
14135,12788
14135,12789
14135,12790
14135,12791
14135,12792
14135,12793
14135,12794
14135,12795
14135,12796
14135,12797
14135,12798
14135,12799
14135,12800
14135,12801
14135,12802
14135,12803
14135,12804
14135,12805
14135,12806
14135,12807
14135,12808
14135,12809
14135,12810
14135,12811
14135,12812
14135,12813
14135,12814
14135,12815
14135,12816
14135,12817
14135,12818
14135,12819
14135,12820
14135,12855
14135,12856
14136,12728
14136,12729
14136,12730
14136,12731
14136,12732
14136,12733
14136,12734
14136,12735
14136,12736
14136,12737
14136,12738
14136,12739
14136,12740
14136,12741
14136,12742
14136,12743
14136,12744
14136,12745
14136,12746
14136,12747
14136,12748
14136,12749
14136,12750
14136,12751
14136,12752
14136,12753
14136,12754
14136,12755
14136,12756
14136,12757
14136,12758
14136,12759
14136,12760
14136,12761
14136,12762
14136,12763
14136,12764
14136,12765
14136,12766
14136,12767
14136,12768
14136,12769
14136,12770
14136,12771
14136,12772
14136,12773
14136,12774
14136,12775
14136,12776
14136,12777
14136,12778
14136,12779
14136,12780
14136,12781
14136,12782
14136,12783
14136,12784
14136,12785
14136,12786
14136,12787
14136,12788
14136,12789
14136,12790
14136,12791
14136,12792
14136,12793
14136,12794
14136,12795
14136,12796
14136,12797
14136,12798
14136,12799
14136,12800
14136,12801
14136,12802
14136,12803
14136,12804
14136,12805
14136,12806
14136,12807
14136,12808
14136,12809
14136,12810
14136,12811
14136,12812
14136,12813
14136,12814
14136,12815
14136,12817
14137,12730
14137,12732
14137,12734
14137,12736
14137,12737
14137,12738
14137,12739
14137,12740
14137,12741
14137,12742
14137,12743
14137,12744
14137,12745
14137,12746
14137,12747
14137,12748
14137,12749
14137,12750
14137,12751
14137,12752
14137,12753
14137,12754
14137,12755
14137,12756
14137,12757
14137,12758
14137,12759
14137,12760
14137,12761
14137,12762
14137,12763
14137,12764
14137,12765
14137,12766
14137,12767
14137,12768
14137,12769
14137,12770
14137,12771
14137,12772
14137,12773
14137,12774
14137,12775
14137,12776
14137,12777
14137,12778
14137,12779
14137,12780
14137,12781
14137,12782
14137,12783
14137,12784
14137,12785
14137,12786
14137,12787
14137,12788
14137,12789
14137,12790
14137,12791
14137,12792
14137,12793
14137,12794
14137,12795
14137,12796
14137,12797
14137,12798
14137,12799
14137,12800
14137,12801
14137,12802
14137,12803
14137,12804
14137,12805
14137,12806
14137,12807
14137,12808
14137,12809
14137,12810
14137,12811
14137,12812
14138,12736
14138,12737
14138,12738
14138,12739
14138,12740
14138,12741
14138,12742
14138,12743
14138,12744
14138,12745
14138,12746
14138,12747
14138,12748
14138,12749
14138,12750
14138,12751
14138,12752
14138,12753
14138,12754
14138,12755
14138,12756
14138,12757
14138,12758
14138,12759
14138,12760
14138,12761
14138,12762
14138,12763
14138,12764
14138,12765
14138,12766
14138,12767
14138,12768
14138,12769
14138,12770
14138,12771
14138,12772
14138,12773
14138,12774
14138,12775
14138,12776
14138,12777
14138,12778
14138,12779
14138,12780
14138,12781
14138,12782
14138,12783
14138,12784
14138,12785
14138,12786
14138,12787
14138,12788
14138,12789
14138,12790
14138,12791
14138,12792
14138,12793
14138,12794
14138,12795
14138,12796
14138,12797
14138,12798
14138,12799
14138,12800
14138,12801
14138,12802
14138,12803
14138,12804
14138,12805
14138,12806
14138,12807
14138,12808
14138,12809
14138,12810
14139,12737
14139,12738
14139,12739
14139,12740
14139,12741
14139,12742
14139,12743
14139,12744
14139,12745
14139,12746
14139,12747
14139,12748
14139,12749
14139,12750
14139,12751
14139,12752
14139,12753
14139,12754
14139,12755
14139,12756
14139,12757
14139,12758
14139,12759
14139,12760
14139,12761
14139,12762
14139,12763
14139,12764
14139,12765
14139,12766
14139,12767
14139,12768
14139,12769
14139,12770
14139,12771
14139,12772
14139,12773
14139,12774
14139,12775
14139,12776
14139,12777
14139,12778
14139,12779
14139,12780
14139,12781
14139,12782
14139,12783
14139,12784
14139,12785
14139,12786
14139,12787
14139,12788
14139,12789
14139,12790
14139,12791
14139,12792
14139,12793
14139,12794
14139,12795
14139,12796
14139,12797
14139,12798
14139,12799
14139,12800
14139,12804
14139,12805
14139,12806
14139,12807
14140,12738
14140,12739
14140,12740
14140,12741
14140,12742
14140,12743
14140,12744
14140,12745
14140,12746
14140,12747
14140,12748
14140,12749
14140,12750
14140,12751
14140,12752
14140,12753
14140,12754
14140,12755
14140,12756
14140,12757
14140,12758
14140,12759
14140,12760
14140,12761
14140,12762
14140,12763
14140,12764
14140,12765
14140,12766
14140,12767
14140,12768
14140,12769
14140,12770
14140,12771
14140,12772
14140,12773
14140,12774
14140,12775
14140,12776
14140,12777
14140,12778
14140,12779
14140,12780
14140,12781
14140,12782
14140,12783
14140,12784
14140,12785
14140,12786
14140,12787
14140,12788
14140,12789
14140,12790
14140,12791
14140,12792
14140,12793
14140,12794
14140,12795
14140,12796
14140,12797
14140,12798
14140,12799
14141,12740
14141,12741
14141,12742
14141,12743
14141,12744
14141,12745
14141,12746
14141,12747
14141,12748
14141,12749
14141,12750
14141,12751
14141,12752
14141,12753
14141,12754
14141,12755
14141,12756
14141,12757
14141,12758
14141,12759
14141,12760
14141,12761
14141,12762
14141,12763
14141,12764
14141,12765
14141,12766
14141,12767
14141,12768
14141,12769
14141,12770
14141,12771
14141,12772
14141,12773
14141,12774
14141,12775
14141,12776
14141,12777
14141,12778
14141,12779
14141,12780
14141,12781
14141,12782
14141,12783
14141,12784
14141,12785
14141,12786
14141,12787
14141,12788
14141,12789
14141,12790
14141,12791
14141,12792
14141,12793
14141,12794
14141,12795
14141,12796
14141,12797
14141,12798
14142,12743
14142,12749
14142,12750
14142,12751
14142,12752
14142,12753
14142,12754
14142,12755
14142,12756
14142,12757
14142,12758
14142,12759
14142,12760
14142,12761
14142,12762
14142,12763
14142,12764
14142,12765
14142,12766
14142,12767
14142,12768
14142,12769
14142,12770
14142,12771
14142,12772
14142,12773
14142,12774
14142,12775
14142,12776
14142,12777
14142,12778
14142,12779
14142,12780
14142,12781
14142,12782
14142,12783
14142,12784
14142,12785
14142,12786
14142,12787
14142,12788
14142,12789
14142,12790
14142,12791
14142,12792
14142,12793
14142,12794
14142,12795
14142,12796
14143,12755
14143,12759
14143,12760
14143,12761
14143,12762
14143,12763
14143,12764
14143,12765
14143,12766
14143,12767
14143,12768
14143,12769
14143,12770
14143,12771
14143,12772
14143,12773
14143,12774
14143,12775
14143,12776
14143,12777
14143,12778
14143,12779
14143,12780
14143,12781
14143,12782
14143,12783
14143,12784
14143,12785
14143,12786
14143,12787
14143,12788
14143,12789
14143,12790
14143,12791
14143,12792
14143,12793
14143,12794
14143,12795
14144,12760
14144,12761
14144,12762
14144,12763
14144,12764
14144,12765
14144,12766
14144,12767
14144,12768
14144,12769
14144,12770
14144,12771
14144,12772
14144,12773
14144,12774
14144,12775
14144,12776
14144,12777
14144,12778
14144,12779
14144,12780
14144,12781
14144,12782
14144,12783
14144,12784
14144,12785
14144,12786
14144,12787
14144,12788
14144,12789
14144,12790
14144,12791
14144,12792
14144,12793
14144,12794
14145,12760
14145,12761
14145,12762
14145,12763
14145,12764
14145,12765
14145,12766
14145,12767
14145,12768
14145,12769
14145,12770
14145,12771
14145,12772
14145,12773
14145,12774
14145,12775
14145,12776
14145,12777
14145,12778
14145,12779
14145,12780
14145,12781
14145,12782
14145,12783
14145,12784
14145,12785
14145,12786
14145,12787
14145,12788
14145,12789
14145,12790
14145,12791
14145,12792
14145,12793
14146,12760
14146,12761
14146,12762
14146,12763
14146,12764
14146,12765
14146,12766
14146,12767
14146,12768
14146,12769
14146,12770
14146,12771
14146,12772
14146,12773
14146,12774
14146,12775
14146,12776
14146,12777
14146,12778
14146,12779
14146,12780
14146,12781
14146,12782
14146,12783
14146,12784
14146,12785
14146,12786
14146,12787
14146,12788
14146,12789
14146,12790
14146,12791
14147,12760
14147,12761
14147,12762
14147,12763
14147,12764
14147,12765
14147,12766
14147,12767
14147,12768
14147,12769
14147,12770
14147,12771
14147,12772
14147,12773
14147,12774
14147,12775
14147,12776
14147,12777
14147,12778
14147,12779
14147,12780
14147,12781
14147,12782
14147,12783
14147,12784
14147,12785
14147,12786
14147,12787
14147,12788
14147,12789
14147,12790
14148,12760
14148,12761
14148,12762
14148,12763
14148,12764
14148,12765
14148,12766
14148,12767
14148,12768
14148,12769
14148,12770
14148,12771
14148,12772
14148,12773
14148,12774
14148,12775
14148,12776
14148,12777
14148,12778
14148,12779
14148,12780
14148,12781
14148,12782
14148,12783
14148,12784
14148,12785
14148,12786
14148,12787
14148,12788
14148,12789
14148,12790
14149,12761
14149,12762
14149,12763
14149,12764
14149,12765
14149,12766
14149,12767
14149,12768
14149,12769
14149,12770
14149,12771
14149,12772
14149,12773
14149,12774
14149,12775
14149,12776
14149,12777
14149,12778
14149,12779
14149,12780
14149,12781
14149,12782
14149,12783
14149,12784
14149,12785
14149,12786
14149,12787
14149,12788
14149,12789
14150,12761
14150,12762
14150,12763
14150,12764
14150,12765
14150,12766
14150,12767
14150,12768
14150,12769
14150,12770
14150,12771
14150,12772
14150,12773
14150,12774
14150,12775
14150,12776
14150,12777
14150,12778
14150,12779
14150,12780
14150,12781
14150,12782
14150,12783
14150,12784
14150,12785
14150,12786
14150,12787
14150,12788
14151,12761
14151,12762
14151,12763
14151,12764
14151,12765
14151,12766
14151,12767
14151,12768
14151,12769
14151,12770
14151,12771
14151,12772
14151,12773
14151,12774
14151,12775
14151,12776
14151,12777
14151,12778
14151,12779
14151,12780
14151,12781
14151,12782
14151,12783
14151,12784
14151,12785
14151,12786
14151,12787
14152,12762
14152,12763
14152,12764
14152,12765
14152,12766
14152,12767
14152,12768
14152,12769
14152,12770
14152,12771
14152,12772
14152,12773
14152,12774
14152,12775
14152,12776
14152,12777
14152,12778
14152,12779
14152,12780
14152,12781
14152,12782
14152,12783
14152,12784
14152,12785
14152,12786
14153,12762
14153,12763
14153,12764
14153,12765
14153,12766
14153,12767
14153,12768
14153,12769
14153,12770
14153,12771
14153,12772
14153,12773
14153,12774
14153,12775
14153,12776
14153,12777
14153,12778
14153,12779
14153,12780
14153,12781
14153,12782
14153,12783
14153,12784
14153,12785
14154,12762
14154,12763
14154,12764
14154,12765
14154,12766
14154,12767
14154,12768
14154,12769
14154,12770
14154,12771
14154,12772
14154,12773
14154,12774
14154,12775
14154,12776
14154,12777
14154,12778
14154,12779
14154,12780
14154,12781
14154,12782
14154,12783
14154,12784
14155,12763
14155,12764
14155,12765
14155,12766
14155,12767
14155,12768
14155,12769
14155,12770
14155,12771
14155,12772
14155,12773
14155,12774
14155,12775
14155,12776
14155,12779
14155,12780
14155,12781
14156,12764
14156,12765
14156,12766
14156,12767
14156,12768
14156,12769
14156,12770
14156,12771
14156,12772
14156,12773
14156,12774
14156,12775
14157,12765
14157,12766
14157,12767
14157,12768
14157,12769
14157,12770
14157,12771
14157,12772
14157,12773
14157,12774
14158,12766
14158,12767
14158,12768
14158,12769
14158,12770
14158,12771
14158,12772
14158,12773
14159,12769
14159,12770
