"X","Y"
12395,25167
12395,25168
12395,25174
12395,25179
12396,25163
12396,25164
12396,25165
12396,25166
12396,25167
12396,25168
12396,25169
12396,25170
12396,25171
12396,25172
12396,25173
12396,25174
12396,25175
12396,25176
12396,25177
12396,25178
12396,25179
12396,25180
12396,25181
12396,25182
12397,25160
12397,25161
12397,25162
12397,25163
12397,25164
12397,25165
12397,25166
12397,25167
12397,25168
12397,25169
12397,25170
12397,25171
12397,25172
12397,25173
12397,25174
12397,25175
12397,25176
12397,25177
12397,25178
12397,25179
12397,25180
12397,25181
12397,25182
12397,25183
12398,25158
12398,25159
12398,25160
12398,25161
12398,25162
12398,25163
12398,25164
12398,25165
12398,25166
12398,25167
12398,25168
12398,25169
12398,25170
12398,25171
12398,25172
12398,25173
12398,25174
12398,25175
12398,25176
12398,25177
12398,25178
12398,25179
12398,25180
12398,25181
12398,25182
12398,25183
12398,25184
12398,25185
12398,25186
12399,25151
12399,25152
12399,25153
12399,25154
12399,25155
12399,25156
12399,25157
12399,25158
12399,25159
12399,25160
12399,25161
12399,25162
12399,25163
12399,25164
12399,25165
12399,25166
12399,25167
12399,25168
12399,25169
12399,25170
12399,25171
12399,25172
12399,25173
12399,25174
12399,25175
12399,25176
12399,25177
12399,25178
12399,25179
12399,25180
12399,25181
12399,25182
12399,25183
12399,25184
12399,25185
12399,25186
12399,25187
12399,25188
12399,25189
12399,25192
12399,25193
12399,25195
12400,25148
12400,25149
12400,25150
12400,25151
12400,25152
12400,25153
12400,25154
12400,25155
12400,25156
12400,25157
12400,25158
12400,25159
12400,25160
12400,25161
12400,25162
12400,25163
12400,25164
12400,25165
12400,25166
12400,25167
12400,25168
12400,25169
12400,25170
12400,25171
12400,25172
12400,25173
12400,25174
12400,25175
12400,25176
12400,25177
12400,25178
12400,25179
12400,25180
12400,25181
12400,25182
12400,25183
12400,25184
12400,25185
12400,25186
12400,25187
12400,25188
12400,25189
12400,25190
12400,25191
12400,25192
12400,25193
12400,25194
12400,25195
12400,25196
12400,25197
12400,25198
12401,25146
12401,25147
12401,25148
12401,25149
12401,25150
12401,25151
12401,25152
12401,25153
12401,25154
12401,25155
12401,25156
12401,25157
12401,25158
12401,25159
12401,25160
12401,25161
12401,25162
12401,25163
12401,25164
12401,25165
12401,25166
12401,25167
12401,25168
12401,25169
12401,25170
12401,25171
12401,25172
12401,25173
12401,25174
12401,25175
12401,25176
12401,25177
12401,25178
12401,25179
12401,25180
12401,25181
12401,25182
12401,25183
12401,25184
12401,25185
12401,25186
12401,25187
12401,25188
12401,25189
12401,25190
12401,25191
12401,25192
12401,25193
12401,25194
12401,25195
12401,25196
12401,25197
12401,25198
12401,25199
12401,25200
12401,25201
12401,25202
12402,25138
12402,25139
12402,25140
12402,25141
12402,25142
12402,25143
12402,25144
12402,25145
12402,25146
12402,25147
12402,25148
12402,25149
12402,25150
12402,25151
12402,25152
12402,25153
12402,25154
12402,25155
12402,25156
12402,25157
12402,25158
12402,25159
12402,25160
12402,25161
12402,25162
12402,25163
12402,25164
12402,25165
12402,25166
12402,25167
12402,25168
12402,25169
12402,25170
12402,25171
12402,25172
12402,25173
12402,25174
12402,25175
12402,25176
12402,25177
12402,25178
12402,25179
12402,25180
12402,25181
12402,25182
12402,25183
12402,25184
12402,25185
12402,25186
12402,25187
12402,25188
12402,25189
12402,25190
12402,25191
12402,25192
12402,25193
12402,25194
12402,25195
12402,25196
12402,25197
12402,25198
12402,25199
12402,25200
12402,25201
12402,25202
12402,25203
12402,25204
12402,25205
12403,25135
12403,25136
12403,25137
12403,25138
12403,25139
12403,25140
12403,25141
12403,25142
12403,25143
12403,25144
12403,25145
12403,25146
12403,25147
12403,25148
12403,25149
12403,25150
12403,25151
12403,25152
12403,25153
12403,25154
12403,25155
12403,25156
12403,25157
12403,25158
12403,25159
12403,25160
12403,25161
12403,25162
12403,25163
12403,25164
12403,25165
12403,25166
12403,25167
12403,25168
12403,25169
12403,25170
12403,25171
12403,25172
12403,25173
12403,25174
12403,25175
12403,25176
12403,25177
12403,25178
12403,25179
12403,25180
12403,25181
12403,25182
12403,25183
12403,25184
12403,25185
12403,25186
12403,25187
12403,25188
12403,25189
12403,25190
12403,25191
12403,25192
12403,25193
12403,25194
12403,25195
12403,25196
12403,25197
12403,25198
12403,25199
12403,25200
12403,25201
12403,25202
12403,25203
12403,25204
12403,25205
12403,25206
12404,25132
12404,25133
12404,25134
12404,25135
12404,25136
12404,25137
12404,25138
12404,25139
12404,25140
12404,25141
12404,25142
12404,25143
12404,25144
12404,25145
12404,25146
12404,25147
12404,25148
12404,25149
12404,25150
12404,25151
12404,25152
12404,25153
12404,25154
12404,25155
12404,25156
12404,25157
12404,25158
12404,25159
12404,25160
12404,25161
12404,25162
12404,25163
12404,25164
12404,25165
12404,25166
12404,25167
12404,25168
12404,25169
12404,25170
12404,25171
12404,25172
12404,25173
12404,25174
12404,25175
12404,25176
12404,25177
12404,25178
12404,25179
12404,25180
12404,25181
12404,25182
12404,25183
12404,25184
12404,25185
12404,25186
12404,25187
12404,25188
12404,25189
12404,25190
12404,25191
12404,25192
12404,25193
12404,25194
12404,25195
12404,25196
12404,25197
12404,25198
12404,25199
12404,25200
12404,25201
12404,25202
12404,25203
12404,25204
12404,25205
12404,25206
12404,25207
12405,25130
12405,25131
12405,25132
12405,25133
12405,25134
12405,25135
12405,25136
12405,25137
12405,25138
12405,25139
12405,25140
12405,25141
12405,25142
12405,25143
12405,25144
12405,25145
12405,25146
12405,25147
12405,25148
12405,25149
12405,25150
12405,25151
12405,25152
12405,25153
12405,25154
12405,25155
12405,25156
12405,25157
12405,25158
12405,25159
12405,25160
12405,25161
12405,25162
12405,25163
12405,25164
12405,25165
12405,25166
12405,25167
12405,25168
12405,25169
12405,25170
12405,25171
12405,25172
12405,25173
12405,25174
12405,25175
12405,25176
12405,25177
12405,25178
12405,25179
12405,25180
12405,25181
12405,25182
12405,25183
12405,25184
12405,25185
12405,25186
12405,25187
12405,25188
12405,25189
12405,25190
12405,25191
12405,25192
12405,25193
12405,25194
12405,25195
12405,25196
12405,25197
12405,25198
12405,25199
12405,25200
12405,25201
12405,25202
12405,25203
12405,25204
12405,25205
12405,25206
12405,25207
12405,25208
12405,25209
12406,25117
12406,25118
12406,25119
12406,25120
12406,25121
12406,25122
12406,25127
12406,25128
12406,25129
12406,25130
12406,25131
12406,25132
12406,25133
12406,25134
12406,25135
12406,25136
12406,25137
12406,25138
12406,25139
12406,25140
12406,25141
12406,25142
12406,25143
12406,25144
12406,25145
12406,25146
12406,25147
12406,25148
12406,25149
12406,25150
12406,25151
12406,25152
12406,25153
12406,25154
12406,25155
12406,25156
12406,25157
12406,25158
12406,25159
12406,25160
12406,25161
12406,25162
12406,25163
12406,25164
12406,25165
12406,25166
12406,25167
12406,25168
12406,25169
12406,25170
12406,25171
12406,25172
12406,25173
12406,25174
12406,25175
12406,25176
12406,25177
12406,25178
12406,25179
12406,25180
12406,25181
12406,25182
12406,25183
12406,25184
12406,25185
12406,25186
12406,25187
12406,25188
12406,25189
12406,25190
12406,25191
12406,25192
12406,25193
12406,25194
12406,25195
12406,25196
12406,25197
12406,25198
12406,25199
12406,25200
12406,25201
12406,25202
12406,25203
12406,25204
12406,25205
12406,25206
12406,25207
12406,25208
12406,25209
12406,25210
12406,25211
12407,25109
12407,25110
12407,25111
12407,25112
12407,25114
12407,25115
12407,25116
12407,25117
12407,25118
12407,25119
12407,25120
12407,25121
12407,25122
12407,25123
12407,25124
12407,25125
12407,25126
12407,25127
12407,25128
12407,25129
12407,25130
12407,25131
12407,25132
12407,25133
12407,25134
12407,25135
12407,25136
12407,25137
12407,25138
12407,25139
12407,25140
12407,25141
12407,25142
12407,25143
12407,25144
12407,25145
12407,25146
12407,25147
12407,25148
12407,25149
12407,25150
12407,25151
12407,25152
12407,25153
12407,25154
12407,25155
12407,25156
12407,25157
12407,25158
12407,25159
12407,25160
12407,25161
12407,25162
12407,25163
12407,25164
12407,25165
12407,25166
12407,25167
12407,25168
12407,25169
12407,25170
12407,25171
12407,25172
12407,25173
12407,25174
12407,25175
12407,25176
12407,25177
12407,25178
12407,25179
12407,25180
12407,25181
12407,25182
12407,25183
12407,25184
12407,25185
12407,25186
12407,25187
12407,25188
12407,25189
12407,25190
12407,25191
12407,25192
12407,25193
12407,25194
12407,25195
12407,25196
12407,25197
12407,25198
12407,25199
12407,25200
12407,25201
12407,25202
12407,25203
12407,25204
12407,25205
12407,25206
12407,25207
12407,25208
12407,25209
12407,25210
12407,25211
12407,25212
12407,25213
12408,25106
12408,25107
12408,25108
12408,25109
12408,25110
12408,25111
12408,25112
12408,25113
12408,25114
12408,25115
12408,25116
12408,25117
12408,25118
12408,25119
12408,25120
12408,25121
12408,25122
12408,25123
12408,25124
12408,25125
12408,25126
12408,25127
12408,25128
12408,25129
12408,25130
12408,25131
12408,25132
12408,25133
12408,25134
12408,25135
12408,25136
12408,25137
12408,25138
12408,25139
12408,25140
12408,25141
12408,25142
12408,25143
12408,25144
12408,25145
12408,25146
12408,25147
12408,25148
12408,25149
12408,25150
12408,25151
12408,25152
12408,25153
12408,25154
12408,25155
12408,25156
12408,25157
12408,25158
12408,25159
12408,25160
12408,25161
12408,25162
12408,25163
12408,25164
12408,25165
12408,25166
12408,25167
12408,25168
12408,25169
12408,25170
12408,25171
12408,25172
12408,25173
12408,25174
12408,25175
12408,25176
12408,25177
12408,25178
12408,25179
12408,25180
12408,25181
12408,25182
12408,25183
12408,25184
12408,25185
12408,25186
12408,25187
12408,25188
12408,25189
12408,25190
12408,25191
12408,25192
12408,25193
12408,25194
12408,25195
12408,25196
12408,25197
12408,25198
12408,25199
12408,25200
12408,25201
12408,25202
12408,25203
12408,25204
12408,25205
12408,25206
12408,25207
12408,25208
12408,25209
12408,25210
12408,25211
12408,25212
12408,25213
12408,25214
12409,25102
12409,25104
12409,25105
12409,25106
12409,25107
12409,25108
12409,25109
12409,25110
12409,25111
12409,25112
12409,25113
12409,25114
12409,25115
12409,25116
12409,25117
12409,25118
12409,25119
12409,25120
12409,25121
12409,25122
12409,25123
12409,25124
12409,25125
12409,25126
12409,25127
12409,25128
12409,25129
12409,25130
12409,25131
12409,25132
12409,25133
12409,25134
12409,25135
12409,25136
12409,25137
12409,25138
12409,25139
12409,25140
12409,25141
12409,25142
12409,25143
12409,25144
12409,25145
12409,25146
12409,25147
12409,25148
12409,25149
12409,25150
12409,25151
12409,25152
12409,25153
12409,25154
12409,25155
12409,25156
12409,25157
12409,25158
12409,25159
12409,25160
12409,25161
12409,25162
12409,25163
12409,25164
12409,25165
12409,25166
12409,25167
12409,25168
12409,25169
12409,25170
12409,25171
12409,25172
12409,25173
12409,25174
12409,25175
12409,25176
12409,25177
12409,25178
12409,25179
12409,25180
12409,25181
12409,25182
12409,25183
12409,25184
12409,25185
12409,25186
12409,25187
12409,25188
12409,25189
12409,25190
12409,25191
12409,25192
12409,25193
12409,25194
12409,25195
12409,25196
12409,25197
12409,25198
12409,25199
12409,25200
12409,25201
12409,25202
12409,25203
12409,25204
12409,25205
12409,25206
12409,25207
12409,25208
12409,25209
12409,25210
12409,25211
12409,25212
12409,25213
12409,25214
12409,25215
12410,25099
12410,25100
12410,25101
12410,25102
12410,25103
12410,25104
12410,25105
12410,25106
12410,25107
12410,25108
12410,25109
12410,25110
12410,25111
12410,25112
12410,25113
12410,25114
12410,25115
12410,25116
12410,25117
12410,25118
12410,25119
12410,25120
12410,25121
12410,25122
12410,25123
12410,25124
12410,25125
12410,25126
12410,25127
12410,25128
12410,25129
12410,25130
12410,25131
12410,25132
12410,25133
12410,25134
12410,25135
12410,25136
12410,25137
12410,25138
12410,25139
12410,25140
12410,25141
12410,25142
12410,25143
12410,25144
12410,25145
12410,25146
12410,25147
12410,25148
12410,25149
12410,25150
12410,25151
12410,25152
12410,25153
12410,25154
12410,25155
12410,25156
12410,25157
12410,25158
12410,25159
12410,25160
12410,25161
12410,25162
12410,25163
12410,25164
12410,25165
12410,25166
12410,25167
12410,25168
12410,25169
12410,25170
12410,25171
12410,25172
12410,25173
12410,25174
12410,25175
12410,25176
12410,25177
12410,25178
12410,25179
12410,25180
12410,25181
12410,25182
12410,25183
12410,25184
12410,25185
12410,25186
12410,25187
12410,25188
12410,25189
12410,25190
12410,25191
12410,25192
12410,25193
12410,25194
12410,25195
12410,25196
12410,25197
12410,25198
12410,25199
12410,25200
12410,25201
12410,25202
12410,25203
12410,25204
12410,25205
12410,25206
12410,25207
12410,25208
12410,25209
12410,25210
12410,25211
12410,25212
12410,25213
12410,25214
12410,25215
12410,25216
12411,25097
12411,25098
12411,25099
12411,25100
12411,25101
12411,25102
12411,25103
12411,25104
12411,25105
12411,25106
12411,25107
12411,25108
12411,25109
12411,25110
12411,25111
12411,25112
12411,25113
12411,25114
12411,25115
12411,25116
12411,25117
12411,25118
12411,25119
12411,25120
12411,25121
12411,25122
12411,25123
12411,25124
12411,25125
12411,25126
12411,25127
12411,25128
12411,25129
12411,25130
12411,25131
12411,25132
12411,25133
12411,25134
12411,25135
12411,25136
12411,25137
12411,25138
12411,25139
12411,25140
12411,25141
12411,25142
12411,25143
12411,25144
12411,25145
12411,25146
12411,25147
12411,25148
12411,25149
12411,25150
12411,25151
12411,25152
12411,25153
12411,25154
12411,25155
12411,25156
12411,25157
12411,25158
12411,25159
12411,25160
12411,25161
12411,25162
12411,25163
12411,25164
12411,25165
12411,25166
12411,25167
12411,25168
12411,25169
12411,25170
12411,25171
12411,25172
12411,25173
12411,25174
12411,25175
12411,25176
12411,25177
12411,25178
12411,25179
12411,25180
12411,25181
12411,25182
12411,25183
12411,25184
12411,25185
12411,25186
12411,25187
12411,25188
12411,25189
12411,25190
12411,25191
12411,25192
12411,25193
12411,25194
12411,25195
12411,25196
12411,25197
12411,25198
12411,25199
12411,25200
12411,25201
12411,25202
12411,25203
12411,25204
12411,25205
12411,25206
12411,25207
12411,25208
12411,25209
12411,25210
12411,25211
12411,25212
12411,25213
12411,25214
12411,25215
12411,25216
12411,25217
12412,25096
12412,25097
12412,25098
12412,25099
12412,25100
12412,25101
12412,25102
12412,25103
12412,25104
12412,25105
12412,25106
12412,25107
12412,25108
12412,25109
12412,25110
12412,25111
12412,25112
12412,25113
12412,25114
12412,25115
12412,25116
12412,25117
12412,25118
12412,25119
12412,25120
12412,25121
12412,25122
12412,25123
12412,25124
12412,25125
12412,25126
12412,25127
12412,25128
12412,25129
12412,25130
12412,25131
12412,25132
12412,25133
12412,25134
12412,25135
12412,25136
12412,25137
12412,25138
12412,25139
12412,25140
12412,25141
12412,25142
12412,25143
12412,25144
12412,25145
12412,25146
12412,25147
12412,25148
12412,25149
12412,25150
12412,25151
12412,25152
12412,25153
12412,25154
12412,25155
12412,25156
12412,25157
12412,25158
12412,25159
12412,25160
12412,25161
12412,25162
12412,25163
12412,25164
12412,25165
12412,25166
12412,25167
12412,25168
12412,25169
12412,25170
12412,25171
12412,25172
12412,25173
12412,25174
12412,25175
12412,25176
12412,25177
12412,25178
12412,25179
12412,25180
12412,25181
12412,25182
12412,25183
12412,25184
12412,25185
12412,25186
12412,25187
12412,25188
12412,25189
12412,25190
12412,25191
12412,25192
12412,25193
12412,25194
12412,25195
12412,25196
12412,25197
12412,25198
12412,25199
12412,25200
12412,25201
12412,25202
12412,25203
12412,25204
12412,25205
12412,25206
12412,25207
12412,25208
12412,25209
12412,25210
12412,25211
12412,25212
12412,25213
12412,25214
12412,25215
12412,25216
12412,25217
12413,25095
12413,25096
12413,25097
12413,25098
12413,25099
12413,25100
12413,25101
12413,25102
12413,25103
12413,25104
12413,25105
12413,25106
12413,25107
12413,25108
12413,25109
12413,25110
12413,25111
12413,25112
12413,25113
12413,25114
12413,25115
12413,25116
12413,25117
12413,25118
12413,25119
12413,25120
12413,25121
12413,25122
12413,25123
12413,25124
12413,25125
12413,25126
12413,25127
12413,25128
12413,25129
12413,25130
12413,25131
12413,25132
12413,25133
12413,25134
12413,25135
12413,25136
12413,25137
12413,25138
12413,25139
12413,25140
12413,25141
12413,25142
12413,25143
12413,25144
12413,25145
12413,25146
12413,25147
12413,25148
12413,25149
12413,25150
12413,25151
12413,25152
12413,25153
12413,25154
12413,25155
12413,25156
12413,25157
12413,25158
12413,25159
12413,25160
12413,25161
12413,25162
12413,25163
12413,25164
12413,25165
12413,25166
12413,25167
12413,25168
12413,25169
12413,25170
12413,25171
12413,25172
12413,25173
12413,25174
12413,25175
12413,25176
12413,25177
12413,25178
12413,25179
12413,25180
12413,25181
12413,25182
12413,25183
12413,25184
12413,25185
12413,25186
12413,25187
12413,25188
12413,25189
12413,25190
12413,25191
12413,25192
12413,25193
12413,25194
12413,25195
12413,25196
12413,25197
12413,25198
12413,25199
12413,25200
12413,25201
12413,25202
12413,25203
12413,25204
12413,25205
12413,25206
12413,25207
12413,25208
12413,25209
12413,25210
12413,25211
12413,25212
12413,25213
12413,25214
12413,25215
12413,25216
12413,25217
12413,25218
12414,25090
12414,25091
12414,25092
12414,25093
12414,25094
12414,25095
12414,25096
12414,25097
12414,25098
12414,25099
12414,25100
12414,25101
12414,25102
12414,25103
12414,25104
12414,25105
12414,25106
12414,25107
12414,25108
12414,25109
12414,25110
12414,25111
12414,25112
12414,25113
12414,25114
12414,25115
12414,25116
12414,25117
12414,25118
12414,25119
12414,25120
12414,25121
12414,25122
12414,25123
12414,25124
12414,25125
12414,25126
12414,25127
12414,25128
12414,25129
12414,25130
12414,25131
12414,25132
12414,25133
12414,25134
12414,25135
12414,25136
12414,25137
12414,25138
12414,25139
12414,25140
12414,25141
12414,25142
12414,25143
12414,25144
12414,25145
12414,25146
12414,25147
12414,25148
12414,25149
12414,25150
12414,25151
12414,25152
12414,25153
12414,25154
12414,25155
12414,25156
12414,25157
12414,25158
12414,25159
12414,25160
12414,25161
12414,25162
12414,25163
12414,25164
12414,25165
12414,25166
12414,25167
12414,25168
12414,25169
12414,25170
12414,25171
12414,25172
12414,25173
12414,25174
12414,25175
12414,25176
12414,25177
12414,25178
12414,25179
12414,25180
12414,25181
12414,25182
12414,25183
12414,25184
12414,25185
12414,25186
12414,25187
12414,25188
12414,25189
12414,25190
12414,25191
12414,25192
12414,25193
12414,25194
12414,25195
12414,25196
12414,25197
12414,25198
12414,25199
12414,25200
12414,25201
12414,25202
12414,25203
12414,25204
12414,25205
12414,25206
12414,25207
12414,25208
12414,25209
12414,25210
12414,25211
12414,25212
12414,25213
12414,25214
12414,25215
12414,25216
12414,25217
12414,25218
12414,25219
12415,25087
12415,25088
12415,25089
12415,25090
12415,25091
12415,25092
12415,25093
12415,25094
12415,25095
12415,25096
12415,25097
12415,25098
12415,25099
12415,25100
12415,25101
12415,25102
12415,25103
12415,25104
12415,25105
12415,25106
12415,25107
12415,25108
12415,25109
12415,25110
12415,25111
12415,25112
12415,25113
12415,25114
12415,25115
12415,25116
12415,25117
12415,25118
12415,25119
12415,25120
12415,25121
12415,25122
12415,25123
12415,25124
12415,25125
12415,25126
12415,25127
12415,25128
12415,25129
12415,25130
12415,25131
12415,25132
12415,25133
12415,25134
12415,25135
12415,25136
12415,25137
12415,25138
12415,25139
12415,25140
12415,25141
12415,25142
12415,25143
12415,25144
12415,25145
12415,25146
12415,25147
12415,25148
12415,25149
12415,25150
12415,25151
12415,25152
12415,25153
12415,25154
12415,25155
12415,25156
12415,25157
12415,25158
12415,25159
12415,25160
12415,25161
12415,25162
12415,25163
12415,25164
12415,25165
12415,25166
12415,25167
12415,25168
12415,25169
12415,25170
12415,25171
12415,25172
12415,25173
12415,25174
12415,25175
12415,25176
12415,25177
12415,25178
12415,25179
12415,25180
12415,25181
12415,25182
12415,25183
12415,25184
12415,25185
12415,25186
12415,25187
12415,25188
12415,25189
12415,25190
12415,25191
12415,25192
12415,25193
12415,25194
12415,25195
12415,25196
12415,25197
12415,25198
12415,25199
12415,25200
12415,25201
12415,25202
12415,25203
12415,25204
12415,25205
12415,25206
12415,25207
12415,25208
12415,25209
12415,25210
12415,25211
12415,25212
12415,25213
12415,25214
12415,25215
12415,25216
12415,25217
12415,25218
12415,25219
12415,25220
12416,25086
12416,25087
12416,25088
12416,25089
12416,25090
12416,25091
12416,25092
12416,25093
12416,25094
12416,25095
12416,25096
12416,25097
12416,25098
12416,25099
12416,25100
12416,25101
12416,25102
12416,25103
12416,25104
12416,25105
12416,25106
12416,25107
12416,25108
12416,25109
12416,25110
12416,25111
12416,25112
12416,25113
12416,25114
12416,25115
12416,25116
12416,25117
12416,25118
12416,25119
12416,25120
12416,25121
12416,25122
12416,25123
12416,25124
12416,25125
12416,25126
12416,25127
12416,25128
12416,25129
12416,25130
12416,25131
12416,25132
12416,25133
12416,25134
12416,25135
12416,25136
12416,25137
12416,25138
12416,25139
12416,25140
12416,25141
12416,25142
12416,25143
12416,25144
12416,25145
12416,25146
12416,25147
12416,25148
12416,25149
12416,25150
12416,25151
12416,25152
12416,25153
12416,25154
12416,25155
12416,25156
12416,25157
12416,25158
12416,25159
12416,25160
12416,25161
12416,25162
12416,25163
12416,25164
12416,25165
12416,25166
12416,25167
12416,25168
12416,25169
12416,25170
12416,25171
12416,25172
12416,25173
12416,25174
12416,25175
12416,25176
12416,25177
12416,25178
12416,25179
12416,25180
12416,25181
12416,25182
12416,25183
12416,25184
12416,25185
12416,25186
12416,25187
12416,25188
12416,25189
12416,25190
12416,25191
12416,25192
12416,25193
12416,25194
12416,25195
12416,25196
12416,25197
12416,25198
12416,25199
12416,25200
12416,25201
12416,25202
12416,25203
12416,25204
12416,25205
12416,25206
12416,25207
12416,25208
12416,25209
12416,25210
12416,25211
12416,25212
12416,25213
12416,25214
12416,25215
12416,25216
12416,25217
12416,25218
12416,25219
12416,25220
12417,25085
12417,25086
12417,25087
12417,25088
12417,25089
12417,25090
12417,25091
12417,25092
12417,25093
12417,25094
12417,25095
12417,25096
12417,25097
12417,25098
12417,25099
12417,25100
12417,25101
12417,25102
12417,25103
12417,25104
12417,25105
12417,25106
12417,25107
12417,25108
12417,25109
12417,25110
12417,25111
12417,25112
12417,25113
12417,25114
12417,25115
12417,25116
12417,25117
12417,25118
12417,25119
12417,25120
12417,25121
12417,25122
12417,25123
12417,25124
12417,25125
12417,25126
12417,25127
12417,25128
12417,25129
12417,25130
12417,25131
12417,25132
12417,25133
12417,25134
12417,25135
12417,25136
12417,25137
12417,25138
12417,25139
12417,25140
12417,25141
12417,25142
12417,25143
12417,25144
12417,25145
12417,25146
12417,25147
12417,25148
12417,25149
12417,25150
12417,25151
12417,25152
12417,25153
12417,25154
12417,25155
12417,25156
12417,25157
12417,25158
12417,25159
12417,25160
12417,25161
12417,25162
12417,25163
12417,25164
12417,25165
12417,25166
12417,25167
12417,25168
12417,25169
12417,25170
12417,25171
12417,25172
12417,25173
12417,25174
12417,25175
12417,25176
12417,25177
12417,25178
12417,25179
12417,25180
12417,25181
12417,25182
12417,25183
12417,25184
12417,25185
12417,25186
12417,25187
12417,25188
12417,25189
12417,25190
12417,25191
12417,25192
12417,25193
12417,25194
12417,25195
12417,25196
12417,25197
12417,25198
12417,25199
12417,25200
12417,25201
12417,25202
12417,25203
12417,25204
12417,25205
12417,25206
12417,25207
12417,25208
12417,25209
12417,25210
12417,25211
12417,25212
12417,25213
12417,25214
12417,25215
12417,25216
12417,25217
12417,25218
12417,25219
12417,25220
12417,25221
12418,25084
12418,25085
12418,25086
12418,25087
12418,25088
12418,25089
12418,25090
12418,25091
12418,25092
12418,25093
12418,25094
12418,25095
12418,25096
12418,25097
12418,25098
12418,25099
12418,25100
12418,25101
12418,25102
12418,25103
12418,25104
12418,25105
12418,25106
12418,25107
12418,25108
12418,25109
12418,25110
12418,25111
12418,25112
12418,25113
12418,25114
12418,25115
12418,25116
12418,25117
12418,25118
12418,25119
12418,25120
12418,25121
12418,25122
12418,25123
12418,25124
12418,25125
12418,25126
12418,25127
12418,25128
12418,25129
12418,25130
12418,25131
12418,25132
12418,25133
12418,25134
12418,25135
12418,25136
12418,25137
12418,25138
12418,25139
12418,25140
12418,25141
12418,25142
12418,25143
12418,25144
12418,25145
12418,25146
12418,25147
12418,25148
12418,25149
12418,25150
12418,25151
12418,25152
12418,25153
12418,25154
12418,25155
12418,25156
12418,25157
12418,25158
12418,25159
12418,25160
12418,25161
12418,25162
12418,25163
12418,25164
12418,25165
12418,25166
12418,25167
12418,25168
12418,25169
12418,25170
12418,25171
12418,25172
12418,25173
12418,25174
12418,25175
12418,25176
12418,25177
12418,25178
12418,25179
12418,25180
12418,25181
12418,25182
12418,25183
12418,25184
12418,25185
12418,25186
12418,25187
12418,25188
12418,25189
12418,25190
12418,25191
12418,25192
12418,25193
12418,25194
12418,25195
12418,25196
12418,25197
12418,25198
12418,25199
12418,25200
12418,25201
12418,25202
12418,25203
12418,25204
12418,25205
12418,25206
12418,25207
12418,25208
12418,25209
12418,25210
12418,25211
12418,25212
12418,25213
12418,25214
12418,25215
12418,25216
12418,25217
12418,25218
12418,25219
12418,25220
12418,25221
12419,25084
12419,25085
12419,25086
12419,25087
12419,25088
12419,25089
12419,25090
12419,25091
12419,25092
12419,25093
12419,25094
12419,25095
12419,25096
12419,25097
12419,25098
12419,25099
12419,25100
12419,25101
12419,25102
12419,25103
12419,25104
12419,25105
12419,25106
12419,25107
12419,25108
12419,25109
12419,25110
12419,25111
12419,25112
12419,25113
12419,25114
12419,25115
12419,25116
12419,25117
12419,25118
12419,25119
12419,25120
12419,25121
12419,25122
12419,25123
12419,25124
12419,25125
12419,25126
12419,25127
12419,25128
12419,25129
12419,25130
12419,25131
12419,25132
12419,25133
12419,25134
12419,25135
12419,25136
12419,25137
12419,25138
12419,25139
12419,25140
12419,25141
12419,25142
12419,25143
12419,25144
12419,25145
12419,25146
12419,25147
12419,25148
12419,25149
12419,25150
12419,25151
12419,25152
12419,25153
12419,25154
12419,25155
12419,25156
12419,25157
12419,25158
12419,25159
12419,25160
12419,25161
12419,25162
12419,25163
12419,25164
12419,25165
12419,25166
12419,25167
12419,25168
12419,25169
12419,25170
12419,25171
12419,25172
12419,25173
12419,25174
12419,25175
12419,25176
12419,25177
12419,25178
12419,25179
12419,25180
12419,25181
12419,25182
12419,25183
12419,25184
12419,25185
12419,25186
12419,25187
12419,25188
12419,25189
12419,25190
12419,25191
12419,25192
12419,25193
12419,25194
12419,25195
12419,25196
12419,25197
12419,25198
12419,25199
12419,25200
12419,25201
12419,25202
12419,25203
12419,25204
12419,25205
12419,25206
12419,25207
12419,25208
12419,25209
12419,25210
12419,25211
12419,25212
12419,25213
12419,25214
12419,25215
12419,25216
12419,25217
12419,25218
12419,25219
12419,25220
12419,25221
12420,25073
12420,25074
12420,25079
12420,25080
12420,25082
12420,25083
12420,25084
12420,25085
12420,25086
12420,25087
12420,25088
12420,25089
12420,25090
12420,25091
12420,25092
12420,25093
12420,25094
12420,25095
12420,25096
12420,25097
12420,25098
12420,25099
12420,25100
12420,25101
12420,25102
12420,25103
12420,25104
12420,25105
12420,25106
12420,25107
12420,25108
12420,25109
12420,25110
12420,25111
12420,25112
12420,25113
12420,25114
12420,25115
12420,25116
12420,25117
12420,25118
12420,25119
12420,25120
12420,25121
12420,25122
12420,25123
12420,25124
12420,25125
12420,25126
12420,25127
12420,25128
12420,25129
12420,25130
12420,25131
12420,25132
12420,25133
12420,25134
12420,25135
12420,25136
12420,25137
12420,25138
12420,25139
12420,25140
12420,25141
12420,25142
12420,25143
12420,25144
12420,25145
12420,25146
12420,25147
12420,25148
12420,25149
12420,25150
12420,25151
12420,25152
12420,25153
12420,25154
12420,25155
12420,25156
12420,25157
12420,25158
12420,25159
12420,25160
12420,25161
12420,25162
12420,25163
12420,25164
12420,25165
12420,25166
12420,25167
12420,25168
12420,25169
12420,25170
12420,25171
12420,25172
12420,25173
12420,25174
12420,25175
12420,25176
12420,25177
12420,25178
12420,25179
12420,25180
12420,25181
12420,25182
12420,25183
12420,25184
12420,25185
12420,25186
12420,25187
12420,25188
12420,25189
12420,25190
12420,25191
12420,25192
12420,25193
12420,25194
12420,25195
12420,25196
12420,25197
12420,25198
12420,25199
12420,25200
12420,25201
12420,25202
12420,25203
12420,25204
12420,25205
12420,25206
12420,25207
12420,25208
12420,25209
12420,25210
12420,25211
12420,25212
12420,25213
12420,25214
12420,25215
12420,25216
12420,25217
12420,25218
12420,25219
12420,25220
12420,25221
12420,25222
12421,25070
12421,25071
12421,25072
12421,25073
12421,25074
12421,25075
12421,25076
12421,25077
12421,25078
12421,25079
12421,25080
12421,25081
12421,25082
12421,25083
12421,25084
12421,25085
12421,25086
12421,25087
12421,25088
12421,25089
12421,25090
12421,25091
12421,25092
12421,25093
12421,25094
12421,25095
12421,25096
12421,25097
12421,25098
12421,25099
12421,25100
12421,25101
12421,25102
12421,25103
12421,25104
12421,25105
12421,25106
12421,25107
12421,25108
12421,25109
12421,25110
12421,25111
12421,25112
12421,25113
12421,25114
12421,25115
12421,25116
12421,25117
12421,25118
12421,25119
12421,25120
12421,25121
12421,25122
12421,25123
12421,25124
12421,25125
12421,25126
12421,25127
12421,25128
12421,25129
12421,25130
12421,25131
12421,25132
12421,25133
12421,25134
12421,25135
12421,25136
12421,25137
12421,25138
12421,25139
12421,25140
12421,25141
12421,25142
12421,25143
12421,25144
12421,25145
12421,25146
12421,25147
12421,25148
12421,25149
12421,25150
12421,25151
12421,25152
12421,25153
12421,25154
12421,25155
12421,25156
12421,25157
12421,25158
12421,25159
12421,25160
12421,25161
12421,25162
12421,25163
12421,25164
12421,25165
12421,25166
12421,25167
12421,25168
12421,25169
12421,25170
12421,25171
12421,25172
12421,25173
12421,25174
12421,25175
12421,25176
12421,25177
12421,25178
12421,25179
12421,25180
12421,25181
12421,25182
12421,25183
12421,25184
12421,25185
12421,25186
12421,25187
12421,25188
12421,25189
12421,25190
12421,25191
12421,25192
12421,25193
12421,25194
12421,25195
12421,25196
12421,25197
12421,25198
12421,25199
12421,25200
12421,25201
12421,25202
12421,25203
12421,25204
12421,25205
12421,25206
12421,25207
12421,25208
12421,25209
12421,25210
12421,25211
12421,25212
12421,25213
12421,25214
12421,25215
12421,25216
12421,25217
12421,25218
12421,25219
12421,25220
12421,25221
12421,25222
12422,25069
12422,25070
12422,25071
12422,25072
12422,25073
12422,25074
12422,25075
12422,25076
12422,25077
12422,25078
12422,25079
12422,25080
12422,25081
12422,25082
12422,25083
12422,25084
12422,25085
12422,25086
12422,25087
12422,25088
12422,25089
12422,25090
12422,25091
12422,25092
12422,25093
12422,25094
12422,25095
12422,25096
12422,25097
12422,25098
12422,25099
12422,25100
12422,25101
12422,25102
12422,25103
12422,25104
12422,25105
12422,25106
12422,25107
12422,25108
12422,25109
12422,25110
12422,25111
12422,25112
12422,25113
12422,25114
12422,25115
12422,25116
12422,25117
12422,25118
12422,25119
12422,25120
12422,25121
12422,25122
12422,25123
12422,25124
12422,25125
12422,25126
12422,25127
12422,25128
12422,25129
12422,25130
12422,25131
12422,25132
12422,25133
12422,25134
12422,25135
12422,25136
12422,25137
12422,25138
12422,25139
12422,25140
12422,25141
12422,25142
12422,25143
12422,25144
12422,25145
12422,25146
12422,25147
12422,25148
12422,25149
12422,25150
12422,25151
12422,25152
12422,25153
12422,25154
12422,25155
12422,25156
12422,25157
12422,25158
12422,25159
12422,25160
12422,25161
12422,25162
12422,25163
12422,25164
12422,25165
12422,25166
12422,25167
12422,25168
12422,25169
12422,25170
12422,25171
12422,25172
12422,25173
12422,25174
12422,25175
12422,25176
12422,25177
12422,25178
12422,25179
12422,25180
12422,25181
12422,25182
12422,25183
12422,25184
12422,25185
12422,25186
12422,25187
12422,25188
12422,25189
12422,25190
12422,25191
12422,25192
12422,25193
12422,25194
12422,25195
12422,25196
12422,25197
12422,25198
12422,25199
12422,25200
12422,25201
12422,25202
12422,25203
12422,25204
12422,25205
12422,25206
12422,25207
12422,25208
12422,25209
12422,25210
12422,25211
12422,25212
12422,25213
12422,25214
12422,25215
12422,25216
12422,25217
12422,25218
12422,25219
12422,25220
12422,25221
12422,25222
12423,25068
12423,25069
12423,25070
12423,25071
12423,25072
12423,25073
12423,25074
12423,25075
12423,25076
12423,25077
12423,25078
12423,25079
12423,25080
12423,25081
12423,25082
12423,25083
12423,25084
12423,25085
12423,25086
12423,25087
12423,25088
12423,25089
12423,25090
12423,25091
12423,25092
12423,25093
12423,25094
12423,25095
12423,25096
12423,25097
12423,25098
12423,25099
12423,25100
12423,25101
12423,25102
12423,25103
12423,25104
12423,25105
12423,25106
12423,25107
12423,25108
12423,25109
12423,25110
12423,25111
12423,25112
12423,25113
12423,25114
12423,25115
12423,25116
12423,25117
12423,25118
12423,25119
12423,25120
12423,25121
12423,25122
12423,25123
12423,25124
12423,25125
12423,25126
12423,25127
12423,25128
12423,25129
12423,25130
12423,25131
12423,25132
12423,25133
12423,25134
12423,25135
12423,25136
12423,25137
12423,25138
12423,25139
12423,25140
12423,25141
12423,25142
12423,25143
12423,25144
12423,25145
12423,25146
12423,25147
12423,25148
12423,25149
12423,25150
12423,25151
12423,25152
12423,25153
12423,25154
12423,25155
12423,25156
12423,25157
12423,25158
12423,25159
12423,25160
12423,25161
12423,25162
12423,25163
12423,25164
12423,25165
12423,25166
12423,25167
12423,25168
12423,25169
12423,25170
12423,25171
12423,25172
12423,25173
12423,25174
12423,25175
12423,25176
12423,25177
12423,25178
12423,25179
12423,25180
12423,25181
12423,25182
12423,25183
12423,25184
12423,25185
12423,25186
12423,25187
12423,25188
12423,25189
12423,25190
12423,25191
12423,25192
12423,25193
12423,25194
12423,25195
12423,25196
12423,25197
12423,25198
12423,25199
12423,25200
12423,25201
12423,25202
12423,25203
12423,25204
12423,25205
12423,25206
12423,25207
12423,25208
12423,25209
12423,25210
12423,25211
12423,25212
12423,25213
12423,25214
12423,25215
12423,25216
12423,25217
12423,25218
12423,25219
12423,25220
12423,25221
12423,25222
12423,25223
12424,25067
12424,25068
12424,25069
12424,25070
12424,25071
12424,25072
12424,25073
12424,25074
12424,25075
12424,25076
12424,25077
12424,25078
12424,25079
12424,25080
12424,25081
12424,25082
12424,25083
12424,25084
12424,25085
12424,25086
12424,25087
12424,25088
12424,25089
12424,25090
12424,25091
12424,25092
12424,25093
12424,25094
12424,25095
12424,25096
12424,25097
12424,25098
12424,25099
12424,25100
12424,25101
12424,25102
12424,25103
12424,25104
12424,25105
12424,25106
12424,25107
12424,25108
12424,25109
12424,25110
12424,25111
12424,25112
12424,25113
12424,25114
12424,25115
12424,25116
12424,25117
12424,25118
12424,25119
12424,25120
12424,25121
12424,25122
12424,25123
12424,25124
12424,25125
12424,25126
12424,25127
12424,25128
12424,25129
12424,25130
12424,25131
12424,25132
12424,25133
12424,25134
12424,25135
12424,25136
12424,25137
12424,25138
12424,25139
12424,25140
12424,25141
12424,25142
12424,25143
12424,25144
12424,25145
12424,25146
12424,25147
12424,25148
12424,25149
12424,25150
12424,25151
12424,25152
12424,25153
12424,25154
12424,25155
12424,25156
12424,25157
12424,25158
12424,25159
12424,25160
12424,25161
12424,25162
12424,25163
12424,25164
12424,25165
12424,25166
12424,25167
12424,25168
12424,25169
12424,25170
12424,25171
12424,25172
12424,25173
12424,25174
12424,25175
12424,25176
12424,25177
12424,25178
12424,25179
12424,25180
12424,25181
12424,25182
12424,25183
12424,25184
12424,25185
12424,25186
12424,25187
12424,25188
12424,25189
12424,25190
12424,25191
12424,25192
12424,25193
12424,25194
12424,25195
12424,25196
12424,25197
12424,25198
12424,25199
12424,25200
12424,25201
12424,25202
12424,25203
12424,25204
12424,25205
12424,25206
12424,25207
12424,25208
12424,25209
12424,25210
12424,25211
12424,25212
12424,25213
12424,25214
12424,25215
12424,25216
12424,25217
12424,25218
12424,25219
12424,25220
12424,25221
12424,25222
12424,25223
12425,25066
12425,25067
12425,25068
12425,25069
12425,25070
12425,25071
12425,25072
12425,25073
12425,25074
12425,25075
12425,25076
12425,25077
12425,25078
12425,25079
12425,25080
12425,25081
12425,25082
12425,25083
12425,25084
12425,25085
12425,25086
12425,25087
12425,25088
12425,25089
12425,25090
12425,25091
12425,25092
12425,25093
12425,25094
12425,25095
12425,25096
12425,25097
12425,25098
12425,25099
12425,25100
12425,25101
12425,25102
12425,25103
12425,25104
12425,25105
12425,25106
12425,25107
12425,25108
12425,25109
12425,25110
12425,25111
12425,25112
12425,25113
12425,25114
12425,25115
12425,25116
12425,25117
12425,25118
12425,25119
12425,25120
12425,25121
12425,25122
12425,25123
12425,25124
12425,25125
12425,25126
12425,25127
12425,25128
12425,25129
12425,25130
12425,25131
12425,25132
12425,25133
12425,25134
12425,25135
12425,25136
12425,25137
12425,25138
12425,25139
12425,25140
12425,25141
12425,25142
12425,25143
12425,25144
12425,25145
12425,25146
12425,25147
12425,25148
12425,25149
12425,25150
12425,25151
12425,25152
12425,25153
12425,25154
12425,25155
12425,25156
12425,25157
12425,25158
12425,25159
12425,25160
12425,25161
12425,25162
12425,25163
12425,25164
12425,25165
12425,25166
12425,25167
12425,25168
12425,25169
12425,25170
12425,25171
12425,25172
12425,25173
12425,25174
12425,25175
12425,25176
12425,25177
12425,25178
12425,25179
12425,25180
12425,25181
12425,25182
12425,25183
12425,25184
12425,25185
12425,25186
12425,25187
12425,25188
12425,25189
12425,25190
12425,25191
12425,25192
12425,25193
12425,25194
12425,25195
12425,25196
12425,25197
12425,25198
12425,25199
12425,25200
12425,25201
12425,25202
12425,25203
12425,25204
12425,25205
12425,25206
12425,25207
12425,25208
12425,25209
12425,25210
12425,25211
12425,25212
12425,25213
12425,25214
12425,25215
12425,25216
12425,25217
12425,25218
12425,25219
12425,25220
12425,25221
12425,25222
12425,25223
12426,25065
12426,25066
12426,25067
12426,25068
12426,25069
12426,25070
12426,25071
12426,25072
12426,25073
12426,25074
12426,25075
12426,25076
12426,25077
12426,25078
12426,25079
12426,25080
12426,25081
12426,25082
12426,25083
12426,25084
12426,25085
12426,25086
12426,25087
12426,25088
12426,25089
12426,25090
12426,25091
12426,25092
12426,25093
12426,25094
12426,25095
12426,25096
12426,25097
12426,25098
12426,25099
12426,25100
12426,25101
12426,25102
12426,25103
12426,25104
12426,25105
12426,25106
12426,25107
12426,25108
12426,25109
12426,25110
12426,25111
12426,25112
12426,25113
12426,25114
12426,25115
12426,25116
12426,25117
12426,25118
12426,25119
12426,25120
12426,25121
12426,25122
12426,25123
12426,25124
12426,25125
12426,25126
12426,25127
12426,25128
12426,25129
12426,25130
12426,25131
12426,25132
12426,25133
12426,25134
12426,25135
12426,25136
12426,25137
12426,25138
12426,25139
12426,25140
12426,25141
12426,25142
12426,25143
12426,25144
12426,25145
12426,25146
12426,25147
12426,25148
12426,25149
12426,25150
12426,25151
12426,25152
12426,25153
12426,25154
12426,25155
12426,25156
12426,25157
12426,25158
12426,25159
12426,25160
12426,25161
12426,25162
12426,25163
12426,25164
12426,25165
12426,25166
12426,25167
12426,25168
12426,25169
12426,25170
12426,25171
12426,25172
12426,25173
12426,25174
12426,25175
12426,25176
12426,25177
12426,25178
12426,25179
12426,25180
12426,25181
12426,25182
12426,25183
12426,25184
12426,25185
12426,25186
12426,25187
12426,25188
12426,25189
12426,25190
12426,25191
12426,25192
12426,25193
12426,25194
12426,25195
12426,25196
12426,25197
12426,25198
12426,25199
12426,25200
12426,25201
12426,25202
12426,25203
12426,25204
12426,25205
12426,25206
12426,25207
12426,25208
12426,25209
12426,25210
12426,25211
12426,25212
12426,25213
12426,25214
12426,25215
12426,25216
12426,25217
12426,25218
12426,25219
12426,25220
12426,25221
12426,25222
12426,25223
12427,25064
12427,25065
12427,25066
12427,25067
12427,25068
12427,25069
12427,25070
12427,25071
12427,25072
12427,25073
12427,25074
12427,25075
12427,25076
12427,25077
12427,25078
12427,25079
12427,25080
12427,25081
12427,25082
12427,25083
12427,25084
12427,25085
12427,25086
12427,25087
12427,25088
12427,25089
12427,25090
12427,25091
12427,25092
12427,25093
12427,25094
12427,25095
12427,25096
12427,25097
12427,25098
12427,25099
12427,25100
12427,25101
12427,25102
12427,25103
12427,25104
12427,25105
12427,25106
12427,25107
12427,25108
12427,25109
12427,25110
12427,25111
12427,25112
12427,25113
12427,25114
12427,25115
12427,25116
12427,25117
12427,25118
12427,25119
12427,25120
12427,25121
12427,25122
12427,25123
12427,25124
12427,25125
12427,25126
12427,25127
12427,25128
12427,25129
12427,25130
12427,25131
12427,25132
12427,25133
12427,25134
12427,25135
12427,25136
12427,25137
12427,25138
12427,25139
12427,25140
12427,25141
12427,25142
12427,25143
12427,25144
12427,25145
12427,25146
12427,25147
12427,25148
12427,25149
12427,25150
12427,25151
12427,25152
12427,25153
12427,25154
12427,25155
12427,25156
12427,25157
12427,25158
12427,25159
12427,25160
12427,25161
12427,25162
12427,25163
12427,25164
12427,25165
12427,25166
12427,25167
12427,25168
12427,25169
12427,25170
12427,25171
12427,25172
12427,25173
12427,25174
12427,25175
12427,25176
12427,25177
12427,25178
12427,25179
12427,25180
12427,25181
12427,25182
12427,25183
12427,25184
12427,25185
12427,25186
12427,25187
12427,25188
12427,25189
12427,25190
12427,25191
12427,25192
12427,25193
12427,25194
12427,25195
12427,25196
12427,25197
12427,25198
12427,25199
12427,25200
12427,25201
12427,25202
12427,25203
12427,25204
12427,25205
12427,25206
12427,25207
12427,25208
12427,25209
12427,25210
12427,25211
12427,25212
12427,25213
12427,25214
12427,25215
12427,25216
12427,25217
12427,25218
12427,25219
12427,25220
12427,25221
12427,25222
12427,25223
12427,25224
12428,25062
12428,25063
12428,25064
12428,25065
12428,25066
12428,25067
12428,25068
12428,25069
12428,25070
12428,25071
12428,25072
12428,25073
12428,25074
12428,25075
12428,25076
12428,25077
12428,25078
12428,25079
12428,25080
12428,25081
12428,25082
12428,25083
12428,25084
12428,25085
12428,25086
12428,25087
12428,25088
12428,25089
12428,25090
12428,25091
12428,25092
12428,25093
12428,25094
12428,25095
12428,25096
12428,25097
12428,25098
12428,25099
12428,25100
12428,25101
12428,25102
12428,25103
12428,25104
12428,25105
12428,25106
12428,25107
12428,25108
12428,25109
12428,25110
12428,25111
12428,25112
12428,25113
12428,25114
12428,25115
12428,25116
12428,25117
12428,25118
12428,25119
12428,25120
12428,25121
12428,25122
12428,25123
12428,25124
12428,25125
12428,25126
12428,25127
12428,25128
12428,25129
12428,25130
12428,25131
12428,25132
12428,25133
12428,25134
12428,25135
12428,25136
12428,25137
12428,25138
12428,25139
12428,25140
12428,25141
12428,25142
12428,25143
12428,25144
12428,25145
12428,25146
12428,25147
12428,25148
12428,25149
12428,25150
12428,25151
12428,25152
12428,25153
12428,25154
12428,25155
12428,25156
12428,25157
12428,25158
12428,25159
12428,25160
12428,25161
12428,25162
12428,25163
12428,25164
12428,25165
12428,25166
12428,25167
12428,25168
12428,25169
12428,25170
12428,25171
12428,25172
12428,25173
12428,25174
12428,25175
12428,25176
12428,25177
12428,25178
12428,25179
12428,25180
12428,25181
12428,25182
12428,25183
12428,25184
12428,25185
12428,25186
12428,25187
12428,25188
12428,25189
12428,25190
12428,25191
12428,25192
12428,25193
12428,25194
12428,25195
12428,25196
12428,25197
12428,25198
12428,25199
12428,25200
12428,25201
12428,25202
12428,25203
12428,25204
12428,25205
12428,25206
12428,25207
12428,25208
12428,25209
12428,25210
12428,25211
12428,25212
12428,25213
12428,25214
12428,25215
12428,25216
12428,25217
12428,25218
12428,25219
12428,25220
12428,25221
12428,25222
12428,25223
12428,25224
12429,25061
12429,25062
12429,25063
12429,25064
12429,25065
12429,25066
12429,25067
12429,25068
12429,25069
12429,25070
12429,25071
12429,25072
12429,25073
12429,25074
12429,25075
12429,25076
12429,25077
12429,25078
12429,25079
12429,25080
12429,25081
12429,25082
12429,25083
12429,25084
12429,25085
12429,25086
12429,25087
12429,25088
12429,25089
12429,25090
12429,25091
12429,25092
12429,25093
12429,25094
12429,25095
12429,25096
12429,25097
12429,25098
12429,25099
12429,25100
12429,25101
12429,25102
12429,25103
12429,25104
12429,25105
12429,25106
12429,25107
12429,25108
12429,25109
12429,25110
12429,25111
12429,25112
12429,25113
12429,25114
12429,25115
12429,25116
12429,25117
12429,25118
12429,25119
12429,25120
12429,25121
12429,25122
12429,25123
12429,25124
12429,25125
12429,25126
12429,25127
12429,25128
12429,25129
12429,25130
12429,25131
12429,25132
12429,25133
12429,25134
12429,25135
12429,25136
12429,25137
12429,25138
12429,25139
12429,25140
12429,25141
12429,25142
12429,25143
12429,25144
12429,25145
12429,25146
12429,25147
12429,25148
12429,25149
12429,25150
12429,25151
12429,25152
12429,25153
12429,25154
12429,25155
12429,25156
12429,25157
12429,25158
12429,25159
12429,25160
12429,25161
12429,25162
12429,25163
12429,25164
12429,25165
12429,25166
12429,25167
12429,25168
12429,25169
12429,25170
12429,25171
12429,25172
12429,25173
12429,25174
12429,25175
12429,25176
12429,25177
12429,25178
12429,25179
12429,25180
12429,25181
12429,25182
12429,25183
12429,25184
12429,25185
12429,25186
12429,25187
12429,25188
12429,25189
12429,25190
12429,25191
12429,25192
12429,25193
12429,25194
12429,25195
12429,25196
12429,25197
12429,25198
12429,25199
12429,25200
12429,25201
12429,25202
12429,25203
12429,25204
12429,25205
12429,25206
12429,25207
12429,25208
12429,25209
12429,25210
12429,25211
12429,25212
12429,25213
12429,25214
12429,25215
12429,25216
12429,25217
12429,25218
12429,25219
12429,25220
12429,25221
12429,25222
12429,25223
12429,25224
12430,25060
12430,25061
12430,25062
12430,25063
12430,25064
12430,25065
12430,25066
12430,25067
12430,25068
12430,25069
12430,25070
12430,25071
12430,25072
12430,25073
12430,25074
12430,25075
12430,25076
12430,25077
12430,25078
12430,25079
12430,25080
12430,25081
12430,25082
12430,25083
12430,25084
12430,25085
12430,25086
12430,25087
12430,25088
12430,25089
12430,25090
12430,25091
12430,25092
12430,25093
12430,25094
12430,25095
12430,25096
12430,25097
12430,25098
12430,25099
12430,25100
12430,25101
12430,25102
12430,25103
12430,25104
12430,25105
12430,25106
12430,25107
12430,25108
12430,25109
12430,25110
12430,25111
12430,25112
12430,25113
12430,25114
12430,25115
12430,25116
12430,25117
12430,25118
12430,25119
12430,25120
12430,25121
12430,25122
12430,25123
12430,25124
12430,25125
12430,25126
12430,25127
12430,25128
12430,25129
12430,25130
12430,25131
12430,25132
12430,25133
12430,25134
12430,25135
12430,25136
12430,25137
12430,25138
12430,25139
12430,25140
12430,25141
12430,25142
12430,25143
12430,25144
12430,25145
12430,25146
12430,25147
12430,25148
12430,25149
12430,25150
12430,25151
12430,25152
12430,25153
12430,25154
12430,25155
12430,25156
12430,25157
12430,25158
12430,25159
12430,25160
12430,25161
12430,25162
12430,25163
12430,25164
12430,25165
12430,25166
12430,25167
12430,25168
12430,25169
12430,25170
12430,25171
12430,25172
12430,25173
12430,25174
12430,25175
12430,25176
12430,25177
12430,25178
12430,25179
12430,25180
12430,25181
12430,25182
12430,25183
12430,25184
12430,25185
12430,25186
12430,25187
12430,25188
12430,25189
12430,25190
12430,25191
12430,25192
12430,25193
12430,25194
12430,25195
12430,25196
12430,25197
12430,25198
12430,25199
12430,25200
12430,25201
12430,25202
12430,25203
12430,25204
12430,25205
12430,25206
12430,25207
12430,25208
12430,25209
12430,25210
12430,25211
12430,25212
12430,25213
12430,25214
12430,25215
12430,25216
12430,25217
12430,25218
12430,25219
12430,25220
12430,25221
12430,25222
12430,25223
12430,25224
12430,25225
12431,25059
12431,25060
12431,25061
12431,25062
12431,25063
12431,25064
12431,25065
12431,25066
12431,25067
12431,25068
12431,25069
12431,25070
12431,25071
12431,25072
12431,25073
12431,25074
12431,25075
12431,25076
12431,25077
12431,25078
12431,25079
12431,25080
12431,25081
12431,25082
12431,25083
12431,25084
12431,25085
12431,25086
12431,25087
12431,25088
12431,25089
12431,25090
12431,25091
12431,25092
12431,25093
12431,25094
12431,25095
12431,25096
12431,25097
12431,25098
12431,25099
12431,25100
12431,25101
12431,25102
12431,25103
12431,25104
12431,25105
12431,25106
12431,25107
12431,25108
12431,25109
12431,25110
12431,25111
12431,25112
12431,25113
12431,25114
12431,25115
12431,25116
12431,25117
12431,25118
12431,25119
12431,25120
12431,25121
12431,25122
12431,25123
12431,25124
12431,25125
12431,25126
12431,25127
12431,25128
12431,25129
12431,25130
12431,25131
12431,25132
12431,25133
12431,25134
12431,25135
12431,25136
12431,25137
12431,25138
12431,25139
12431,25140
12431,25141
12431,25142
12431,25143
12431,25144
12431,25145
12431,25146
12431,25147
12431,25148
12431,25149
12431,25150
12431,25151
12431,25152
12431,25153
12431,25154
12431,25155
12431,25156
12431,25157
12431,25158
12431,25159
12431,25160
12431,25161
12431,25162
12431,25163
12431,25164
12431,25165
12431,25166
12431,25167
12431,25168
12431,25169
12431,25170
12431,25171
12431,25172
12431,25173
12431,25174
12431,25175
12431,25176
12431,25177
12431,25178
12431,25179
12431,25180
12431,25181
12431,25182
12431,25183
12431,25184
12431,25185
12431,25186
12431,25187
12431,25188
12431,25189
12431,25190
12431,25191
12431,25192
12431,25193
12431,25194
12431,25195
12431,25196
12431,25197
12431,25198
12431,25199
12431,25200
12431,25201
12431,25202
12431,25203
12431,25204
12431,25205
12431,25206
12431,25207
12431,25208
12431,25209
12431,25210
12431,25211
12431,25212
12431,25213
12431,25214
12431,25215
12431,25216
12431,25217
12431,25218
12431,25219
12431,25220
12431,25221
12431,25222
12431,25223
12431,25224
12431,25225
12432,25058
12432,25059
12432,25060
12432,25061
12432,25062
12432,25063
12432,25064
12432,25065
12432,25066
12432,25067
12432,25068
12432,25069
12432,25070
12432,25071
12432,25072
12432,25073
12432,25074
12432,25075
12432,25076
12432,25077
12432,25078
12432,25079
12432,25080
12432,25081
12432,25082
12432,25083
12432,25084
12432,25085
12432,25086
12432,25087
12432,25088
12432,25089
12432,25090
12432,25091
12432,25092
12432,25093
12432,25094
12432,25095
12432,25096
12432,25097
12432,25098
12432,25099
12432,25100
12432,25101
12432,25102
12432,25103
12432,25104
12432,25105
12432,25106
12432,25107
12432,25108
12432,25109
12432,25110
12432,25111
12432,25112
12432,25113
12432,25114
12432,25115
12432,25116
12432,25117
12432,25118
12432,25119
12432,25120
12432,25121
12432,25122
12432,25123
12432,25124
12432,25125
12432,25126
12432,25127
12432,25128
12432,25129
12432,25130
12432,25131
12432,25132
12432,25133
12432,25134
12432,25135
12432,25136
12432,25137
12432,25138
12432,25139
12432,25140
12432,25141
12432,25142
12432,25143
12432,25144
12432,25145
12432,25146
12432,25147
12432,25148
12432,25149
12432,25150
12432,25151
12432,25152
12432,25153
12432,25154
12432,25155
12432,25156
12432,25157
12432,25158
12432,25159
12432,25160
12432,25161
12432,25162
12432,25163
12432,25164
12432,25165
12432,25166
12432,25167
12432,25168
12432,25169
12432,25170
12432,25171
12432,25172
12432,25173
12432,25174
12432,25175
12432,25176
12432,25177
12432,25178
12432,25179
12432,25180
12432,25181
12432,25182
12432,25183
12432,25184
12432,25185
12432,25186
12432,25187
12432,25188
12432,25189
12432,25190
12432,25191
12432,25192
12432,25193
12432,25194
12432,25195
12432,25196
12432,25197
12432,25198
12432,25199
12432,25200
12432,25201
12432,25202
12432,25203
12432,25204
12432,25205
12432,25206
12432,25207
12432,25208
12432,25209
12432,25210
12432,25211
12432,25212
12432,25213
12432,25214
12432,25215
12432,25216
12432,25217
12432,25218
12432,25219
12432,25220
12432,25221
12432,25222
12432,25223
12432,25224
12432,25225
12433,25057
12433,25058
12433,25059
12433,25060
12433,25061
12433,25062
12433,25063
12433,25064
12433,25065
12433,25066
12433,25067
12433,25068
12433,25069
12433,25070
12433,25071
12433,25072
12433,25073
12433,25074
12433,25075
12433,25076
12433,25077
12433,25078
12433,25079
12433,25080
12433,25081
12433,25082
12433,25083
12433,25084
12433,25085
12433,25086
12433,25087
12433,25088
12433,25089
12433,25090
12433,25091
12433,25092
12433,25093
12433,25094
12433,25095
12433,25096
12433,25097
12433,25098
12433,25099
12433,25100
12433,25101
12433,25102
12433,25103
12433,25104
12433,25105
12433,25106
12433,25107
12433,25108
12433,25109
12433,25110
12433,25111
12433,25112
12433,25113
12433,25114
12433,25115
12433,25116
12433,25117
12433,25118
12433,25119
12433,25120
12433,25121
12433,25122
12433,25123
12433,25124
12433,25125
12433,25126
12433,25127
12433,25128
12433,25129
12433,25130
12433,25131
12433,25132
12433,25133
12433,25134
12433,25135
12433,25136
12433,25137
12433,25138
12433,25139
12433,25140
12433,25141
12433,25142
12433,25143
12433,25144
12433,25145
12433,25146
12433,25147
12433,25148
12433,25149
12433,25150
12433,25151
12433,25152
12433,25153
12433,25154
12433,25155
12433,25156
12433,25157
12433,25158
12433,25159
12433,25160
12433,25161
12433,25162
12433,25163
12433,25164
12433,25165
12433,25166
12433,25167
12433,25168
12433,25169
12433,25170
12433,25171
12433,25172
12433,25173
12433,25174
12433,25175
12433,25176
12433,25177
12433,25178
12433,25179
12433,25180
12433,25181
12433,25182
12433,25183
12433,25184
12433,25185
12433,25186
12433,25187
12433,25188
12433,25189
12433,25190
12433,25191
12433,25192
12433,25193
12433,25194
12433,25195
12433,25196
12433,25197
12433,25198
12433,25199
12433,25200
12433,25201
12433,25202
12433,25203
12433,25204
12433,25205
12433,25206
12433,25207
12433,25208
12433,25209
12433,25210
12433,25211
12433,25212
12433,25213
12433,25214
12433,25215
12433,25216
12433,25217
12433,25218
12433,25219
12433,25220
12433,25221
12433,25222
12433,25223
12433,25224
12433,25225
12434,25056
12434,25057
12434,25058
12434,25059
12434,25060
12434,25061
12434,25062
12434,25063
12434,25064
12434,25065
12434,25066
12434,25067
12434,25068
12434,25069
12434,25070
12434,25071
12434,25072
12434,25073
12434,25074
12434,25075
12434,25076
12434,25077
12434,25078
12434,25079
12434,25080
12434,25081
12434,25082
12434,25083
12434,25084
12434,25085
12434,25086
12434,25087
12434,25088
12434,25089
12434,25090
12434,25091
12434,25092
12434,25093
12434,25094
12434,25095
12434,25096
12434,25097
12434,25098
12434,25099
12434,25100
12434,25101
12434,25102
12434,25103
12434,25104
12434,25105
12434,25106
12434,25107
12434,25108
12434,25109
12434,25110
12434,25111
12434,25112
12434,25113
12434,25114
12434,25115
12434,25116
12434,25117
12434,25118
12434,25119
12434,25120
12434,25121
12434,25122
12434,25123
12434,25124
12434,25125
12434,25126
12434,25127
12434,25128
12434,25129
12434,25130
12434,25131
12434,25132
12434,25133
12434,25134
12434,25135
12434,25136
12434,25137
12434,25138
12434,25139
12434,25140
12434,25141
12434,25142
12434,25143
12434,25144
12434,25145
12434,25146
12434,25147
12434,25148
12434,25149
12434,25150
12434,25151
12434,25152
12434,25153
12434,25154
12434,25155
12434,25156
12434,25157
12434,25158
12434,25159
12434,25160
12434,25161
12434,25162
12434,25163
12434,25164
12434,25165
12434,25166
12434,25167
12434,25168
12434,25169
12434,25170
12434,25171
12434,25172
12434,25173
12434,25174
12434,25175
12434,25176
12434,25177
12434,25178
12434,25179
12434,25180
12434,25181
12434,25182
12434,25183
12434,25184
12434,25185
12434,25186
12434,25187
12434,25188
12434,25189
12434,25190
12434,25191
12434,25192
12434,25193
12434,25194
12434,25195
12434,25196
12434,25197
12434,25198
12434,25199
12434,25200
12434,25201
12434,25202
12434,25203
12434,25204
12434,25205
12434,25206
12434,25207
12434,25208
12434,25209
12434,25210
12434,25211
12434,25212
12434,25213
12434,25214
12434,25215
12434,25216
12434,25217
12434,25218
12434,25219
12434,25220
12434,25221
12434,25222
12434,25223
12434,25224
12434,25225
12435,25055
12435,25056
12435,25057
12435,25058
12435,25059
12435,25060
12435,25061
12435,25062
12435,25063
12435,25064
12435,25065
12435,25066
12435,25067
12435,25068
12435,25069
12435,25070
12435,25071
12435,25072
12435,25073
12435,25074
12435,25075
12435,25076
12435,25077
12435,25078
12435,25079
12435,25080
12435,25081
12435,25082
12435,25083
12435,25084
12435,25085
12435,25086
12435,25087
12435,25088
12435,25089
12435,25090
12435,25091
12435,25092
12435,25093
12435,25094
12435,25095
12435,25096
12435,25097
12435,25098
12435,25099
12435,25100
12435,25101
12435,25102
12435,25103
12435,25104
12435,25105
12435,25106
12435,25107
12435,25108
12435,25109
12435,25110
12435,25111
12435,25112
12435,25113
12435,25114
12435,25115
12435,25116
12435,25117
12435,25118
12435,25119
12435,25120
12435,25121
12435,25122
12435,25123
12435,25124
12435,25125
12435,25126
12435,25127
12435,25128
12435,25129
12435,25130
12435,25131
12435,25132
12435,25133
12435,25134
12435,25135
12435,25136
12435,25137
12435,25138
12435,25139
12435,25140
12435,25141
12435,25142
12435,25143
12435,25144
12435,25145
12435,25146
12435,25147
12435,25148
12435,25149
12435,25150
12435,25151
12435,25152
12435,25153
12435,25154
12435,25155
12435,25156
12435,25157
12435,25158
12435,25159
12435,25160
12435,25161
12435,25162
12435,25163
12435,25164
12435,25165
12435,25166
12435,25167
12435,25168
12435,25169
12435,25170
12435,25171
12435,25172
12435,25173
12435,25174
12435,25175
12435,25176
12435,25177
12435,25178
12435,25179
12435,25180
12435,25181
12435,25182
12435,25183
12435,25184
12435,25185
12435,25186
12435,25187
12435,25188
12435,25189
12435,25190
12435,25191
12435,25192
12435,25193
12435,25194
12435,25195
12435,25196
12435,25197
12435,25198
12435,25199
12435,25200
12435,25201
12435,25202
12435,25203
12435,25204
12435,25205
12435,25206
12435,25207
12435,25208
12435,25209
12435,25210
12435,25211
12435,25212
12435,25213
12435,25214
12435,25215
12435,25216
12435,25217
12435,25218
12435,25219
12435,25220
12435,25221
12435,25222
12435,25223
12435,25224
12435,25225
12436,25054
12436,25055
12436,25056
12436,25057
12436,25058
12436,25059
12436,25060
12436,25061
12436,25062
12436,25063
12436,25064
12436,25065
12436,25066
12436,25067
12436,25068
12436,25069
12436,25070
12436,25071
12436,25072
12436,25073
12436,25074
12436,25075
12436,25076
12436,25077
12436,25078
12436,25079
12436,25080
12436,25081
12436,25082
12436,25083
12436,25084
12436,25085
12436,25086
12436,25087
12436,25088
12436,25089
12436,25090
12436,25091
12436,25092
12436,25093
12436,25094
12436,25095
12436,25096
12436,25097
12436,25098
12436,25099
12436,25100
12436,25101
12436,25102
12436,25103
12436,25104
12436,25105
12436,25106
12436,25107
12436,25108
12436,25109
12436,25110
12436,25111
12436,25112
12436,25113
12436,25114
12436,25115
12436,25116
12436,25117
12436,25118
12436,25119
12436,25120
12436,25121
12436,25122
12436,25123
12436,25124
12436,25125
12436,25126
12436,25127
12436,25128
12436,25129
12436,25130
12436,25131
12436,25132
12436,25133
12436,25134
12436,25135
12436,25136
12436,25137
12436,25138
12436,25139
12436,25140
12436,25141
12436,25142
12436,25143
12436,25144
12436,25145
12436,25146
12436,25147
12436,25148
12436,25149
12436,25150
12436,25151
12436,25152
12436,25153
12436,25154
12436,25155
12436,25156
12436,25157
12436,25158
12436,25159
12436,25160
12436,25161
12436,25162
12436,25163
12436,25164
12436,25165
12436,25166
12436,25167
12436,25168
12436,25169
12436,25170
12436,25171
12436,25172
12436,25173
12436,25174
12436,25175
12436,25176
12436,25177
12436,25178
12436,25179
12436,25180
12436,25181
12436,25182
12436,25183
12436,25184
12436,25185
12436,25186
12436,25187
12436,25188
12436,25189
12436,25190
12436,25191
12436,25192
12436,25193
12436,25194
12436,25195
12436,25196
12436,25197
12436,25198
12436,25199
12436,25200
12436,25201
12436,25202
12436,25203
12436,25204
12436,25205
12436,25206
12436,25207
12436,25208
12436,25209
12436,25210
12436,25211
12436,25212
12436,25213
12436,25214
12436,25215
12436,25216
12436,25217
12436,25218
12436,25219
12436,25220
12436,25221
12436,25222
12436,25223
12436,25224
12436,25225
12436,25226
12437,25054
12437,25055
12437,25056
12437,25057
12437,25058
12437,25059
12437,25060
12437,25061
12437,25062
12437,25063
12437,25064
12437,25065
12437,25066
12437,25067
12437,25068
12437,25069
12437,25070
12437,25071
12437,25072
12437,25073
12437,25074
12437,25075
12437,25076
12437,25077
12437,25078
12437,25079
12437,25080
12437,25081
12437,25082
12437,25083
12437,25084
12437,25085
12437,25086
12437,25087
12437,25088
12437,25089
12437,25090
12437,25091
12437,25092
12437,25093
12437,25094
12437,25095
12437,25096
12437,25097
12437,25098
12437,25099
12437,25100
12437,25101
12437,25102
12437,25103
12437,25104
12437,25105
12437,25106
12437,25107
12437,25108
12437,25109
12437,25110
12437,25111
12437,25112
12437,25113
12437,25114
12437,25115
12437,25116
12437,25117
12437,25118
12437,25119
12437,25120
12437,25121
12437,25122
12437,25123
12437,25124
12437,25125
12437,25126
12437,25127
12437,25128
12437,25129
12437,25130
12437,25131
12437,25132
12437,25133
12437,25134
12437,25135
12437,25136
12437,25137
12437,25138
12437,25139
12437,25140
12437,25141
12437,25142
12437,25143
12437,25144
12437,25145
12437,25146
12437,25147
12437,25148
12437,25149
12437,25150
12437,25151
12437,25152
12437,25153
12437,25154
12437,25155
12437,25156
12437,25157
12437,25158
12437,25159
12437,25160
12437,25161
12437,25162
12437,25163
12437,25164
12437,25165
12437,25166
12437,25167
12437,25168
12437,25169
12437,25170
12437,25171
12437,25172
12437,25173
12437,25174
12437,25175
12437,25176
12437,25177
12437,25178
12437,25179
12437,25180
12437,25181
12437,25182
12437,25183
12437,25184
12437,25185
12437,25186
12437,25187
12437,25188
12437,25189
12437,25190
12437,25191
12437,25192
12437,25193
12437,25194
12437,25195
12437,25196
12437,25197
12437,25198
12437,25199
12437,25200
12437,25201
12437,25202
12437,25203
12437,25204
12437,25205
12437,25206
12437,25207
12437,25208
12437,25209
12437,25210
12437,25211
12437,25212
12437,25213
12437,25214
12437,25215
12437,25216
12437,25217
12437,25218
12437,25219
12437,25220
12437,25221
12437,25222
12437,25223
12437,25224
12437,25225
12438,25053
12438,25054
12438,25055
12438,25056
12438,25057
12438,25058
12438,25059
12438,25060
12438,25061
12438,25062
12438,25063
12438,25064
12438,25065
12438,25066
12438,25067
12438,25068
12438,25069
12438,25070
12438,25071
12438,25072
12438,25073
12438,25074
12438,25075
12438,25076
12438,25077
12438,25078
12438,25079
12438,25080
12438,25081
12438,25082
12438,25083
12438,25084
12438,25085
12438,25086
12438,25087
12438,25088
12438,25089
12438,25090
12438,25091
12438,25092
12438,25093
12438,25094
12438,25095
12438,25096
12438,25097
12438,25098
12438,25099
12438,25100
12438,25101
12438,25102
12438,25103
12438,25104
12438,25105
12438,25106
12438,25107
12438,25108
12438,25109
12438,25110
12438,25111
12438,25112
12438,25113
12438,25114
12438,25115
12438,25116
12438,25117
12438,25118
12438,25119
12438,25120
12438,25121
12438,25122
12438,25123
12438,25124
12438,25125
12438,25126
12438,25127
12438,25128
12438,25129
12438,25130
12438,25131
12438,25132
12438,25133
12438,25134
12438,25135
12438,25136
12438,25137
12438,25138
12438,25139
12438,25140
12438,25141
12438,25142
12438,25143
12438,25144
12438,25145
12438,25146
12438,25147
12438,25148
12438,25149
12438,25150
12438,25151
12438,25152
12438,25153
12438,25154
12438,25155
12438,25156
12438,25157
12438,25158
12438,25159
12438,25160
12438,25161
12438,25162
12438,25163
12438,25164
12438,25165
12438,25166
12438,25167
12438,25168
12438,25169
12438,25170
12438,25171
12438,25172
12438,25173
12438,25174
12438,25175
12438,25176
12438,25177
12438,25178
12438,25179
12438,25180
12438,25181
12438,25182
12438,25183
12438,25184
12438,25185
12438,25186
12438,25187
12438,25188
12438,25189
12438,25190
12438,25191
12438,25192
12438,25193
12438,25194
12438,25195
12438,25196
12438,25197
12438,25198
12438,25199
12438,25200
12438,25201
12438,25202
12438,25203
12438,25204
12438,25205
12438,25206
12438,25207
12438,25208
12438,25209
12438,25210
12438,25211
12438,25212
12438,25213
12438,25214
12438,25215
12438,25216
12438,25217
12438,25218
12438,25219
12438,25220
12438,25221
12438,25222
12438,25223
12438,25224
12438,25225
12439,25052
12439,25053
12439,25054
12439,25055
12439,25056
12439,25057
12439,25058
12439,25059
12439,25060
12439,25061
12439,25062
12439,25063
12439,25064
12439,25065
12439,25066
12439,25067
12439,25068
12439,25069
12439,25070
12439,25071
12439,25072
12439,25073
12439,25074
12439,25075
12439,25076
12439,25077
12439,25078
12439,25079
12439,25080
12439,25081
12439,25082
12439,25083
12439,25084
12439,25085
12439,25086
12439,25087
12439,25088
12439,25089
12439,25090
12439,25091
12439,25092
12439,25093
12439,25094
12439,25095
12439,25096
12439,25097
12439,25098
12439,25099
12439,25100
12439,25101
12439,25102
12439,25103
12439,25104
12439,25105
12439,25106
12439,25107
12439,25108
12439,25109
12439,25110
12439,25111
12439,25112
12439,25113
12439,25114
12439,25115
12439,25116
12439,25117
12439,25118
12439,25119
12439,25120
12439,25121
12439,25122
12439,25123
12439,25124
12439,25125
12439,25126
12439,25127
12439,25128
12439,25129
12439,25130
12439,25131
12439,25132
12439,25133
12439,25134
12439,25135
12439,25136
12439,25137
12439,25138
12439,25139
12439,25140
12439,25141
12439,25142
12439,25143
12439,25144
12439,25145
12439,25146
12439,25147
12439,25148
12439,25149
12439,25150
12439,25151
12439,25152
12439,25153
12439,25154
12439,25155
12439,25156
12439,25157
12439,25158
12439,25159
12439,25160
12439,25161
12439,25162
12439,25163
12439,25164
12439,25165
12439,25166
12439,25167
12439,25168
12439,25169
12439,25170
12439,25171
12439,25172
12439,25173
12439,25174
12439,25175
12439,25176
12439,25177
12439,25178
12439,25179
12439,25180
12439,25181
12439,25182
12439,25183
12439,25184
12439,25185
12439,25186
12439,25187
12439,25188
12439,25189
12439,25190
12439,25191
12439,25192
12439,25193
12439,25194
12439,25195
12439,25196
12439,25197
12439,25198
12439,25199
12439,25200
12439,25201
12439,25202
12439,25203
12439,25204
12439,25205
12439,25206
12439,25207
12439,25208
12439,25209
12439,25210
12439,25211
12439,25212
12439,25213
12439,25214
12439,25215
12439,25216
12439,25217
12439,25218
12439,25219
12439,25220
12439,25221
12439,25222
12439,25223
12439,25224
12439,25225
12440,25051
12440,25052
12440,25053
12440,25054
12440,25055
12440,25056
12440,25057
12440,25058
12440,25059
12440,25060
12440,25061
12440,25062
12440,25063
12440,25064
12440,25065
12440,25066
12440,25067
12440,25068
12440,25069
12440,25070
12440,25071
12440,25072
12440,25073
12440,25074
12440,25075
12440,25076
12440,25077
12440,25078
12440,25079
12440,25080
12440,25081
12440,25082
12440,25083
12440,25084
12440,25085
12440,25086
12440,25087
12440,25088
12440,25089
12440,25090
12440,25091
12440,25092
12440,25093
12440,25094
12440,25095
12440,25096
12440,25097
12440,25098
12440,25099
12440,25100
12440,25101
12440,25102
12440,25103
12440,25104
12440,25105
12440,25106
12440,25107
12440,25108
12440,25109
12440,25110
12440,25111
12440,25112
12440,25113
12440,25114
12440,25115
12440,25116
12440,25117
12440,25118
12440,25119
12440,25120
12440,25121
12440,25122
12440,25123
12440,25124
12440,25125
12440,25126
12440,25127
12440,25128
12440,25129
12440,25130
12440,25131
12440,25132
12440,25133
12440,25134
12440,25135
12440,25136
12440,25137
12440,25138
12440,25139
12440,25140
12440,25141
12440,25142
12440,25143
12440,25144
12440,25145
12440,25146
12440,25147
12440,25148
12440,25149
12440,25150
12440,25151
12440,25152
12440,25153
12440,25154
12440,25155
12440,25156
12440,25157
12440,25158
12440,25159
12440,25160
12440,25161
12440,25162
12440,25163
12440,25164
12440,25165
12440,25166
12440,25167
12440,25168
12440,25169
12440,25170
12440,25171
12440,25172
12440,25173
12440,25174
12440,25175
12440,25176
12440,25177
12440,25178
12440,25179
12440,25180
12440,25181
12440,25182
12440,25183
12440,25184
12440,25185
12440,25186
12440,25187
12440,25188
12440,25189
12440,25190
12440,25191
12440,25192
12440,25193
12440,25194
12440,25195
12440,25196
12440,25197
12440,25198
12440,25199
12440,25200
12440,25201
12440,25202
12440,25203
12440,25204
12440,25205
12440,25206
12440,25207
12440,25208
12440,25209
12440,25210
12440,25211
12440,25212
12440,25213
12440,25214
12440,25215
12440,25216
12440,25217
12440,25218
12440,25219
12440,25220
12440,25221
12440,25222
12440,25223
12440,25224
12441,25050
12441,25051
12441,25052
12441,25053
12441,25054
12441,25055
12441,25056
12441,25057
12441,25058
12441,25059
12441,25060
12441,25061
12441,25062
12441,25063
12441,25064
12441,25065
12441,25066
12441,25067
12441,25068
12441,25069
12441,25070
12441,25071
12441,25072
12441,25073
12441,25074
12441,25075
12441,25076
12441,25077
12441,25078
12441,25079
12441,25080
12441,25081
12441,25082
12441,25083
12441,25084
12441,25085
12441,25086
12441,25087
12441,25088
12441,25089
12441,25090
12441,25091
12441,25092
12441,25093
12441,25094
12441,25095
12441,25096
12441,25097
12441,25098
12441,25099
12441,25100
12441,25101
12441,25102
12441,25103
12441,25104
12441,25105
12441,25106
12441,25107
12441,25108
12441,25109
12441,25110
12441,25111
12441,25112
12441,25113
12441,25114
12441,25115
12441,25116
12441,25117
12441,25118
12441,25119
12441,25120
12441,25121
12441,25122
12441,25123
12441,25124
12441,25125
12441,25126
12441,25127
12441,25128
12441,25129
12441,25130
12441,25131
12441,25132
12441,25133
12441,25134
12441,25135
12441,25136
12441,25137
12441,25138
12441,25139
12441,25140
12441,25141
12441,25142
12441,25143
12441,25144
12441,25145
12441,25146
12441,25147
12441,25148
12441,25149
12441,25150
12441,25151
12441,25152
12441,25153
12441,25154
12441,25155
12441,25156
12441,25157
12441,25158
12441,25159
12441,25160
12441,25161
12441,25162
12441,25163
12441,25164
12441,25165
12441,25166
12441,25167
12441,25168
12441,25169
12441,25170
12441,25171
12441,25172
12441,25173
12441,25174
12441,25175
12441,25176
12441,25177
12441,25178
12441,25179
12441,25180
12441,25181
12441,25182
12441,25183
12441,25184
12441,25185
12441,25186
12441,25187
12441,25188
12441,25189
12441,25190
12441,25191
12441,25192
12441,25193
12441,25194
12441,25195
12441,25196
12441,25197
12441,25198
12441,25199
12441,25200
12441,25201
12441,25202
12441,25203
12441,25204
12441,25205
12441,25206
12441,25207
12441,25208
12441,25209
12441,25210
12441,25211
12441,25212
12441,25213
12441,25214
12441,25215
12441,25216
12441,25217
12441,25218
12441,25219
12441,25220
12441,25221
12441,25222
12441,25223
12441,25224
12442,25049
12442,25050
12442,25051
12442,25052
12442,25053
12442,25054
12442,25055
12442,25056
12442,25057
12442,25058
12442,25059
12442,25060
12442,25061
12442,25062
12442,25063
12442,25064
12442,25065
12442,25066
12442,25067
12442,25068
12442,25069
12442,25070
12442,25071
12442,25072
12442,25073
12442,25074
12442,25075
12442,25076
12442,25077
12442,25078
12442,25079
12442,25080
12442,25081
12442,25082
12442,25083
12442,25084
12442,25085
12442,25086
12442,25087
12442,25088
12442,25089
12442,25090
12442,25091
12442,25092
12442,25093
12442,25094
12442,25095
12442,25096
12442,25097
12442,25098
12442,25099
12442,25100
12442,25101
12442,25102
12442,25103
12442,25104
12442,25105
12442,25106
12442,25107
12442,25108
12442,25109
12442,25110
12442,25111
12442,25112
12442,25113
12442,25114
12442,25115
12442,25116
12442,25117
12442,25118
12442,25119
12442,25120
12442,25121
12442,25122
12442,25123
12442,25124
12442,25125
12442,25126
12442,25127
12442,25128
12442,25129
12442,25130
12442,25131
12442,25132
12442,25133
12442,25134
12442,25135
12442,25136
12442,25137
12442,25138
12442,25139
12442,25140
12442,25141
12442,25142
12442,25143
12442,25144
12442,25145
12442,25146
12442,25147
12442,25148
12442,25149
12442,25150
12442,25151
12442,25152
12442,25153
12442,25154
12442,25155
12442,25156
12442,25157
12442,25158
12442,25159
12442,25160
12442,25161
12442,25162
12442,25163
12442,25164
12442,25165
12442,25166
12442,25167
12442,25168
12442,25169
12442,25170
12442,25171
12442,25172
12442,25173
12442,25174
12442,25175
12442,25176
12442,25177
12442,25178
12442,25179
12442,25180
12442,25181
12442,25182
12442,25183
12442,25184
12442,25185
12442,25186
12442,25187
12442,25188
12442,25189
12442,25190
12442,25191
12442,25192
12442,25193
12442,25194
12442,25195
12442,25196
12442,25197
12442,25198
12442,25199
12442,25200
12442,25201
12442,25202
12442,25203
12442,25204
12442,25205
12442,25206
12442,25207
12442,25208
12442,25209
12442,25210
12442,25211
12442,25212
12442,25213
12442,25214
12442,25215
12442,25216
12442,25217
12442,25218
12442,25219
12442,25220
12442,25221
12442,25222
12442,25223
12442,25224
12443,25048
12443,25049
12443,25050
12443,25051
12443,25052
12443,25053
12443,25054
12443,25055
12443,25056
12443,25057
12443,25058
12443,25059
12443,25060
12443,25061
12443,25062
12443,25063
12443,25064
12443,25065
12443,25066
12443,25067
12443,25068
12443,25069
12443,25070
12443,25071
12443,25072
12443,25073
12443,25074
12443,25075
12443,25076
12443,25077
12443,25078
12443,25079
12443,25080
12443,25081
12443,25082
12443,25083
12443,25084
12443,25085
12443,25086
12443,25087
12443,25088
12443,25089
12443,25090
12443,25091
12443,25092
12443,25093
12443,25094
12443,25095
12443,25096
12443,25097
12443,25098
12443,25099
12443,25100
12443,25101
12443,25102
12443,25103
12443,25104
12443,25105
12443,25106
12443,25107
12443,25108
12443,25109
12443,25110
12443,25111
12443,25112
12443,25113
12443,25114
12443,25115
12443,25116
12443,25117
12443,25118
12443,25119
12443,25120
12443,25121
12443,25122
12443,25123
12443,25124
12443,25125
12443,25126
12443,25127
12443,25128
12443,25129
12443,25130
12443,25131
12443,25132
12443,25133
12443,25134
12443,25135
12443,25136
12443,25137
12443,25138
12443,25139
12443,25140
12443,25141
12443,25142
12443,25143
12443,25144
12443,25145
12443,25146
12443,25147
12443,25148
12443,25149
12443,25150
12443,25151
12443,25152
12443,25153
12443,25154
12443,25155
12443,25156
12443,25157
12443,25158
12443,25159
12443,25160
12443,25161
12443,25162
12443,25163
12443,25164
12443,25165
12443,25166
12443,25167
12443,25168
12443,25169
12443,25170
12443,25171
12443,25172
12443,25173
12443,25174
12443,25175
12443,25176
12443,25177
12443,25178
12443,25179
12443,25180
12443,25181
12443,25182
12443,25183
12443,25184
12443,25185
12443,25186
12443,25187
12443,25188
12443,25189
12443,25190
12443,25191
12443,25192
12443,25193
12443,25194
12443,25195
12443,25196
12443,25197
12443,25198
12443,25199
12443,25200
12443,25201
12443,25202
12443,25203
12443,25204
12443,25205
12443,25206
12443,25207
12443,25208
12443,25209
12443,25210
12443,25211
12443,25212
12443,25213
12443,25214
12443,25215
12443,25216
12443,25217
12443,25218
12443,25219
12443,25220
12443,25221
12443,25222
12443,25223
12443,25224
12444,25047
12444,25048
12444,25049
12444,25050
12444,25051
12444,25052
12444,25053
12444,25054
12444,25055
12444,25056
12444,25057
12444,25058
12444,25059
12444,25060
12444,25061
12444,25062
12444,25063
12444,25064
12444,25065
12444,25066
12444,25067
12444,25068
12444,25069
12444,25070
12444,25071
12444,25072
12444,25073
12444,25074
12444,25075
12444,25076
12444,25077
12444,25078
12444,25079
12444,25080
12444,25081
12444,25082
12444,25083
12444,25084
12444,25085
12444,25086
12444,25087
12444,25088
12444,25089
12444,25090
12444,25091
12444,25092
12444,25093
12444,25094
12444,25095
12444,25096
12444,25097
12444,25098
12444,25099
12444,25100
12444,25101
12444,25102
12444,25103
12444,25104
12444,25105
12444,25106
12444,25107
12444,25108
12444,25109
12444,25110
12444,25111
12444,25112
12444,25113
12444,25114
12444,25115
12444,25116
12444,25117
12444,25118
12444,25119
12444,25120
12444,25121
12444,25122
12444,25123
12444,25124
12444,25125
12444,25126
12444,25127
12444,25128
12444,25129
12444,25130
12444,25131
12444,25132
12444,25133
12444,25134
12444,25135
12444,25136
12444,25137
12444,25138
12444,25139
12444,25140
12444,25141
12444,25142
12444,25143
12444,25144
12444,25145
12444,25146
12444,25147
12444,25148
12444,25149
12444,25150
12444,25151
12444,25152
12444,25153
12444,25154
12444,25155
12444,25156
12444,25157
12444,25158
12444,25159
12444,25160
12444,25161
12444,25162
12444,25163
12444,25164
12444,25165
12444,25166
12444,25167
12444,25168
12444,25169
12444,25170
12444,25171
12444,25172
12444,25173
12444,25174
12444,25175
12444,25176
12444,25177
12444,25178
12444,25179
12444,25180
12444,25181
12444,25182
12444,25183
12444,25184
12444,25185
12444,25186
12444,25187
12444,25188
12444,25189
12444,25190
12444,25191
12444,25192
12444,25193
12444,25194
12444,25195
12444,25196
12444,25197
12444,25198
12444,25199
12444,25200
12444,25201
12444,25202
12444,25203
12444,25204
12444,25205
12444,25206
12444,25207
12444,25208
12444,25209
12444,25210
12444,25211
12444,25212
12444,25213
12444,25214
12444,25215
12444,25216
12444,25217
12444,25218
12444,25219
12444,25220
12444,25221
12444,25222
12444,25223
12444,25224
12445,25046
12445,25047
12445,25048
12445,25049
12445,25050
12445,25051
12445,25052
12445,25053
12445,25054
12445,25055
12445,25056
12445,25057
12445,25058
12445,25059
12445,25060
12445,25061
12445,25062
12445,25063
12445,25064
12445,25065
12445,25066
12445,25067
12445,25068
12445,25069
12445,25070
12445,25071
12445,25072
12445,25073
12445,25074
12445,25075
12445,25076
12445,25077
12445,25078
12445,25079
12445,25080
12445,25081
12445,25082
12445,25083
12445,25084
12445,25085
12445,25086
12445,25087
12445,25088
12445,25089
12445,25090
12445,25091
12445,25092
12445,25093
12445,25094
12445,25095
12445,25096
12445,25097
12445,25098
12445,25099
12445,25100
12445,25101
12445,25102
12445,25103
12445,25104
12445,25105
12445,25106
12445,25107
12445,25108
12445,25109
12445,25110
12445,25111
12445,25112
12445,25113
12445,25114
12445,25115
12445,25116
12445,25117
12445,25118
12445,25119
12445,25120
12445,25121
12445,25122
12445,25123
12445,25124
12445,25125
12445,25126
12445,25127
12445,25128
12445,25129
12445,25130
12445,25131
12445,25132
12445,25133
12445,25134
12445,25135
12445,25136
12445,25137
12445,25138
12445,25139
12445,25140
12445,25141
12445,25142
12445,25143
12445,25144
12445,25145
12445,25146
12445,25147
12445,25148
12445,25149
12445,25150
12445,25151
12445,25152
12445,25153
12445,25154
12445,25155
12445,25156
12445,25157
12445,25158
12445,25159
12445,25160
12445,25161
12445,25162
12445,25163
12445,25164
12445,25165
12445,25166
12445,25167
12445,25168
12445,25169
12445,25170
12445,25171
12445,25172
12445,25173
12445,25174
12445,25175
12445,25176
12445,25177
12445,25178
12445,25179
12445,25180
12445,25181
12445,25182
12445,25183
12445,25184
12445,25185
12445,25186
12445,25187
12445,25188
12445,25189
12445,25190
12445,25191
12445,25192
12445,25193
12445,25194
12445,25195
12445,25196
12445,25197
12445,25198
12445,25199
12445,25200
12445,25201
12445,25202
12445,25203
12445,25204
12445,25205
12445,25206
12445,25207
12445,25208
12445,25209
12445,25210
12445,25211
12445,25212
12445,25213
12445,25214
12445,25215
12445,25216
12445,25217
12445,25218
12445,25219
12445,25220
12445,25221
12445,25222
12445,25223
12446,25046
12446,25047
12446,25048
12446,25049
12446,25050
12446,25051
12446,25052
12446,25053
12446,25054
12446,25055
12446,25056
12446,25057
12446,25058
12446,25059
12446,25060
12446,25061
12446,25062
12446,25063
12446,25064
12446,25065
12446,25066
12446,25067
12446,25068
12446,25069
12446,25070
12446,25071
12446,25072
12446,25073
12446,25074
12446,25075
12446,25076
12446,25077
12446,25078
12446,25079
12446,25080
12446,25081
12446,25082
12446,25083
12446,25084
12446,25085
12446,25086
12446,25087
12446,25088
12446,25089
12446,25090
12446,25091
12446,25092
12446,25093
12446,25094
12446,25095
12446,25096
12446,25097
12446,25098
12446,25099
12446,25100
12446,25101
12446,25102
12446,25103
12446,25104
12446,25105
12446,25106
12446,25107
12446,25108
12446,25109
12446,25110
12446,25111
12446,25112
12446,25113
12446,25114
12446,25115
12446,25116
12446,25117
12446,25118
12446,25119
12446,25120
12446,25121
12446,25122
12446,25123
12446,25124
12446,25125
12446,25126
12446,25127
12446,25128
12446,25129
12446,25130
12446,25131
12446,25132
12446,25133
12446,25134
12446,25135
12446,25136
12446,25137
12446,25138
12446,25139
12446,25140
12446,25141
12446,25142
12446,25143
12446,25144
12446,25145
12446,25146
12446,25147
12446,25148
12446,25149
12446,25150
12446,25151
12446,25152
12446,25153
12446,25154
12446,25155
12446,25156
12446,25157
12446,25158
12446,25159
12446,25160
12446,25161
12446,25162
12446,25163
12446,25164
12446,25165
12446,25166
12446,25167
12446,25168
12446,25169
12446,25170
12446,25171
12446,25172
12446,25173
12446,25174
12446,25175
12446,25176
12446,25177
12446,25178
12446,25179
12446,25180
12446,25181
12446,25182
12446,25183
12446,25184
12446,25185
12446,25186
12446,25187
12446,25188
12446,25189
12446,25190
12446,25191
12446,25192
12446,25193
12446,25194
12446,25195
12446,25196
12446,25197
12446,25198
12446,25199
12446,25200
12446,25201
12446,25202
12446,25203
12446,25204
12446,25205
12446,25206
12446,25207
12446,25208
12446,25209
12446,25210
12446,25211
12446,25212
12446,25213
12446,25214
12446,25215
12446,25216
12446,25217
12446,25218
12446,25219
12446,25220
12446,25221
12446,25222
12446,25223
12447,25046
12447,25047
12447,25048
12447,25049
12447,25050
12447,25051
12447,25052
12447,25053
12447,25054
12447,25055
12447,25056
12447,25057
12447,25058
12447,25059
12447,25060
12447,25061
12447,25062
12447,25063
12447,25064
12447,25065
12447,25066
12447,25067
12447,25068
12447,25069
12447,25070
12447,25071
12447,25072
12447,25073
12447,25074
12447,25075
12447,25076
12447,25077
12447,25078
12447,25079
12447,25080
12447,25081
12447,25082
12447,25083
12447,25084
12447,25085
12447,25086
12447,25087
12447,25088
12447,25089
12447,25090
12447,25091
12447,25092
12447,25093
12447,25094
12447,25095
12447,25096
12447,25097
12447,25098
12447,25099
12447,25100
12447,25101
12447,25102
12447,25103
12447,25104
12447,25105
12447,25106
12447,25107
12447,25108
12447,25109
12447,25110
12447,25111
12447,25112
12447,25113
12447,25114
12447,25115
12447,25116
12447,25117
12447,25118
12447,25119
12447,25120
12447,25121
12447,25122
12447,25123
12447,25124
12447,25125
12447,25126
12447,25127
12447,25128
12447,25129
12447,25130
12447,25131
12447,25132
12447,25133
12447,25134
12447,25135
12447,25136
12447,25137
12447,25138
12447,25139
12447,25140
12447,25141
12447,25142
12447,25143
12447,25144
12447,25145
12447,25146
12447,25147
12447,25148
12447,25149
12447,25150
12447,25151
12447,25152
12447,25153
12447,25154
12447,25155
12447,25156
12447,25157
12447,25158
12447,25159
12447,25160
12447,25161
12447,25162
12447,25163
12447,25164
12447,25165
12447,25166
12447,25167
12447,25168
12447,25169
12447,25170
12447,25171
12447,25172
12447,25173
12447,25174
12447,25175
12447,25176
12447,25177
12447,25178
12447,25179
12447,25180
12447,25181
12447,25182
12447,25183
12447,25184
12447,25185
12447,25186
12447,25187
12447,25188
12447,25189
12447,25190
12447,25191
12447,25192
12447,25193
12447,25194
12447,25195
12447,25196
12447,25197
12447,25198
12447,25199
12447,25200
12447,25201
12447,25202
12447,25203
12447,25204
12447,25205
12447,25206
12447,25207
12447,25208
12447,25209
12447,25210
12447,25211
12447,25212
12447,25213
12447,25214
12447,25215
12447,25216
12447,25217
12447,25218
12447,25219
12447,25220
12447,25221
12447,25222
12447,25223
12448,25045
12448,25046
12448,25047
12448,25048
12448,25049
12448,25050
12448,25051
12448,25052
12448,25053
12448,25054
12448,25055
12448,25056
12448,25057
12448,25058
12448,25059
12448,25060
12448,25061
12448,25062
12448,25063
12448,25064
12448,25065
12448,25066
12448,25067
12448,25068
12448,25069
12448,25070
12448,25071
12448,25072
12448,25073
12448,25074
12448,25075
12448,25076
12448,25077
12448,25078
12448,25079
12448,25080
12448,25081
12448,25082
12448,25083
12448,25084
12448,25085
12448,25086
12448,25087
12448,25088
12448,25089
12448,25090
12448,25091
12448,25092
12448,25093
12448,25094
12448,25095
12448,25096
12448,25097
12448,25098
12448,25099
12448,25100
12448,25101
12448,25102
12448,25103
12448,25104
12448,25105
12448,25106
12448,25107
12448,25108
12448,25109
12448,25110
12448,25111
12448,25112
12448,25113
12448,25114
12448,25115
12448,25116
12448,25117
12448,25118
12448,25119
12448,25120
12448,25121
12448,25122
12448,25123
12448,25124
12448,25125
12448,25126
12448,25127
12448,25128
12448,25129
12448,25130
12448,25131
12448,25132
12448,25133
12448,25134
12448,25135
12448,25136
12448,25137
12448,25138
12448,25139
12448,25140
12448,25141
12448,25142
12448,25143
12448,25144
12448,25145
12448,25146
12448,25147
12448,25148
12448,25149
12448,25150
12448,25151
12448,25152
12448,25153
12448,25154
12448,25155
12448,25156
12448,25157
12448,25158
12448,25159
12448,25160
12448,25161
12448,25162
12448,25163
12448,25164
12448,25165
12448,25166
12448,25167
12448,25168
12448,25169
12448,25170
12448,25171
12448,25172
12448,25173
12448,25174
12448,25175
12448,25176
12448,25177
12448,25178
12448,25179
12448,25180
12448,25181
12448,25182
12448,25183
12448,25184
12448,25185
12448,25186
12448,25187
12448,25188
12448,25189
12448,25190
12448,25191
12448,25192
12448,25193
12448,25194
12448,25195
12448,25196
12448,25197
12448,25198
12448,25199
12448,25200
12448,25201
12448,25202
12448,25203
12448,25204
12448,25205
12448,25206
12448,25207
12448,25208
12448,25209
12448,25210
12448,25211
12448,25212
12448,25213
12448,25214
12448,25215
12448,25216
12448,25217
12448,25218
12448,25219
12448,25220
12448,25221
12448,25222
12449,25045
12449,25046
12449,25047
12449,25048
12449,25049
12449,25050
12449,25051
12449,25052
12449,25053
12449,25054
12449,25055
12449,25056
12449,25057
12449,25058
12449,25059
12449,25060
12449,25061
12449,25062
12449,25063
12449,25064
12449,25065
12449,25066
12449,25067
12449,25068
12449,25069
12449,25070
12449,25071
12449,25072
12449,25073
12449,25074
12449,25075
12449,25076
12449,25077
12449,25078
12449,25079
12449,25080
12449,25081
12449,25082
12449,25083
12449,25084
12449,25085
12449,25086
12449,25087
12449,25088
12449,25089
12449,25090
12449,25091
12449,25092
12449,25093
12449,25094
12449,25095
12449,25096
12449,25097
12449,25098
12449,25099
12449,25100
12449,25101
12449,25102
12449,25103
12449,25104
12449,25105
12449,25106
12449,25107
12449,25108
12449,25109
12449,25110
12449,25111
12449,25112
12449,25113
12449,25114
12449,25115
12449,25116
12449,25117
12449,25118
12449,25119
12449,25120
12449,25121
12449,25122
12449,25123
12449,25124
12449,25125
12449,25126
12449,25127
12449,25128
12449,25129
12449,25130
12449,25131
12449,25132
12449,25133
12449,25134
12449,25135
12449,25136
12449,25137
12449,25138
12449,25139
12449,25140
12449,25141
12449,25142
12449,25143
12449,25144
12449,25145
12449,25146
12449,25147
12449,25148
12449,25149
12449,25150
12449,25151
12449,25152
12449,25153
12449,25154
12449,25155
12449,25156
12449,25157
12449,25158
12449,25159
12449,25160
12449,25161
12449,25162
12449,25163
12449,25164
12449,25165
12449,25166
12449,25167
12449,25168
12449,25169
12449,25170
12449,25171
12449,25172
12449,25173
12449,25174
12449,25175
12449,25176
12449,25177
12449,25178
12449,25179
12449,25180
12449,25181
12449,25182
12449,25183
12449,25184
12449,25185
12449,25186
12449,25187
12449,25188
12449,25189
12449,25190
12449,25191
12449,25192
12449,25193
12449,25194
12449,25195
12449,25196
12449,25197
12449,25198
12449,25199
12449,25200
12449,25201
12449,25202
12449,25203
12449,25204
12449,25205
12449,25206
12449,25207
12449,25208
12449,25209
12449,25210
12449,25211
12449,25212
12449,25213
12449,25214
12449,25215
12449,25216
12449,25217
12449,25218
12449,25219
12449,25220
12449,25221
12449,25222
12450,25043
12450,25044
12450,25045
12450,25046
12450,25047
12450,25048
12450,25049
12450,25050
12450,25051
12450,25052
12450,25053
12450,25054
12450,25055
12450,25056
12450,25057
12450,25058
12450,25059
12450,25060
12450,25061
12450,25062
12450,25063
12450,25064
12450,25065
12450,25066
12450,25067
12450,25068
12450,25069
12450,25070
12450,25071
12450,25072
12450,25073
12450,25074
12450,25075
12450,25076
12450,25077
12450,25078
12450,25079
12450,25080
12450,25081
12450,25082
12450,25083
12450,25084
12450,25085
12450,25086
12450,25087
12450,25088
12450,25089
12450,25090
12450,25091
12450,25092
12450,25093
12450,25094
12450,25095
12450,25096
12450,25097
12450,25098
12450,25099
12450,25100
12450,25101
12450,25102
12450,25103
12450,25104
12450,25105
12450,25106
12450,25107
12450,25108
12450,25109
12450,25110
12450,25111
12450,25112
12450,25113
12450,25114
12450,25115
12450,25116
12450,25117
12450,25118
12450,25119
12450,25120
12450,25121
12450,25122
12450,25123
12450,25124
12450,25125
12450,25126
12450,25127
12450,25128
12450,25129
12450,25130
12450,25131
12450,25132
12450,25133
12450,25134
12450,25135
12450,25136
12450,25137
12450,25138
12450,25139
12450,25140
12450,25141
12450,25142
12450,25143
12450,25144
12450,25145
12450,25146
12450,25147
12450,25148
12450,25149
12450,25150
12450,25151
12450,25152
12450,25153
12450,25154
12450,25155
12450,25156
12450,25157
12450,25158
12450,25159
12450,25160
12450,25161
12450,25162
12450,25163
12450,25164
12450,25165
12450,25166
12450,25167
12450,25168
12450,25169
12450,25170
12450,25171
12450,25172
12450,25173
12450,25174
12450,25175
12450,25176
12450,25177
12450,25178
12450,25179
12450,25180
12450,25181
12450,25182
12450,25183
12450,25184
12450,25185
12450,25186
12450,25187
12450,25188
12450,25189
12450,25190
12450,25191
12450,25192
12450,25193
12450,25194
12450,25195
12450,25196
12450,25197
12450,25198
12450,25199
12450,25200
12450,25201
12450,25202
12450,25203
12450,25204
12450,25205
12450,25206
12450,25207
12450,25208
12450,25209
12450,25210
12450,25211
12450,25212
12450,25213
12450,25214
12450,25215
12450,25216
12450,25217
12450,25218
12450,25219
12450,25220
12450,25221
12451,25042
12451,25043
12451,25044
12451,25045
12451,25046
12451,25047
12451,25048
12451,25049
12451,25050
12451,25051
12451,25052
12451,25053
12451,25054
12451,25055
12451,25056
12451,25057
12451,25058
12451,25059
12451,25060
12451,25061
12451,25062
12451,25063
12451,25064
12451,25065
12451,25066
12451,25067
12451,25068
12451,25069
12451,25070
12451,25071
12451,25072
12451,25073
12451,25074
12451,25075
12451,25076
12451,25077
12451,25078
12451,25079
12451,25080
12451,25081
12451,25082
12451,25083
12451,25084
12451,25085
12451,25086
12451,25087
12451,25088
12451,25089
12451,25090
12451,25091
12451,25092
12451,25093
12451,25094
12451,25095
12451,25096
12451,25097
12451,25098
12451,25099
12451,25100
12451,25101
12451,25102
12451,25103
12451,25104
12451,25105
12451,25106
12451,25107
12451,25108
12451,25109
12451,25110
12451,25111
12451,25112
12451,25113
12451,25114
12451,25115
12451,25116
12451,25117
12451,25118
12451,25119
12451,25120
12451,25121
12451,25122
12451,25123
12451,25124
12451,25125
12451,25126
12451,25127
12451,25128
12451,25129
12451,25130
12451,25131
12451,25132
12451,25133
12451,25134
12451,25135
12451,25136
12451,25137
12451,25138
12451,25139
12451,25140
12451,25141
12451,25142
12451,25143
12451,25144
12451,25145
12451,25146
12451,25147
12451,25148
12451,25149
12451,25150
12451,25151
12451,25152
12451,25153
12451,25154
12451,25155
12451,25156
12451,25157
12451,25158
12451,25159
12451,25160
12451,25161
12451,25162
12451,25163
12451,25164
12451,25165
12451,25166
12451,25167
12451,25168
12451,25169
12451,25170
12451,25171
12451,25172
12451,25173
12451,25174
12451,25175
12451,25176
12451,25177
12451,25178
12451,25179
12451,25180
12451,25181
12451,25182
12451,25183
12451,25184
12451,25185
12451,25186
12451,25187
12451,25188
12451,25189
12451,25190
12451,25191
12451,25192
12451,25193
12451,25194
12451,25195
12451,25196
12451,25197
12451,25198
12451,25199
12451,25200
12451,25201
12451,25202
12451,25203
12451,25204
12451,25205
12451,25206
12451,25207
12451,25208
12451,25209
12451,25210
12451,25211
12451,25212
12451,25213
12451,25214
12451,25215
12451,25216
12451,25217
12451,25218
12451,25219
12451,25220
12452,25041
12452,25042
12452,25043
12452,25044
12452,25045
12452,25046
12452,25047
12452,25048
12452,25049
12452,25050
12452,25051
12452,25052
12452,25053
12452,25054
12452,25055
12452,25056
12452,25057
12452,25058
12452,25059
12452,25060
12452,25061
12452,25062
12452,25063
12452,25064
12452,25065
12452,25066
12452,25067
12452,25068
12452,25069
12452,25070
12452,25071
12452,25072
12452,25073
12452,25074
12452,25075
12452,25076
12452,25077
12452,25078
12452,25079
12452,25080
12452,25081
12452,25082
12452,25083
12452,25084
12452,25085
12452,25086
12452,25087
12452,25088
12452,25089
12452,25090
12452,25091
12452,25092
12452,25093
12452,25094
12452,25095
12452,25096
12452,25097
12452,25098
12452,25099
12452,25100
12452,25101
12452,25102
12452,25103
12452,25104
12452,25105
12452,25106
12452,25107
12452,25108
12452,25109
12452,25110
12452,25111
12452,25112
12452,25113
12452,25114
12452,25115
12452,25116
12452,25117
12452,25118
12452,25119
12452,25120
12452,25121
12452,25122
12452,25123
12452,25124
12452,25125
12452,25126
12452,25127
12452,25128
12452,25129
12452,25130
12452,25131
12452,25132
12452,25133
12452,25134
12452,25135
12452,25136
12452,25137
12452,25138
12452,25139
12452,25140
12452,25141
12452,25142
12452,25143
12452,25144
12452,25145
12452,25146
12452,25147
12452,25148
12452,25149
12452,25150
12452,25151
12452,25152
12452,25153
12452,25154
12452,25155
12452,25156
12452,25157
12452,25158
12452,25159
12452,25160
12452,25161
12452,25162
12452,25163
12452,25164
12452,25165
12452,25166
12452,25167
12452,25168
12452,25169
12452,25170
12452,25171
12452,25172
12452,25173
12452,25174
12452,25175
12452,25176
12452,25177
12452,25178
12452,25179
12452,25180
12452,25181
12452,25182
12452,25183
12452,25184
12452,25185
12452,25186
12452,25187
12452,25188
12452,25189
12452,25190
12452,25191
12452,25192
12452,25193
12452,25194
12452,25195
12452,25196
12452,25197
12452,25198
12452,25199
12452,25200
12452,25201
12452,25202
12452,25203
12452,25204
12452,25205
12452,25206
12452,25207
12452,25208
12452,25209
12452,25210
12452,25211
12452,25212
12452,25213
12452,25214
12452,25215
12452,25216
12452,25217
12452,25218
12452,25219
12452,25220
12453,25041
12453,25042
12453,25043
12453,25044
12453,25045
12453,25046
12453,25047
12453,25048
12453,25049
12453,25050
12453,25051
12453,25052
12453,25053
12453,25054
12453,25055
12453,25056
12453,25057
12453,25058
12453,25059
12453,25060
12453,25061
12453,25062
12453,25063
12453,25064
12453,25065
12453,25066
12453,25067
12453,25068
12453,25069
12453,25070
12453,25071
12453,25072
12453,25073
12453,25074
12453,25075
12453,25076
12453,25077
12453,25078
12453,25079
12453,25080
12453,25081
12453,25082
12453,25083
12453,25084
12453,25085
12453,25086
12453,25087
12453,25088
12453,25089
12453,25090
12453,25091
12453,25092
12453,25093
12453,25094
12453,25095
12453,25096
12453,25097
12453,25098
12453,25099
12453,25100
12453,25101
12453,25102
12453,25103
12453,25104
12453,25105
12453,25106
12453,25107
12453,25108
12453,25109
12453,25110
12453,25111
12453,25112
12453,25113
12453,25114
12453,25115
12453,25116
12453,25117
12453,25118
12453,25119
12453,25120
12453,25121
12453,25122
12453,25123
12453,25124
12453,25125
12453,25126
12453,25127
12453,25128
12453,25129
12453,25130
12453,25131
12453,25132
12453,25133
12453,25134
12453,25135
12453,25136
12453,25137
12453,25138
12453,25139
12453,25140
12453,25141
12453,25142
12453,25143
12453,25144
12453,25145
12453,25146
12453,25147
12453,25148
12453,25149
12453,25150
12453,25151
12453,25152
12453,25153
12453,25154
12453,25155
12453,25156
12453,25157
12453,25158
12453,25159
12453,25160
12453,25161
12453,25162
12453,25163
12453,25164
12453,25165
12453,25166
12453,25167
12453,25168
12453,25169
12453,25170
12453,25171
12453,25172
12453,25173
12453,25174
12453,25175
12453,25176
12453,25177
12453,25178
12453,25179
12453,25180
12453,25181
12453,25182
12453,25183
12453,25184
12453,25185
12453,25186
12453,25187
12453,25188
12453,25189
12453,25190
12453,25191
12453,25192
12453,25193
12453,25194
12453,25195
12453,25196
12453,25197
12453,25198
12453,25199
12453,25200
12453,25201
12453,25202
12453,25203
12453,25204
12453,25205
12453,25206
12453,25207
12453,25208
12453,25209
12453,25210
12453,25211
12453,25212
12453,25213
12453,25214
12453,25215
12453,25216
12453,25217
12453,25218
12453,25219
12454,25041
12454,25042
12454,25043
12454,25044
12454,25045
12454,25046
12454,25047
12454,25048
12454,25049
12454,25050
12454,25051
12454,25052
12454,25053
12454,25054
12454,25055
12454,25056
12454,25057
12454,25058
12454,25059
12454,25060
12454,25061
12454,25062
12454,25063
12454,25064
12454,25065
12454,25066
12454,25067
12454,25068
12454,25069
12454,25070
12454,25071
12454,25072
12454,25073
12454,25074
12454,25075
12454,25076
12454,25077
12454,25078
12454,25079
12454,25080
12454,25081
12454,25082
12454,25083
12454,25084
12454,25085
12454,25086
12454,25087
12454,25088
12454,25089
12454,25090
12454,25091
12454,25092
12454,25093
12454,25094
12454,25095
12454,25096
12454,25097
12454,25098
12454,25099
12454,25100
12454,25101
12454,25102
12454,25103
12454,25104
12454,25105
12454,25106
12454,25107
12454,25108
12454,25109
12454,25110
12454,25111
12454,25112
12454,25113
12454,25114
12454,25115
12454,25116
12454,25117
12454,25118
12454,25119
12454,25120
12454,25121
12454,25122
12454,25123
12454,25124
12454,25125
12454,25126
12454,25127
12454,25128
12454,25129
12454,25130
12454,25131
12454,25132
12454,25133
12454,25134
12454,25135
12454,25136
12454,25137
12454,25138
12454,25139
12454,25140
12454,25141
12454,25142
12454,25143
12454,25144
12454,25145
12454,25146
12454,25147
12454,25148
12454,25149
12454,25150
12454,25151
12454,25152
12454,25153
12454,25154
12454,25155
12454,25156
12454,25157
12454,25158
12454,25159
12454,25160
12454,25161
12454,25162
12454,25163
12454,25164
12454,25165
12454,25166
12454,25167
12454,25168
12454,25169
12454,25170
12454,25171
12454,25172
12454,25173
12454,25174
12454,25175
12454,25176
12454,25177
12454,25178
12454,25179
12454,25180
12454,25181
12454,25182
12454,25183
12454,25184
12454,25185
12454,25186
12454,25187
12454,25188
12454,25189
12454,25190
12454,25191
12454,25192
12454,25193
12454,25194
12454,25195
12454,25196
12454,25197
12454,25198
12454,25199
12454,25200
12454,25201
12454,25202
12454,25203
12454,25204
12454,25205
12454,25206
12454,25207
12454,25208
12454,25209
12454,25210
12454,25211
12454,25212
12454,25213
12454,25214
12454,25215
12454,25216
12454,25217
12454,25218
12455,25040
12455,25041
12455,25042
12455,25043
12455,25044
12455,25045
12455,25046
12455,25047
12455,25048
12455,25049
12455,25050
12455,25051
12455,25052
12455,25053
12455,25054
12455,25055
12455,25056
12455,25057
12455,25058
12455,25059
12455,25060
12455,25061
12455,25062
12455,25063
12455,25064
12455,25065
12455,25066
12455,25067
12455,25068
12455,25069
12455,25070
12455,25071
12455,25072
12455,25073
12455,25074
12455,25075
12455,25076
12455,25077
12455,25078
12455,25079
12455,25080
12455,25081
12455,25082
12455,25083
12455,25084
12455,25085
12455,25086
12455,25087
12455,25088
12455,25089
12455,25090
12455,25091
12455,25092
12455,25093
12455,25094
12455,25095
12455,25096
12455,25097
12455,25098
12455,25099
12455,25100
12455,25101
12455,25102
12455,25103
12455,25104
12455,25105
12455,25106
12455,25107
12455,25108
12455,25109
12455,25110
12455,25111
12455,25112
12455,25113
12455,25114
12455,25115
12455,25116
12455,25117
12455,25118
12455,25119
12455,25120
12455,25121
12455,25122
12455,25123
12455,25124
12455,25125
12455,25126
12455,25127
12455,25128
12455,25129
12455,25130
12455,25131
12455,25132
12455,25133
12455,25134
12455,25135
12455,25136
12455,25137
12455,25138
12455,25139
12455,25140
12455,25141
12455,25142
12455,25143
12455,25144
12455,25145
12455,25146
12455,25147
12455,25148
12455,25149
12455,25150
12455,25151
12455,25152
12455,25153
12455,25154
12455,25155
12455,25156
12455,25157
12455,25158
12455,25159
12455,25160
12455,25161
12455,25162
12455,25163
12455,25164
12455,25165
12455,25166
12455,25167
12455,25168
12455,25169
12455,25170
12455,25171
12455,25172
12455,25173
12455,25174
12455,25175
12455,25176
12455,25177
12455,25178
12455,25179
12455,25180
12455,25181
12455,25182
12455,25183
12455,25184
12455,25185
12455,25186
12455,25187
12455,25188
12455,25189
12455,25190
12455,25191
12455,25192
12455,25193
12455,25194
12455,25195
12455,25196
12455,25197
12455,25198
12455,25199
12455,25200
12455,25201
12455,25202
12455,25203
12455,25204
12455,25205
12455,25206
12455,25207
12455,25208
12455,25209
12455,25210
12455,25211
12455,25212
12455,25213
12455,25214
12455,25215
12455,25216
12455,25217
12456,25041
12456,25042
12456,25043
12456,25044
12456,25045
12456,25046
12456,25047
12456,25048
12456,25049
12456,25050
12456,25051
12456,25052
12456,25053
12456,25054
12456,25055
12456,25056
12456,25057
12456,25058
12456,25059
12456,25060
12456,25061
12456,25062
12456,25063
12456,25064
12456,25065
12456,25066
12456,25067
12456,25068
12456,25069
12456,25070
12456,25071
12456,25072
12456,25073
12456,25074
12456,25075
12456,25076
12456,25077
12456,25078
12456,25079
12456,25080
12456,25081
12456,25082
12456,25083
12456,25084
12456,25085
12456,25086
12456,25087
12456,25088
12456,25089
12456,25090
12456,25091
12456,25092
12456,25093
12456,25094
12456,25095
12456,25096
12456,25097
12456,25098
12456,25099
12456,25100
12456,25101
12456,25102
12456,25103
12456,25104
12456,25105
12456,25106
12456,25107
12456,25108
12456,25109
12456,25110
12456,25111
12456,25112
12456,25113
12456,25114
12456,25115
12456,25116
12456,25117
12456,25118
12456,25119
12456,25120
12456,25121
12456,25122
12456,25123
12456,25124
12456,25125
12456,25126
12456,25127
12456,25128
12456,25129
12456,25130
12456,25131
12456,25132
12456,25133
12456,25134
12456,25135
12456,25136
12456,25137
12456,25138
12456,25139
12456,25140
12456,25141
12456,25142
12456,25143
12456,25144
12456,25145
12456,25146
12456,25147
12456,25148
12456,25149
12456,25150
12456,25151
12456,25152
12456,25153
12456,25154
12456,25155
12456,25156
12456,25157
12456,25158
12456,25159
12456,25160
12456,25161
12456,25162
12456,25163
12456,25164
12456,25165
12456,25166
12456,25167
12456,25168
12456,25169
12456,25170
12456,25171
12456,25172
12456,25173
12456,25174
12456,25175
12456,25176
12456,25177
12456,25178
12456,25179
12456,25180
12456,25181
12456,25182
12456,25183
12456,25184
12456,25185
12456,25186
12456,25187
12456,25188
12456,25189
12456,25190
12456,25191
12456,25192
12456,25193
12456,25194
12456,25195
12456,25196
12456,25197
12456,25198
12456,25199
12456,25200
12456,25201
12456,25202
12456,25203
12456,25204
12456,25205
12456,25206
12456,25207
12456,25208
12456,25209
12456,25210
12456,25211
12456,25212
12456,25213
12456,25214
12456,25215
12456,25216
12456,25217
12457,25041
12457,25042
12457,25043
12457,25044
12457,25045
12457,25046
12457,25047
12457,25048
12457,25049
12457,25050
12457,25051
12457,25052
12457,25053
12457,25054
12457,25055
12457,25056
12457,25057
12457,25058
12457,25059
12457,25060
12457,25061
12457,25062
12457,25063
12457,25064
12457,25065
12457,25066
12457,25067
12457,25068
12457,25069
12457,25070
12457,25071
12457,25072
12457,25073
12457,25074
12457,25075
12457,25076
12457,25077
12457,25078
12457,25079
12457,25080
12457,25081
12457,25082
12457,25083
12457,25084
12457,25085
12457,25086
12457,25087
12457,25088
12457,25089
12457,25090
12457,25091
12457,25092
12457,25093
12457,25094
12457,25095
12457,25096
12457,25097
12457,25098
12457,25099
12457,25100
12457,25101
12457,25102
12457,25103
12457,25104
12457,25105
12457,25106
12457,25107
12457,25108
12457,25109
12457,25110
12457,25111
12457,25112
12457,25113
12457,25114
12457,25115
12457,25116
12457,25117
12457,25118
12457,25119
12457,25120
12457,25121
12457,25122
12457,25123
12457,25124
12457,25125
12457,25126
12457,25127
12457,25128
12457,25129
12457,25130
12457,25131
12457,25132
12457,25133
12457,25134
12457,25135
12457,25136
12457,25137
12457,25138
12457,25139
12457,25140
12457,25141
12457,25142
12457,25143
12457,25144
12457,25145
12457,25146
12457,25147
12457,25148
12457,25149
12457,25150
12457,25151
12457,25152
12457,25153
12457,25154
12457,25155
12457,25156
12457,25157
12457,25158
12457,25159
12457,25160
12457,25161
12457,25162
12457,25163
12457,25164
12457,25165
12457,25166
12457,25167
12457,25168
12457,25169
12457,25170
12457,25171
12457,25172
12457,25173
12457,25174
12457,25175
12457,25176
12457,25177
12457,25178
12457,25179
12457,25180
12457,25181
12457,25182
12457,25183
12457,25184
12457,25185
12457,25186
12457,25187
12457,25188
12457,25189
12457,25190
12457,25191
12457,25192
12457,25193
12457,25194
12457,25195
12457,25196
12457,25197
12457,25198
12457,25199
12457,25200
12457,25201
12457,25202
12457,25203
12457,25204
12457,25205
12457,25206
12457,25207
12457,25208
12457,25209
12457,25210
12457,25211
12457,25212
12457,25213
12457,25214
12457,25215
12457,25216
12457,25217
12458,25041
12458,25042
12458,25043
12458,25044
12458,25045
12458,25046
12458,25047
12458,25048
12458,25049
12458,25050
12458,25051
12458,25052
12458,25053
12458,25054
12458,25055
12458,25056
12458,25057
12458,25058
12458,25059
12458,25060
12458,25061
12458,25062
12458,25063
12458,25064
12458,25065
12458,25066
12458,25067
12458,25068
12458,25069
12458,25070
12458,25071
12458,25072
12458,25073
12458,25074
12458,25075
12458,25076
12458,25077
12458,25078
12458,25079
12458,25080
12458,25081
12458,25082
12458,25083
12458,25084
12458,25085
12458,25086
12458,25087
12458,25088
12458,25089
12458,25090
12458,25091
12458,25092
12458,25093
12458,25094
12458,25095
12458,25096
12458,25097
12458,25098
12458,25099
12458,25100
12458,25101
12458,25102
12458,25103
12458,25104
12458,25105
12458,25106
12458,25107
12458,25108
12458,25109
12458,25110
12458,25111
12458,25112
12458,25113
12458,25114
12458,25115
12458,25116
12458,25117
12458,25118
12458,25119
12458,25120
12458,25121
12458,25122
12458,25123
12458,25124
12458,25125
12458,25126
12458,25127
12458,25128
12458,25129
12458,25130
12458,25131
12458,25132
12458,25133
12458,25134
12458,25135
12458,25136
12458,25137
12458,25138
12458,25139
12458,25140
12458,25141
12458,25142
12458,25143
12458,25144
12458,25145
12458,25146
12458,25147
12458,25148
12458,25149
12458,25150
12458,25151
12458,25152
12458,25153
12458,25154
12458,25155
12458,25156
12458,25157
12458,25158
12458,25159
12458,25160
12458,25161
12458,25162
12458,25163
12458,25164
12458,25165
12458,25166
12458,25167
12458,25168
12458,25169
12458,25170
12458,25171
12458,25172
12458,25173
12458,25174
12458,25175
12458,25176
12458,25177
12458,25178
12458,25179
12458,25180
12458,25181
12458,25182
12458,25183
12458,25184
12458,25185
12458,25186
12458,25187
12458,25188
12458,25189
12458,25190
12458,25191
12458,25192
12458,25193
12458,25194
12458,25195
12458,25196
12458,25197
12458,25198
12458,25199
12458,25200
12458,25201
12458,25202
12458,25203
12458,25204
12458,25205
12458,25206
12458,25207
12458,25208
12458,25209
12458,25210
12458,25211
12458,25212
12458,25213
12458,25214
12458,25215
12458,25216
12459,25041
12459,25042
12459,25043
12459,25044
12459,25045
12459,25046
12459,25047
12459,25048
12459,25049
12459,25050
12459,25051
12459,25052
12459,25053
12459,25054
12459,25055
12459,25056
12459,25057
12459,25058
12459,25059
12459,25060
12459,25061
12459,25062
12459,25063
12459,25064
12459,25065
12459,25066
12459,25067
12459,25068
12459,25069
12459,25070
12459,25071
12459,25072
12459,25073
12459,25074
12459,25075
12459,25076
12459,25077
12459,25078
12459,25079
12459,25080
12459,25081
12459,25082
12459,25083
12459,25084
12459,25085
12459,25086
12459,25087
12459,25088
12459,25089
12459,25090
12459,25091
12459,25092
12459,25093
12459,25094
12459,25095
12459,25096
12459,25097
12459,25098
12459,25099
12459,25100
12459,25101
12459,25102
12459,25103
12459,25104
12459,25105
12459,25106
12459,25107
12459,25108
12459,25109
12459,25110
12459,25111
12459,25112
12459,25113
12459,25114
12459,25115
12459,25116
12459,25117
12459,25118
12459,25119
12459,25120
12459,25121
12459,25122
12459,25123
12459,25124
12459,25125
12459,25126
12459,25127
12459,25128
12459,25129
12459,25130
12459,25131
12459,25132
12459,25133
12459,25134
12459,25135
12459,25136
12459,25137
12459,25138
12459,25139
12459,25140
12459,25141
12459,25142
12459,25143
12459,25144
12459,25145
12459,25146
12459,25147
12459,25148
12459,25149
12459,25150
12459,25151
12459,25152
12459,25153
12459,25154
12459,25155
12459,25156
12459,25157
12459,25158
12459,25159
12459,25160
12459,25161
12459,25162
12459,25163
12459,25164
12459,25165
12459,25166
12459,25167
12459,25168
12459,25169
12459,25170
12459,25171
12459,25172
12459,25173
12459,25174
12459,25175
12459,25176
12459,25177
12459,25178
12459,25179
12459,25180
12459,25181
12459,25182
12459,25183
12459,25184
12459,25185
12459,25186
12459,25187
12459,25188
12459,25189
12459,25190
12459,25191
12459,25192
12459,25193
12459,25194
12459,25195
12459,25196
12459,25197
12459,25198
12459,25199
12459,25200
12459,25201
12459,25202
12459,25203
12459,25204
12459,25205
12459,25206
12459,25207
12459,25208
12459,25209
12459,25210
12459,25211
12459,25212
12459,25213
12459,25214
12459,25215
12460,25040
12460,25041
12460,25042
12460,25043
12460,25044
12460,25045
12460,25046
12460,25047
12460,25048
12460,25049
12460,25050
12460,25051
12460,25052
12460,25053
12460,25054
12460,25055
12460,25056
12460,25057
12460,25058
12460,25059
12460,25060
12460,25061
12460,25062
12460,25063
12460,25064
12460,25065
12460,25066
12460,25067
12460,25068
12460,25069
12460,25070
12460,25071
12460,25072
12460,25073
12460,25074
12460,25075
12460,25076
12460,25077
12460,25078
12460,25079
12460,25080
12460,25081
12460,25082
12460,25083
12460,25084
12460,25085
12460,25086
12460,25087
12460,25088
12460,25089
12460,25090
12460,25091
12460,25092
12460,25093
12460,25094
12460,25095
12460,25096
12460,25097
12460,25098
12460,25099
12460,25100
12460,25101
12460,25102
12460,25103
12460,25104
12460,25105
12460,25106
12460,25107
12460,25108
12460,25109
12460,25110
12460,25111
12460,25112
12460,25113
12460,25114
12460,25115
12460,25116
12460,25117
12460,25118
12460,25119
12460,25120
12460,25121
12460,25122
12460,25123
12460,25124
12460,25125
12460,25126
12460,25127
12460,25128
12460,25129
12460,25130
12460,25131
12460,25132
12460,25133
12460,25134
12460,25135
12460,25136
12460,25137
12460,25138
12460,25139
12460,25140
12460,25141
12460,25142
12460,25143
12460,25144
12460,25145
12460,25146
12460,25147
12460,25148
12460,25149
12460,25150
12460,25151
12460,25152
12460,25153
12460,25154
12460,25155
12460,25156
12460,25157
12460,25158
12460,25159
12460,25160
12460,25161
12460,25162
12460,25163
12460,25164
12460,25165
12460,25166
12460,25167
12460,25168
12460,25169
12460,25170
12460,25171
12460,25172
12460,25173
12460,25174
12460,25175
12460,25176
12460,25177
12460,25178
12460,25179
12460,25180
12460,25181
12460,25182
12460,25183
12460,25184
12460,25185
12460,25186
12460,25187
12460,25188
12460,25189
12460,25190
12460,25191
12460,25192
12460,25193
12460,25194
12460,25195
12460,25196
12460,25197
12460,25198
12460,25199
12460,25200
12460,25201
12460,25202
12460,25203
12460,25204
12460,25205
12460,25206
12460,25207
12460,25208
12460,25209
12460,25210
12460,25211
12460,25212
12460,25213
12460,25214
12461,25041
12461,25042
12461,25043
12461,25044
12461,25045
12461,25046
12461,25047
12461,25048
12461,25049
12461,25050
12461,25051
12461,25052
12461,25053
12461,25054
12461,25055
12461,25056
12461,25057
12461,25058
12461,25059
12461,25060
12461,25061
12461,25062
12461,25063
12461,25064
12461,25065
12461,25066
12461,25067
12461,25068
12461,25069
12461,25070
12461,25071
12461,25072
12461,25073
12461,25074
12461,25075
12461,25076
12461,25077
12461,25078
12461,25079
12461,25080
12461,25081
12461,25082
12461,25083
12461,25084
12461,25085
12461,25086
12461,25087
12461,25088
12461,25089
12461,25090
12461,25091
12461,25092
12461,25093
12461,25094
12461,25095
12461,25096
12461,25097
12461,25098
12461,25099
12461,25100
12461,25101
12461,25102
12461,25103
12461,25104
12461,25105
12461,25106
12461,25107
12461,25108
12461,25109
12461,25110
12461,25111
12461,25112
12461,25113
12461,25114
12461,25115
12461,25116
12461,25117
12461,25118
12461,25119
12461,25120
12461,25121
12461,25122
12461,25123
12461,25124
12461,25125
12461,25126
12461,25127
12461,25128
12461,25129
12461,25130
12461,25131
12461,25132
12461,25133
12461,25134
12461,25135
12461,25136
12461,25137
12461,25138
12461,25139
12461,25140
12461,25141
12461,25142
12461,25143
12461,25144
12461,25145
12461,25146
12461,25147
12461,25148
12461,25149
12461,25150
12461,25151
12461,25152
12461,25153
12461,25154
12461,25155
12461,25156
12461,25157
12461,25158
12461,25159
12461,25160
12461,25161
12461,25162
12461,25163
12461,25164
12461,25165
12461,25166
12461,25167
12461,25168
12461,25169
12461,25170
12461,25171
12461,25172
12461,25173
12461,25174
12461,25175
12461,25176
12461,25177
12461,25178
12461,25179
12461,25180
12461,25181
12461,25182
12461,25183
12461,25184
12461,25185
12461,25186
12461,25187
12461,25188
12461,25189
12461,25190
12461,25191
12461,25192
12461,25193
12461,25194
12461,25195
12461,25196
12461,25197
12461,25198
12461,25199
12461,25200
12461,25201
12461,25202
12461,25203
12461,25204
12461,25205
12461,25206
12461,25207
12461,25208
12461,25209
12461,25210
12461,25211
12461,25212
12461,25213
12462,25041
12462,25042
12462,25043
12462,25044
12462,25045
12462,25046
12462,25047
12462,25048
12462,25049
12462,25050
12462,25051
12462,25052
12462,25053
12462,25054
12462,25055
12462,25056
12462,25057
12462,25058
12462,25059
12462,25060
12462,25061
12462,25062
12462,25063
12462,25064
12462,25065
12462,25066
12462,25067
12462,25068
12462,25069
12462,25070
12462,25071
12462,25072
12462,25073
12462,25074
12462,25075
12462,25076
12462,25077
12462,25078
12462,25079
12462,25080
12462,25081
12462,25082
12462,25083
12462,25084
12462,25085
12462,25086
12462,25087
12462,25088
12462,25089
12462,25090
12462,25091
12462,25092
12462,25093
12462,25094
12462,25095
12462,25096
12462,25097
12462,25098
12462,25099
12462,25100
12462,25101
12462,25102
12462,25103
12462,25104
12462,25105
12462,25106
12462,25107
12462,25108
12462,25109
12462,25110
12462,25111
12462,25112
12462,25113
12462,25114
12462,25115
12462,25116
12462,25117
12462,25118
12462,25119
12462,25120
12462,25121
12462,25122
12462,25123
12462,25124
12462,25125
12462,25126
12462,25127
12462,25128
12462,25129
12462,25130
12462,25131
12462,25132
12462,25133
12462,25134
12462,25135
12462,25136
12462,25137
12462,25138
12462,25139
12462,25140
12462,25141
12462,25142
12462,25143
12462,25144
12462,25145
12462,25146
12462,25147
12462,25148
12462,25149
12462,25150
12462,25151
12462,25152
12462,25153
12462,25154
12462,25155
12462,25156
12462,25157
12462,25158
12462,25159
12462,25160
12462,25161
12462,25162
12462,25163
12462,25164
12462,25165
12462,25166
12462,25167
12462,25168
12462,25169
12462,25170
12462,25171
12462,25172
12462,25173
12462,25174
12462,25175
12462,25176
12462,25177
12462,25178
12462,25179
12462,25180
12462,25181
12462,25182
12462,25183
12462,25184
12462,25185
12462,25186
12462,25187
12462,25188
12462,25189
12462,25190
12462,25191
12462,25192
12462,25193
12462,25194
12462,25195
12462,25196
12462,25197
12462,25198
12462,25199
12462,25200
12462,25201
12462,25202
12462,25203
12462,25204
12462,25205
12462,25206
12462,25207
12462,25208
12462,25209
12462,25210
12462,25211
12463,25040
12463,25041
12463,25042
12463,25043
12463,25044
12463,25045
12463,25046
12463,25047
12463,25048
12463,25049
12463,25050
12463,25051
12463,25052
12463,25053
12463,25054
12463,25055
12463,25056
12463,25057
12463,25058
12463,25059
12463,25060
12463,25061
12463,25062
12463,25063
12463,25064
12463,25065
12463,25066
12463,25067
12463,25068
12463,25069
12463,25070
12463,25071
12463,25072
12463,25073
12463,25074
12463,25075
12463,25076
12463,25077
12463,25078
12463,25079
12463,25080
12463,25081
12463,25082
12463,25083
12463,25084
12463,25085
12463,25086
12463,25087
12463,25088
12463,25089
12463,25090
12463,25091
12463,25092
12463,25093
12463,25094
12463,25095
12463,25096
12463,25097
12463,25098
12463,25099
12463,25100
12463,25101
12463,25102
12463,25103
12463,25104
12463,25105
12463,25106
12463,25107
12463,25108
12463,25109
12463,25110
12463,25111
12463,25112
12463,25113
12463,25114
12463,25115
12463,25116
12463,25117
12463,25118
12463,25119
12463,25120
12463,25121
12463,25122
12463,25123
12463,25124
12463,25125
12463,25126
12463,25127
12463,25128
12463,25129
12463,25130
12463,25131
12463,25132
12463,25133
12463,25134
12463,25135
12463,25136
12463,25137
12463,25138
12463,25139
12463,25140
12463,25141
12463,25142
12463,25143
12463,25144
12463,25145
12463,25146
12463,25147
12463,25148
12463,25149
12463,25150
12463,25151
12463,25152
12463,25153
12463,25154
12463,25155
12463,25156
12463,25157
12463,25158
12463,25159
12463,25160
12463,25161
12463,25162
12463,25163
12463,25164
12463,25165
12463,25166
12463,25167
12463,25168
12463,25169
12463,25170
12463,25171
12463,25172
12463,25173
12463,25174
12463,25175
12463,25176
12463,25177
12463,25178
12463,25179
12463,25180
12463,25181
12463,25182
12463,25183
12463,25184
12463,25185
12463,25186
12463,25187
12463,25188
12463,25189
12463,25190
12463,25191
12463,25192
12463,25193
12463,25194
12463,25195
12463,25196
12463,25197
12463,25198
12463,25199
12463,25200
12463,25201
12463,25202
12463,25203
12463,25204
12463,25205
12463,25206
12463,25207
12463,25208
12463,25209
12463,25210
12463,25211
12464,25039
12464,25040
12464,25041
12464,25042
12464,25043
12464,25044
12464,25045
12464,25046
12464,25047
12464,25048
12464,25049
12464,25050
12464,25051
12464,25052
12464,25053
12464,25054
12464,25055
12464,25056
12464,25057
12464,25058
12464,25059
12464,25060
12464,25061
12464,25062
12464,25063
12464,25064
12464,25065
12464,25066
12464,25067
12464,25068
12464,25069
12464,25070
12464,25071
12464,25072
12464,25073
12464,25074
12464,25075
12464,25076
12464,25077
12464,25078
12464,25079
12464,25080
12464,25081
12464,25082
12464,25083
12464,25084
12464,25085
12464,25086
12464,25087
12464,25088
12464,25089
12464,25090
12464,25091
12464,25092
12464,25093
12464,25094
12464,25095
12464,25096
12464,25097
12464,25098
12464,25099
12464,25100
12464,25101
12464,25102
12464,25103
12464,25104
12464,25105
12464,25106
12464,25107
12464,25108
12464,25109
12464,25110
12464,25111
12464,25112
12464,25113
12464,25114
12464,25115
12464,25116
12464,25117
12464,25118
12464,25119
12464,25120
12464,25121
12464,25122
12464,25123
12464,25124
12464,25125
12464,25126
12464,25127
12464,25128
12464,25129
12464,25130
12464,25131
12464,25132
12464,25133
12464,25134
12464,25135
12464,25136
12464,25137
12464,25138
12464,25139
12464,25140
12464,25141
12464,25142
12464,25143
12464,25144
12464,25145
12464,25146
12464,25147
12464,25148
12464,25149
12464,25150
12464,25151
12464,25152
12464,25153
12464,25154
12464,25155
12464,25156
12464,25157
12464,25158
12464,25159
12464,25160
12464,25161
12464,25162
12464,25163
12464,25164
12464,25165
12464,25166
12464,25167
12464,25168
12464,25169
12464,25170
12464,25171
12464,25172
12464,25173
12464,25174
12464,25175
12464,25176
12464,25177
12464,25178
12464,25179
12464,25180
12464,25181
12464,25182
12464,25183
12464,25184
12464,25185
12464,25186
12464,25187
12464,25188
12464,25189
12464,25190
12464,25191
12464,25192
12464,25193
12464,25194
12464,25195
12464,25196
12464,25197
12464,25198
12464,25199
12464,25200
12464,25201
12464,25202
12464,25203
12464,25204
12464,25205
12464,25206
12464,25207
12464,25208
12464,25209
12464,25210
12465,25038
12465,25039
12465,25040
12465,25041
12465,25042
12465,25043
12465,25044
12465,25045
12465,25046
12465,25047
12465,25048
12465,25049
12465,25050
12465,25051
12465,25052
12465,25053
12465,25054
12465,25055
12465,25056
12465,25057
12465,25058
12465,25059
12465,25060
12465,25061
12465,25062
12465,25063
12465,25064
12465,25065
12465,25066
12465,25067
12465,25068
12465,25069
12465,25070
12465,25071
12465,25072
12465,25073
12465,25074
12465,25075
12465,25076
12465,25077
12465,25078
12465,25079
12465,25080
12465,25081
12465,25082
12465,25083
12465,25084
12465,25085
12465,25086
12465,25087
12465,25088
12465,25089
12465,25090
12465,25091
12465,25092
12465,25093
12465,25094
12465,25095
12465,25096
12465,25097
12465,25098
12465,25099
12465,25100
12465,25101
12465,25102
12465,25103
12465,25104
12465,25105
12465,25106
12465,25107
12465,25108
12465,25109
12465,25110
12465,25111
12465,25112
12465,25113
12465,25114
12465,25115
12465,25116
12465,25117
12465,25118
12465,25119
12465,25120
12465,25121
12465,25122
12465,25123
12465,25124
12465,25125
12465,25126
12465,25127
12465,25128
12465,25129
12465,25130
12465,25131
12465,25132
12465,25133
12465,25134
12465,25135
12465,25136
12465,25137
12465,25138
12465,25139
12465,25140
12465,25141
12465,25142
12465,25143
12465,25144
12465,25145
12465,25146
12465,25147
12465,25148
12465,25149
12465,25150
12465,25151
12465,25152
12465,25153
12465,25154
12465,25155
12465,25156
12465,25157
12465,25158
12465,25159
12465,25160
12465,25161
12465,25162
12465,25163
12465,25164
12465,25165
12465,25166
12465,25167
12465,25168
12465,25169
12465,25170
12465,25171
12465,25172
12465,25173
12465,25174
12465,25175
12465,25176
12465,25177
12465,25178
12465,25179
12465,25180
12465,25181
12465,25182
12465,25183
12465,25184
12465,25185
12465,25186
12465,25187
12465,25188
12465,25189
12465,25190
12465,25191
12465,25192
12465,25193
12465,25194
12465,25195
12465,25196
12465,25197
12465,25198
12465,25199
12465,25200
12465,25201
12465,25202
12465,25203
12465,25204
12465,25205
12465,25206
12465,25207
12465,25208
12465,25209
12466,25038
12466,25039
12466,25040
12466,25041
12466,25042
12466,25043
12466,25044
12466,25045
12466,25046
12466,25047
12466,25048
12466,25049
12466,25050
12466,25051
12466,25052
12466,25053
12466,25054
12466,25055
12466,25056
12466,25057
12466,25058
12466,25059
12466,25060
12466,25061
12466,25062
12466,25063
12466,25064
12466,25065
12466,25066
12466,25067
12466,25068
12466,25069
12466,25070
12466,25071
12466,25072
12466,25073
12466,25074
12466,25075
12466,25076
12466,25077
12466,25078
12466,25079
12466,25080
12466,25081
12466,25082
12466,25083
12466,25084
12466,25085
12466,25086
12466,25087
12466,25088
12466,25089
12466,25090
12466,25091
12466,25092
12466,25093
12466,25094
12466,25095
12466,25096
12466,25097
12466,25098
12466,25099
12466,25100
12466,25101
12466,25102
12466,25103
12466,25104
12466,25105
12466,25106
12466,25107
12466,25108
12466,25109
12466,25110
12466,25111
12466,25112
12466,25113
12466,25114
12466,25115
12466,25116
12466,25117
12466,25118
12466,25119
12466,25120
12466,25121
12466,25122
12466,25123
12466,25124
12466,25125
12466,25126
12466,25127
12466,25128
12466,25129
12466,25130
12466,25131
12466,25132
12466,25133
12466,25134
12466,25135
12466,25136
12466,25137
12466,25138
12466,25139
12466,25140
12466,25141
12466,25142
12466,25143
12466,25144
12466,25145
12466,25146
12466,25147
12466,25148
12466,25149
12466,25150
12466,25151
12466,25152
12466,25153
12466,25154
12466,25155
12466,25156
12466,25157
12466,25158
12466,25159
12466,25160
12466,25161
12466,25162
12466,25163
12466,25164
12466,25165
12466,25166
12466,25167
12466,25168
12466,25169
12466,25170
12466,25171
12466,25172
12466,25173
12466,25174
12466,25175
12466,25176
12466,25177
12466,25178
12466,25179
12466,25180
12466,25181
12466,25182
12466,25183
12466,25184
12466,25185
12466,25186
12466,25187
12466,25188
12466,25189
12466,25190
12466,25191
12466,25192
12466,25193
12466,25194
12466,25195
12466,25196
12466,25197
12466,25198
12466,25199
12466,25200
12466,25201
12466,25202
12466,25203
12466,25204
12466,25205
12466,25206
12466,25207
12466,25208
12467,25037
12467,25038
12467,25039
12467,25040
12467,25041
12467,25042
12467,25043
12467,25044
12467,25045
12467,25046
12467,25047
12467,25048
12467,25049
12467,25050
12467,25051
12467,25052
12467,25053
12467,25054
12467,25055
12467,25056
12467,25057
12467,25058
12467,25059
12467,25060
12467,25061
12467,25062
12467,25063
12467,25064
12467,25065
12467,25066
12467,25067
12467,25068
12467,25069
12467,25070
12467,25071
12467,25072
12467,25073
12467,25074
12467,25075
12467,25076
12467,25077
12467,25078
12467,25079
12467,25080
12467,25081
12467,25082
12467,25083
12467,25084
12467,25085
12467,25086
12467,25087
12467,25088
12467,25089
12467,25090
12467,25091
12467,25092
12467,25093
12467,25094
12467,25095
12467,25096
12467,25097
12467,25098
12467,25099
12467,25100
12467,25101
12467,25102
12467,25103
12467,25104
12467,25105
12467,25106
12467,25107
12467,25108
12467,25109
12467,25110
12467,25111
12467,25112
12467,25113
12467,25114
12467,25115
12467,25116
12467,25117
12467,25118
12467,25119
12467,25120
12467,25121
12467,25122
12467,25123
12467,25124
12467,25125
12467,25126
12467,25127
12467,25128
12467,25129
12467,25130
12467,25131
12467,25132
12467,25133
12467,25134
12467,25135
12467,25136
12467,25137
12467,25138
12467,25139
12467,25140
12467,25141
12467,25142
12467,25143
12467,25144
12467,25145
12467,25146
12467,25147
12467,25148
12467,25149
12467,25150
12467,25151
12467,25152
12467,25153
12467,25154
12467,25155
12467,25156
12467,25157
12467,25158
12467,25159
12467,25160
12467,25161
12467,25162
12467,25163
12467,25164
12467,25165
12467,25166
12467,25167
12467,25168
12467,25169
12467,25170
12467,25171
12467,25172
12467,25173
12467,25174
12467,25175
12467,25176
12467,25177
12467,25178
12467,25179
12467,25180
12467,25181
12467,25182
12467,25183
12467,25184
12467,25185
12467,25186
12467,25187
12467,25188
12467,25189
12467,25190
12467,25191
12467,25192
12467,25193
12467,25194
12467,25195
12467,25196
12467,25197
12467,25198
12467,25199
12467,25200
12467,25201
12467,25202
12467,25203
12467,25204
12467,25205
12467,25206
12467,25207
12467,25208
12467,25209
12468,25037
12468,25038
12468,25039
12468,25040
12468,25041
12468,25042
12468,25043
12468,25044
12468,25045
12468,25046
12468,25047
12468,25048
12468,25049
12468,25050
12468,25051
12468,25052
12468,25053
12468,25054
12468,25055
12468,25056
12468,25057
12468,25058
12468,25059
12468,25060
12468,25061
12468,25062
12468,25063
12468,25064
12468,25065
12468,25066
12468,25067
12468,25068
12468,25069
12468,25070
12468,25071
12468,25072
12468,25073
12468,25074
12468,25075
12468,25076
12468,25077
12468,25078
12468,25079
12468,25080
12468,25081
12468,25082
12468,25083
12468,25084
12468,25085
12468,25086
12468,25087
12468,25088
12468,25089
12468,25090
12468,25091
12468,25092
12468,25093
12468,25094
12468,25095
12468,25096
12468,25097
12468,25098
12468,25099
12468,25100
12468,25101
12468,25102
12468,25103
12468,25104
12468,25105
12468,25106
12468,25107
12468,25108
12468,25109
12468,25110
12468,25111
12468,25112
12468,25113
12468,25114
12468,25115
12468,25116
12468,25117
12468,25118
12468,25119
12468,25120
12468,25121
12468,25122
12468,25123
12468,25124
12468,25125
12468,25126
12468,25127
12468,25128
12468,25129
12468,25130
12468,25131
12468,25132
12468,25133
12468,25134
12468,25135
12468,25136
12468,25137
12468,25138
12468,25139
12468,25140
12468,25141
12468,25142
12468,25143
12468,25144
12468,25145
12468,25146
12468,25147
12468,25148
12468,25149
12468,25150
12468,25151
12468,25152
12468,25153
12468,25154
12468,25155
12468,25156
12468,25157
12468,25158
12468,25159
12468,25160
12468,25161
12468,25162
12468,25163
12468,25164
12468,25165
12468,25166
12468,25167
12468,25168
12468,25169
12468,25170
12468,25171
12468,25172
12468,25173
12468,25174
12468,25175
12468,25176
12468,25177
12468,25178
12468,25179
12468,25180
12468,25181
12468,25182
12468,25183
12468,25184
12468,25185
12468,25186
12468,25187
12468,25188
12468,25189
12468,25190
12468,25191
12468,25192
12468,25193
12468,25194
12468,25195
12468,25196
12468,25197
12468,25198
12468,25199
12468,25200
12468,25201
12468,25202
12468,25203
12468,25204
12468,25205
12468,25206
12468,25207
12468,25208
12468,25209
12468,25210
12469,25037
12469,25038
12469,25039
12469,25040
12469,25041
12469,25042
12469,25043
12469,25044
12469,25045
12469,25046
12469,25047
12469,25048
12469,25049
12469,25050
12469,25051
12469,25052
12469,25053
12469,25054
12469,25055
12469,25056
12469,25057
12469,25058
12469,25059
12469,25060
12469,25061
12469,25062
12469,25063
12469,25064
12469,25065
12469,25066
12469,25067
12469,25068
12469,25069
12469,25070
12469,25071
12469,25072
12469,25073
12469,25074
12469,25075
12469,25076
12469,25077
12469,25078
12469,25079
12469,25080
12469,25081
12469,25082
12469,25083
12469,25084
12469,25085
12469,25086
12469,25087
12469,25088
12469,25089
12469,25090
12469,25091
12469,25092
12469,25093
12469,25094
12469,25095
12469,25096
12469,25097
12469,25098
12469,25099
12469,25100
12469,25101
12469,25102
12469,25103
12469,25104
12469,25105
12469,25106
12469,25107
12469,25108
12469,25109
12469,25110
12469,25111
12469,25112
12469,25113
12469,25114
12469,25115
12469,25116
12469,25117
12469,25118
12469,25119
12469,25120
12469,25121
12469,25122
12469,25123
12469,25124
12469,25125
12469,25126
12469,25127
12469,25128
12469,25129
12469,25130
12469,25131
12469,25132
12469,25133
12469,25134
12469,25135
12469,25136
12469,25137
12469,25138
12469,25139
12469,25140
12469,25141
12469,25142
12469,25143
12469,25144
12469,25145
12469,25146
12469,25147
12469,25148
12469,25149
12469,25150
12469,25151
12469,25152
12469,25153
12469,25154
12469,25155
12469,25156
12469,25157
12469,25158
12469,25159
12469,25160
12469,25161
12469,25162
12469,25163
12469,25164
12469,25165
12469,25166
12469,25167
12469,25168
12469,25169
12469,25170
12469,25171
12469,25172
12469,25173
12469,25174
12469,25175
12469,25176
12469,25177
12469,25178
12469,25179
12469,25180
12469,25181
12469,25182
12469,25183
12469,25184
12469,25185
12469,25186
12469,25187
12469,25188
12469,25189
12469,25190
12469,25191
12469,25192
12469,25193
12469,25194
12469,25195
12469,25196
12469,25197
12469,25198
12469,25199
12469,25200
12469,25201
12469,25202
12469,25203
12469,25204
12469,25205
12469,25206
12469,25207
12469,25208
12469,25209
12469,25210
12469,25211
12470,25036
12470,25037
12470,25038
12470,25039
12470,25040
12470,25041
12470,25042
12470,25043
12470,25044
12470,25045
12470,25046
12470,25047
12470,25048
12470,25049
12470,25050
12470,25051
12470,25052
12470,25053
12470,25054
12470,25055
12470,25056
12470,25057
12470,25058
12470,25059
12470,25060
12470,25061
12470,25062
12470,25063
12470,25064
12470,25065
12470,25066
12470,25067
12470,25068
12470,25069
12470,25070
12470,25071
12470,25072
12470,25073
12470,25074
12470,25075
12470,25076
12470,25077
12470,25078
12470,25079
12470,25080
12470,25081
12470,25082
12470,25083
12470,25084
12470,25085
12470,25086
12470,25087
12470,25088
12470,25089
12470,25090
12470,25091
12470,25092
12470,25093
12470,25094
12470,25095
12470,25096
12470,25097
12470,25098
12470,25099
12470,25100
12470,25101
12470,25102
12470,25103
12470,25104
12470,25105
12470,25106
12470,25107
12470,25108
12470,25109
12470,25110
12470,25111
12470,25112
12470,25113
12470,25114
12470,25115
12470,25116
12470,25117
12470,25118
12470,25119
12470,25120
12470,25121
12470,25122
12470,25123
12470,25124
12470,25125
12470,25126
12470,25127
12470,25128
12470,25129
12470,25130
12470,25131
12470,25132
12470,25133
12470,25134
12470,25135
12470,25136
12470,25137
12470,25138
12470,25139
12470,25140
12470,25141
12470,25142
12470,25143
12470,25144
12470,25145
12470,25146
12470,25147
12470,25148
12470,25149
12470,25150
12470,25151
12470,25152
12470,25153
12470,25154
12470,25155
12470,25156
12470,25157
12470,25158
12470,25159
12470,25160
12470,25161
12470,25162
12470,25163
12470,25164
12470,25165
12470,25166
12470,25167
12470,25168
12470,25169
12470,25170
12470,25171
12470,25172
12470,25173
12470,25174
12470,25175
12470,25176
12470,25177
12470,25178
12470,25179
12470,25180
12470,25181
12470,25182
12470,25183
12470,25184
12470,25185
12470,25186
12470,25187
12470,25188
12470,25189
12470,25190
12470,25191
12470,25192
12470,25193
12470,25194
12470,25195
12470,25196
12470,25197
12470,25198
12470,25199
12470,25200
12470,25201
12470,25202
12470,25203
12470,25204
12470,25205
12470,25206
12470,25207
12470,25208
12470,25209
12470,25210
12470,25211
12471,25037
12471,25038
12471,25039
12471,25040
12471,25041
12471,25042
12471,25043
12471,25044
12471,25045
12471,25046
12471,25047
12471,25048
12471,25049
12471,25050
12471,25051
12471,25052
12471,25053
12471,25054
12471,25055
12471,25056
12471,25057
12471,25058
12471,25059
12471,25060
12471,25061
12471,25062
12471,25063
12471,25064
12471,25065
12471,25066
12471,25067
12471,25068
12471,25069
12471,25070
12471,25071
12471,25072
12471,25073
12471,25074
12471,25075
12471,25076
12471,25077
12471,25078
12471,25079
12471,25080
12471,25081
12471,25082
12471,25083
12471,25084
12471,25085
12471,25086
12471,25087
12471,25088
12471,25089
12471,25090
12471,25091
12471,25092
12471,25093
12471,25094
12471,25095
12471,25096
12471,25097
12471,25098
12471,25099
12471,25100
12471,25101
12471,25102
12471,25103
12471,25104
12471,25105
12471,25106
12471,25107
12471,25108
12471,25109
12471,25110
12471,25111
12471,25112
12471,25113
12471,25114
12471,25115
12471,25116
12471,25117
12471,25118
12471,25119
12471,25120
12471,25121
12471,25122
12471,25123
12471,25124
12471,25125
12471,25126
12471,25127
12471,25128
12471,25129
12471,25130
12471,25131
12471,25132
12471,25133
12471,25134
12471,25135
12471,25136
12471,25137
12471,25138
12471,25139
12471,25140
12471,25141
12471,25142
12471,25143
12471,25144
12471,25145
12471,25146
12471,25147
12471,25148
12471,25149
12471,25150
12471,25151
12471,25152
12471,25153
12471,25154
12471,25155
12471,25156
12471,25157
12471,25158
12471,25159
12471,25160
12471,25161
12471,25162
12471,25163
12471,25164
12471,25165
12471,25166
12471,25167
12471,25168
12471,25169
12471,25170
12471,25171
12471,25172
12471,25173
12471,25174
12471,25175
12471,25176
12471,25177
12471,25178
12471,25179
12471,25180
12471,25181
12471,25182
12471,25183
12471,25184
12471,25185
12471,25186
12471,25187
12471,25188
12471,25189
12471,25190
12471,25191
12471,25192
12471,25193
12471,25194
12471,25195
12471,25196
12471,25197
12471,25198
12471,25199
12471,25200
12471,25201
12471,25202
12471,25203
12471,25204
12471,25205
12471,25206
12471,25207
12471,25208
12471,25209
12471,25210
12471,25211
12472,25037
12472,25038
12472,25039
12472,25040
12472,25041
12472,25042
12472,25043
12472,25044
12472,25045
12472,25046
12472,25047
12472,25048
12472,25049
12472,25050
12472,25051
12472,25052
12472,25053
12472,25054
12472,25055
12472,25056
12472,25057
12472,25058
12472,25059
12472,25060
12472,25061
12472,25062
12472,25063
12472,25064
12472,25065
12472,25066
12472,25067
12472,25068
12472,25069
12472,25070
12472,25071
12472,25072
12472,25073
12472,25074
12472,25075
12472,25076
12472,25077
12472,25078
12472,25079
12472,25080
12472,25081
12472,25082
12472,25083
12472,25084
12472,25085
12472,25086
12472,25087
12472,25088
12472,25089
12472,25090
12472,25091
12472,25092
12472,25093
12472,25094
12472,25095
12472,25096
12472,25097
12472,25098
12472,25099
12472,25100
12472,25101
12472,25102
12472,25103
12472,25104
12472,25105
12472,25106
12472,25107
12472,25108
12472,25109
12472,25110
12472,25111
12472,25112
12472,25113
12472,25114
12472,25115
12472,25116
12472,25117
12472,25118
12472,25119
12472,25120
12472,25121
12472,25122
12472,25123
12472,25124
12472,25125
12472,25126
12472,25127
12472,25128
12472,25129
12472,25130
12472,25131
12472,25132
12472,25133
12472,25134
12472,25135
12472,25136
12472,25137
12472,25138
12472,25139
12472,25140
12472,25141
12472,25142
12472,25143
12472,25144
12472,25145
12472,25146
12472,25147
12472,25148
12472,25149
12472,25150
12472,25151
12472,25152
12472,25153
12472,25154
12472,25155
12472,25156
12472,25157
12472,25158
12472,25159
12472,25160
12472,25161
12472,25162
12472,25163
12472,25164
12472,25165
12472,25166
12472,25167
12472,25168
12472,25169
12472,25170
12472,25171
12472,25172
12472,25173
12472,25174
12472,25175
12472,25176
12472,25177
12472,25178
12472,25179
12472,25180
12472,25181
12472,25182
12472,25183
12472,25184
12472,25185
12472,25186
12472,25187
12472,25188
12472,25189
12472,25190
12472,25191
12472,25192
12472,25193
12472,25194
12472,25195
12472,25196
12472,25197
12472,25198
12472,25199
12472,25200
12472,25201
12472,25202
12472,25203
12472,25204
12472,25205
12472,25206
12472,25207
12472,25208
12472,25209
12472,25210
12472,25211
12472,25212
12473,25036
12473,25037
12473,25038
12473,25039
12473,25040
12473,25041
12473,25042
12473,25043
12473,25044
12473,25045
12473,25046
12473,25047
12473,25048
12473,25049
12473,25050
12473,25051
12473,25052
12473,25053
12473,25054
12473,25055
12473,25056
12473,25057
12473,25058
12473,25059
12473,25060
12473,25061
12473,25062
12473,25063
12473,25064
12473,25065
12473,25066
12473,25067
12473,25068
12473,25069
12473,25070
12473,25071
12473,25072
12473,25073
12473,25074
12473,25075
12473,25076
12473,25077
12473,25078
12473,25079
12473,25080
12473,25081
12473,25082
12473,25083
12473,25084
12473,25085
12473,25086
12473,25087
12473,25088
12473,25089
12473,25090
12473,25091
12473,25092
12473,25093
12473,25094
12473,25095
12473,25096
12473,25097
12473,25098
12473,25099
12473,25100
12473,25101
12473,25102
12473,25103
12473,25104
12473,25105
12473,25106
12473,25107
12473,25108
12473,25109
12473,25110
12473,25111
12473,25112
12473,25113
12473,25114
12473,25115
12473,25116
12473,25117
12473,25118
12473,25119
12473,25120
12473,25121
12473,25122
12473,25123
12473,25124
12473,25125
12473,25126
12473,25127
12473,25128
12473,25129
12473,25130
12473,25131
12473,25132
12473,25133
12473,25134
12473,25135
12473,25136
12473,25137
12473,25138
12473,25139
12473,25140
12473,25141
12473,25142
12473,25143
12473,25144
12473,25145
12473,25146
12473,25147
12473,25148
12473,25149
12473,25150
12473,25151
12473,25152
12473,25153
12473,25154
12473,25155
12473,25156
12473,25157
12473,25158
12473,25159
12473,25160
12473,25161
12473,25162
12473,25163
12473,25164
12473,25165
12473,25166
12473,25167
12473,25168
12473,25169
12473,25170
12473,25171
12473,25172
12473,25173
12473,25174
12473,25175
12473,25176
12473,25177
12473,25178
12473,25179
12473,25180
12473,25181
12473,25182
12473,25183
12473,25184
12473,25185
12473,25186
12473,25187
12473,25188
12473,25189
12473,25190
12473,25191
12473,25192
12473,25193
12473,25194
12473,25195
12473,25196
12473,25197
12473,25198
12473,25199
12473,25200
12473,25201
12473,25202
12473,25203
12473,25204
12473,25205
12473,25206
12473,25207
12473,25208
12473,25209
12473,25210
12473,25211
12473,25212
12474,25034
12474,25035
12474,25036
12474,25037
12474,25038
12474,25039
12474,25040
12474,25041
12474,25042
12474,25043
12474,25044
12474,25045
12474,25046
12474,25047
12474,25048
12474,25049
12474,25050
12474,25051
12474,25052
12474,25053
12474,25054
12474,25055
12474,25056
12474,25057
12474,25058
12474,25059
12474,25060
12474,25061
12474,25062
12474,25063
12474,25064
12474,25065
12474,25066
12474,25067
12474,25068
12474,25069
12474,25070
12474,25071
12474,25072
12474,25073
12474,25074
12474,25075
12474,25076
12474,25077
12474,25078
12474,25079
12474,25080
12474,25081
12474,25082
12474,25083
12474,25084
12474,25085
12474,25086
12474,25087
12474,25088
12474,25089
12474,25090
12474,25091
12474,25092
12474,25093
12474,25094
12474,25095
12474,25096
12474,25097
12474,25098
12474,25099
12474,25100
12474,25101
12474,25102
12474,25103
12474,25104
12474,25105
12474,25106
12474,25107
12474,25108
12474,25109
12474,25110
12474,25111
12474,25112
12474,25113
12474,25114
12474,25115
12474,25116
12474,25117
12474,25118
12474,25119
12474,25120
12474,25121
12474,25122
12474,25123
12474,25124
12474,25125
12474,25126
12474,25127
12474,25128
12474,25129
12474,25130
12474,25131
12474,25132
12474,25133
12474,25134
12474,25135
12474,25136
12474,25137
12474,25138
12474,25139
12474,25140
12474,25141
12474,25142
12474,25143
12474,25144
12474,25145
12474,25146
12474,25147
12474,25148
12474,25149
12474,25150
12474,25151
12474,25152
12474,25153
12474,25154
12474,25155
12474,25156
12474,25157
12474,25158
12474,25159
12474,25160
12474,25161
12474,25162
12474,25163
12474,25164
12474,25165
12474,25166
12474,25167
12474,25168
12474,25169
12474,25170
12474,25171
12474,25172
12474,25173
12474,25174
12474,25175
12474,25176
12474,25177
12474,25178
12474,25179
12474,25180
12474,25181
12474,25182
12474,25183
12474,25184
12474,25185
12474,25186
12474,25187
12474,25188
12474,25189
12474,25190
12474,25191
12474,25192
12474,25193
12474,25194
12474,25195
12474,25196
12474,25197
12474,25198
12474,25199
12474,25200
12474,25201
12474,25202
12474,25203
12474,25204
12474,25205
12474,25206
12474,25207
12474,25208
12474,25209
12474,25210
12474,25211
12474,25212
12475,25033
12475,25034
12475,25035
12475,25036
12475,25037
12475,25038
12475,25039
12475,25040
12475,25041
12475,25042
12475,25043
12475,25044
12475,25045
12475,25046
12475,25047
12475,25048
12475,25049
12475,25050
12475,25051
12475,25052
12475,25053
12475,25054
12475,25055
12475,25056
12475,25057
12475,25058
12475,25059
12475,25060
12475,25061
12475,25062
12475,25063
12475,25064
12475,25065
12475,25066
12475,25067
12475,25068
12475,25069
12475,25070
12475,25071
12475,25072
12475,25073
12475,25074
12475,25075
12475,25076
12475,25077
12475,25078
12475,25079
12475,25080
12475,25081
12475,25082
12475,25083
12475,25084
12475,25085
12475,25086
12475,25087
12475,25088
12475,25089
12475,25090
12475,25091
12475,25092
12475,25093
12475,25094
12475,25095
12475,25096
12475,25097
12475,25098
12475,25099
12475,25100
12475,25101
12475,25102
12475,25103
12475,25104
12475,25105
12475,25106
12475,25107
12475,25108
12475,25109
12475,25110
12475,25111
12475,25112
12475,25113
12475,25114
12475,25115
12475,25116
12475,25117
12475,25118
12475,25119
12475,25120
12475,25121
12475,25122
12475,25123
12475,25124
12475,25125
12475,25126
12475,25127
12475,25128
12475,25129
12475,25130
12475,25131
12475,25132
12475,25133
12475,25134
12475,25135
12475,25136
12475,25137
12475,25138
12475,25139
12475,25140
12475,25141
12475,25142
12475,25143
12475,25144
12475,25145
12475,25146
12475,25147
12475,25148
12475,25149
12475,25150
12475,25151
12475,25152
12475,25153
12475,25154
12475,25155
12475,25156
12475,25157
12475,25158
12475,25159
12475,25160
12475,25161
12475,25162
12475,25163
12475,25164
12475,25165
12475,25166
12475,25167
12475,25168
12475,25169
12475,25170
12475,25171
12475,25172
12475,25173
12475,25174
12475,25175
12475,25176
12475,25177
12475,25178
12475,25179
12475,25180
12475,25181
12475,25182
12475,25183
12475,25184
12475,25185
12475,25186
12475,25187
12475,25188
12475,25189
12475,25190
12475,25191
12475,25192
12475,25193
12475,25194
12475,25195
12475,25196
12475,25197
12475,25198
12475,25199
12475,25200
12475,25201
12475,25202
12475,25203
12475,25204
12475,25205
12475,25206
12475,25207
12475,25208
12475,25209
12475,25210
12475,25211
12475,25212
12476,25032
12476,25033
12476,25034
12476,25035
12476,25036
12476,25037
12476,25038
12476,25039
12476,25040
12476,25041
12476,25042
12476,25043
12476,25044
12476,25045
12476,25046
12476,25047
12476,25048
12476,25049
12476,25050
12476,25051
12476,25052
12476,25053
12476,25054
12476,25055
12476,25056
12476,25057
12476,25058
12476,25059
12476,25060
12476,25061
12476,25062
12476,25063
12476,25064
12476,25065
12476,25066
12476,25067
12476,25068
12476,25069
12476,25070
12476,25071
12476,25072
12476,25073
12476,25074
12476,25075
12476,25076
12476,25077
12476,25078
12476,25079
12476,25080
12476,25081
12476,25082
12476,25083
12476,25084
12476,25085
12476,25086
12476,25087
12476,25088
12476,25089
12476,25090
12476,25091
12476,25092
12476,25093
12476,25094
12476,25095
12476,25096
12476,25097
12476,25098
12476,25099
12476,25100
12476,25101
12476,25102
12476,25103
12476,25104
12476,25105
12476,25106
12476,25107
12476,25108
12476,25109
12476,25110
12476,25111
12476,25112
12476,25113
12476,25114
12476,25115
12476,25116
12476,25117
12476,25118
12476,25119
12476,25120
12476,25121
12476,25122
12476,25123
12476,25124
12476,25125
12476,25126
12476,25127
12476,25128
12476,25129
12476,25130
12476,25131
12476,25132
12476,25133
12476,25134
12476,25135
12476,25136
12476,25137
12476,25138
12476,25139
12476,25140
12476,25141
12476,25142
12476,25143
12476,25144
12476,25145
12476,25146
12476,25147
12476,25148
12476,25149
12476,25150
12476,25151
12476,25152
12476,25153
12476,25154
12476,25155
12476,25156
12476,25157
12476,25158
12476,25159
12476,25160
12476,25161
12476,25162
12476,25163
12476,25164
12476,25165
12476,25166
12476,25167
12476,25168
12476,25169
12476,25170
12476,25171
12476,25172
12476,25173
12476,25174
12476,25175
12476,25176
12476,25177
12476,25178
12476,25179
12476,25180
12476,25181
12476,25182
12476,25183
12476,25184
12476,25185
12476,25186
12476,25187
12476,25188
12476,25189
12476,25190
12476,25191
12476,25192
12476,25193
12476,25194
12476,25195
12476,25196
12476,25197
12476,25198
12476,25199
12476,25200
12476,25201
12476,25202
12476,25203
12476,25204
12476,25205
12476,25206
12476,25207
12476,25208
12476,25209
12476,25210
12476,25211
12477,25032
12477,25033
12477,25034
12477,25035
12477,25036
12477,25037
12477,25038
12477,25039
12477,25040
12477,25041
12477,25042
12477,25043
12477,25044
12477,25045
12477,25046
12477,25047
12477,25048
12477,25049
12477,25050
12477,25051
12477,25052
12477,25053
12477,25054
12477,25055
12477,25056
12477,25057
12477,25058
12477,25059
12477,25060
12477,25061
12477,25062
12477,25063
12477,25064
12477,25065
12477,25066
12477,25067
12477,25068
12477,25069
12477,25070
12477,25071
12477,25072
12477,25073
12477,25074
12477,25075
12477,25076
12477,25077
12477,25078
12477,25079
12477,25080
12477,25081
12477,25082
12477,25083
12477,25084
12477,25085
12477,25086
12477,25087
12477,25088
12477,25089
12477,25090
12477,25091
12477,25092
12477,25093
12477,25094
12477,25095
12477,25096
12477,25097
12477,25098
12477,25099
12477,25100
12477,25101
12477,25102
12477,25103
12477,25104
12477,25105
12477,25106
12477,25107
12477,25108
12477,25109
12477,25110
12477,25111
12477,25112
12477,25113
12477,25114
12477,25115
12477,25116
12477,25117
12477,25118
12477,25119
12477,25120
12477,25121
12477,25122
12477,25123
12477,25124
12477,25125
12477,25126
12477,25127
12477,25128
12477,25129
12477,25130
12477,25131
12477,25132
12477,25133
12477,25134
12477,25135
12477,25136
12477,25137
12477,25138
12477,25139
12477,25140
12477,25141
12477,25142
12477,25143
12477,25144
12477,25145
12477,25146
12477,25147
12477,25148
12477,25149
12477,25150
12477,25151
12477,25152
12477,25153
12477,25154
12477,25155
12477,25156
12477,25157
12477,25158
12477,25159
12477,25160
12477,25161
12477,25162
12477,25163
12477,25164
12477,25165
12477,25166
12477,25167
12477,25168
12477,25169
12477,25170
12477,25171
12477,25172
12477,25173
12477,25174
12477,25175
12477,25176
12477,25177
12477,25178
12477,25179
12477,25180
12477,25181
12477,25182
12477,25183
12477,25184
12477,25185
12477,25186
12477,25187
12477,25188
12477,25189
12477,25190
12477,25191
12477,25192
12477,25193
12477,25194
12477,25195
12477,25196
12477,25197
12477,25198
12477,25199
12477,25200
12477,25201
12477,25202
12477,25203
12477,25204
12477,25205
12477,25206
12477,25207
12477,25208
12477,25209
12477,25210
12477,25211
12478,25031
12478,25032
12478,25033
12478,25034
12478,25035
12478,25036
12478,25037
12478,25038
12478,25039
12478,25040
12478,25041
12478,25042
12478,25043
12478,25044
12478,25045
12478,25046
12478,25047
12478,25048
12478,25049
12478,25050
12478,25051
12478,25052
12478,25053
12478,25054
12478,25055
12478,25056
12478,25057
12478,25058
12478,25059
12478,25060
12478,25061
12478,25062
12478,25063
12478,25064
12478,25065
12478,25066
12478,25067
12478,25068
12478,25069
12478,25070
12478,25071
12478,25072
12478,25073
12478,25074
12478,25075
12478,25076
12478,25077
12478,25078
12478,25079
12478,25080
12478,25081
12478,25082
12478,25083
12478,25084
12478,25085
12478,25086
12478,25087
12478,25088
12478,25089
12478,25090
12478,25091
12478,25092
12478,25093
12478,25094
12478,25095
12478,25096
12478,25097
12478,25098
12478,25099
12478,25100
12478,25101
12478,25102
12478,25103
12478,25104
12478,25105
12478,25106
12478,25107
12478,25108
12478,25109
12478,25110
12478,25111
12478,25112
12478,25113
12478,25114
12478,25115
12478,25116
12478,25117
12478,25118
12478,25119
12478,25120
12478,25121
12478,25122
12478,25123
12478,25124
12478,25125
12478,25126
12478,25127
12478,25128
12478,25129
12478,25130
12478,25131
12478,25132
12478,25133
12478,25134
12478,25135
12478,25136
12478,25137
12478,25138
12478,25139
12478,25140
12478,25141
12478,25142
12478,25143
12478,25144
12478,25145
12478,25146
12478,25147
12478,25148
12478,25149
12478,25150
12478,25151
12478,25152
12478,25153
12478,25154
12478,25155
12478,25156
12478,25157
12478,25158
12478,25159
12478,25160
12478,25161
12478,25162
12478,25163
12478,25164
12478,25165
12478,25166
12478,25167
12478,25168
12478,25169
12478,25170
12478,25171
12478,25172
12478,25173
12478,25174
12478,25175
12478,25176
12478,25177
12478,25178
12478,25179
12478,25180
12478,25181
12478,25182
12478,25183
12478,25184
12478,25185
12478,25186
12478,25187
12478,25188
12478,25189
12478,25190
12478,25191
12478,25192
12478,25193
12478,25194
12478,25195
12478,25196
12478,25197
12478,25198
12478,25199
12478,25200
12478,25201
12478,25202
12478,25203
12478,25204
12478,25205
12478,25206
12478,25207
12478,25208
12478,25209
12478,25210
12478,25211
12478,25212
12479,25032
12479,25033
12479,25034
12479,25035
12479,25036
12479,25037
12479,25038
12479,25039
12479,25040
12479,25041
12479,25042
12479,25043
12479,25044
12479,25045
12479,25046
12479,25047
12479,25048
12479,25049
12479,25050
12479,25051
12479,25052
12479,25053
12479,25054
12479,25055
12479,25056
12479,25057
12479,25058
12479,25059
12479,25060
12479,25061
12479,25062
12479,25063
12479,25064
12479,25065
12479,25066
12479,25067
12479,25068
12479,25069
12479,25070
12479,25071
12479,25072
12479,25073
12479,25074
12479,25075
12479,25076
12479,25077
12479,25078
12479,25079
12479,25080
12479,25081
12479,25082
12479,25083
12479,25084
12479,25085
12479,25086
12479,25087
12479,25088
12479,25089
12479,25090
12479,25091
12479,25092
12479,25093
12479,25094
12479,25095
12479,25096
12479,25097
12479,25098
12479,25099
12479,25100
12479,25101
12479,25102
12479,25103
12479,25104
12479,25105
12479,25106
12479,25107
12479,25108
12479,25109
12479,25110
12479,25111
12479,25112
12479,25113
12479,25114
12479,25115
12479,25116
12479,25117
12479,25118
12479,25119
12479,25120
12479,25121
12479,25122
12479,25123
12479,25124
12479,25125
12479,25126
12479,25127
12479,25128
12479,25129
12479,25130
12479,25131
12479,25132
12479,25133
12479,25134
12479,25135
12479,25136
12479,25137
12479,25138
12479,25139
12479,25140
12479,25141
12479,25142
12479,25143
12479,25144
12479,25145
12479,25146
12479,25147
12479,25148
12479,25149
12479,25150
12479,25151
12479,25152
12479,25153
12479,25154
12479,25155
12479,25156
12479,25157
12479,25158
12479,25159
12479,25160
12479,25161
12479,25162
12479,25163
12479,25164
12479,25165
12479,25166
12479,25167
12479,25168
12479,25169
12479,25170
12479,25171
12479,25172
12479,25173
12479,25174
12479,25175
12479,25176
12479,25177
12479,25178
12479,25179
12479,25180
12479,25181
12479,25182
12479,25183
12479,25184
12479,25185
12479,25186
12479,25187
12479,25188
12479,25189
12479,25190
12479,25191
12479,25192
12479,25193
12479,25194
12479,25195
12479,25196
12479,25197
12479,25198
12479,25199
12479,25200
12479,25201
12479,25202
12479,25203
12479,25204
12479,25205
12479,25206
12479,25207
12479,25208
12479,25209
12479,25210
12479,25211
12480,25032
12480,25033
12480,25034
12480,25035
12480,25036
12480,25037
12480,25038
12480,25039
12480,25040
12480,25041
12480,25042
12480,25043
12480,25044
12480,25045
12480,25046
12480,25047
12480,25048
12480,25049
12480,25050
12480,25051
12480,25052
12480,25053
12480,25054
12480,25055
12480,25056
12480,25057
12480,25058
12480,25059
12480,25060
12480,25061
12480,25062
12480,25063
12480,25064
12480,25065
12480,25066
12480,25067
12480,25068
12480,25069
12480,25070
12480,25071
12480,25072
12480,25073
12480,25074
12480,25075
12480,25076
12480,25077
12480,25078
12480,25079
12480,25080
12480,25081
12480,25082
12480,25083
12480,25084
12480,25085
12480,25086
12480,25087
12480,25088
12480,25089
12480,25090
12480,25091
12480,25092
12480,25093
12480,25094
12480,25095
12480,25096
12480,25097
12480,25098
12480,25099
12480,25100
12480,25101
12480,25102
12480,25103
12480,25104
12480,25105
12480,25106
12480,25107
12480,25108
12480,25109
12480,25110
12480,25111
12480,25112
12480,25113
12480,25114
12480,25115
12480,25116
12480,25117
12480,25118
12480,25119
12480,25120
12480,25121
12480,25122
12480,25123
12480,25124
12480,25125
12480,25126
12480,25127
12480,25128
12480,25129
12480,25130
12480,25131
12480,25132
12480,25133
12480,25134
12480,25135
12480,25136
12480,25137
12480,25138
12480,25139
12480,25140
12480,25141
12480,25142
12480,25143
12480,25144
12480,25145
12480,25146
12480,25147
12480,25148
12480,25149
12480,25150
12480,25151
12480,25152
12480,25153
12480,25154
12480,25155
12480,25156
12480,25157
12480,25158
12480,25159
12480,25160
12480,25161
12480,25162
12480,25163
12480,25164
12480,25165
12480,25166
12480,25167
12480,25168
12480,25169
12480,25170
12480,25171
12480,25172
12480,25173
12480,25174
12480,25175
12480,25176
12480,25177
12480,25178
12480,25179
12480,25180
12480,25181
12480,25182
12480,25183
12480,25184
12480,25185
12480,25186
12480,25187
12480,25188
12480,25189
12480,25190
12480,25191
12480,25192
12480,25193
12480,25194
12480,25195
12480,25196
12480,25197
12480,25198
12480,25199
12480,25200
12480,25201
12480,25202
12480,25203
12480,25204
12480,25205
12480,25206
12480,25207
12480,25208
12480,25209
12480,25210
12480,25211
12480,25212
12481,25031
12481,25032
12481,25033
12481,25034
12481,25035
12481,25036
12481,25037
12481,25038
12481,25039
12481,25040
12481,25041
12481,25042
12481,25043
12481,25044
12481,25045
12481,25046
12481,25047
12481,25048
12481,25049
12481,25050
12481,25051
12481,25052
12481,25053
12481,25054
12481,25055
12481,25056
12481,25057
12481,25058
12481,25059
12481,25060
12481,25061
12481,25062
12481,25063
12481,25064
12481,25065
12481,25066
12481,25067
12481,25068
12481,25069
12481,25070
12481,25071
12481,25072
12481,25073
12481,25074
12481,25075
12481,25076
12481,25077
12481,25078
12481,25079
12481,25080
12481,25081
12481,25082
12481,25083
12481,25084
12481,25085
12481,25086
12481,25087
12481,25088
12481,25089
12481,25090
12481,25091
12481,25092
12481,25093
12481,25094
12481,25095
12481,25096
12481,25097
12481,25098
12481,25099
12481,25100
12481,25101
12481,25102
12481,25103
12481,25104
12481,25105
12481,25106
12481,25107
12481,25108
12481,25109
12481,25110
12481,25111
12481,25112
12481,25113
12481,25114
12481,25115
12481,25116
12481,25117
12481,25118
12481,25119
12481,25120
12481,25121
12481,25122
12481,25123
12481,25124
12481,25125
12481,25126
12481,25127
12481,25128
12481,25129
12481,25130
12481,25131
12481,25132
12481,25133
12481,25134
12481,25135
12481,25136
12481,25137
12481,25138
12481,25139
12481,25140
12481,25141
12481,25142
12481,25143
12481,25144
12481,25145
12481,25146
12481,25147
12481,25148
12481,25149
12481,25150
12481,25151
12481,25152
12481,25153
12481,25154
12481,25155
12481,25156
12481,25157
12481,25158
12481,25159
12481,25160
12481,25161
12481,25162
12481,25163
12481,25164
12481,25165
12481,25166
12481,25167
12481,25168
12481,25169
12481,25170
12481,25171
12481,25172
12481,25173
12481,25174
12481,25175
12481,25176
12481,25177
12481,25178
12481,25179
12481,25180
12481,25181
12481,25182
12481,25183
12481,25184
12481,25185
12481,25186
12481,25187
12481,25188
12481,25189
12481,25190
12481,25191
12481,25192
12481,25193
12481,25194
12481,25195
12481,25196
12481,25197
12481,25198
12481,25199
12481,25200
12481,25201
12481,25202
12481,25203
12481,25204
12481,25205
12481,25206
12481,25207
12481,25208
12481,25209
12481,25210
12481,25211
12481,25212
12481,25213
12482,25030
12482,25031
12482,25032
12482,25033
12482,25034
12482,25035
12482,25036
12482,25037
12482,25038
12482,25039
12482,25040
12482,25041
12482,25042
12482,25043
12482,25044
12482,25045
12482,25046
12482,25047
12482,25048
12482,25049
12482,25050
12482,25051
12482,25052
12482,25053
12482,25054
12482,25055
12482,25056
12482,25057
12482,25058
12482,25059
12482,25060
12482,25061
12482,25062
12482,25063
12482,25064
12482,25065
12482,25066
12482,25067
12482,25068
12482,25069
12482,25070
12482,25071
12482,25072
12482,25073
12482,25074
12482,25075
12482,25076
12482,25077
12482,25078
12482,25079
12482,25080
12482,25081
12482,25082
12482,25083
12482,25084
12482,25085
12482,25086
12482,25087
12482,25088
12482,25089
12482,25090
12482,25091
12482,25092
12482,25093
12482,25094
12482,25095
12482,25096
12482,25097
12482,25098
12482,25099
12482,25100
12482,25101
12482,25102
12482,25103
12482,25104
12482,25105
12482,25106
12482,25107
12482,25108
12482,25109
12482,25110
12482,25111
12482,25112
12482,25113
12482,25114
12482,25115
12482,25116
12482,25117
12482,25118
12482,25119
12482,25120
12482,25121
12482,25122
12482,25123
12482,25124
12482,25125
12482,25126
12482,25127
12482,25128
12482,25129
12482,25130
12482,25131
12482,25132
12482,25133
12482,25134
12482,25135
12482,25136
12482,25137
12482,25138
12482,25139
12482,25140
12482,25141
12482,25142
12482,25143
12482,25144
12482,25145
12482,25146
12482,25147
12482,25148
12482,25149
12482,25150
12482,25151
12482,25152
12482,25153
12482,25154
12482,25155
12482,25156
12482,25157
12482,25158
12482,25159
12482,25160
12482,25161
12482,25162
12482,25163
12482,25164
12482,25165
12482,25166
12482,25167
12482,25168
12482,25169
12482,25170
12482,25171
12482,25172
12482,25173
12482,25174
12482,25175
12482,25176
12482,25177
12482,25178
12482,25179
12482,25180
12482,25181
12482,25182
12482,25183
12482,25184
12482,25185
12482,25186
12482,25187
12482,25188
12482,25189
12482,25190
12482,25191
12482,25192
12482,25193
12482,25194
12482,25195
12482,25196
12482,25197
12482,25198
12482,25199
12482,25200
12482,25201
12482,25202
12482,25203
12482,25204
12482,25205
12482,25206
12482,25207
12482,25208
12482,25209
12482,25210
12482,25211
12482,25212
12482,25213
12483,25030
12483,25031
12483,25032
12483,25033
12483,25034
12483,25035
12483,25036
12483,25037
12483,25038
12483,25039
12483,25040
12483,25041
12483,25042
12483,25043
12483,25044
12483,25045
12483,25046
12483,25047
12483,25048
12483,25049
12483,25050
12483,25051
12483,25052
12483,25053
12483,25054
12483,25055
12483,25056
12483,25057
12483,25058
12483,25059
12483,25060
12483,25061
12483,25062
12483,25063
12483,25064
12483,25065
12483,25066
12483,25067
12483,25068
12483,25069
12483,25070
12483,25071
12483,25072
12483,25073
12483,25074
12483,25075
12483,25076
12483,25077
12483,25078
12483,25079
12483,25080
12483,25081
12483,25082
12483,25083
12483,25084
12483,25085
12483,25086
12483,25087
12483,25088
12483,25089
12483,25090
12483,25091
12483,25092
12483,25093
12483,25094
12483,25095
12483,25096
12483,25097
12483,25098
12483,25099
12483,25100
12483,25101
12483,25102
12483,25103
12483,25104
12483,25105
12483,25106
12483,25107
12483,25108
12483,25109
12483,25110
12483,25111
12483,25112
12483,25113
12483,25114
12483,25115
12483,25116
12483,25117
12483,25118
12483,25119
12483,25120
12483,25121
12483,25122
12483,25123
12483,25124
12483,25125
12483,25126
12483,25127
12483,25128
12483,25129
12483,25130
12483,25131
12483,25132
12483,25133
12483,25134
12483,25135
12483,25136
12483,25137
12483,25138
12483,25139
12483,25140
12483,25141
12483,25142
12483,25143
12483,25144
12483,25145
12483,25146
12483,25147
12483,25148
12483,25149
12483,25150
12483,25151
12483,25152
12483,25153
12483,25154
12483,25155
12483,25156
12483,25157
12483,25158
12483,25159
12483,25160
12483,25161
12483,25162
12483,25163
12483,25164
12483,25165
12483,25166
12483,25167
12483,25168
12483,25169
12483,25170
12483,25171
12483,25172
12483,25173
12483,25174
12483,25175
12483,25176
12483,25177
12483,25178
12483,25179
12483,25180
12483,25181
12483,25182
12483,25183
12483,25184
12483,25185
12483,25186
12483,25187
12483,25188
12483,25189
12483,25190
12483,25191
12483,25192
12483,25193
12483,25194
12483,25195
12483,25196
12483,25197
12483,25198
12483,25199
12483,25200
12483,25201
12483,25202
12483,25203
12483,25204
12483,25205
12483,25206
12483,25207
12483,25208
12483,25209
12483,25210
12483,25211
12483,25212
12483,25213
12484,25023
12484,25024
12484,25025
12484,25030
12484,25031
12484,25032
12484,25033
12484,25034
12484,25035
12484,25036
12484,25037
12484,25038
12484,25039
12484,25040
12484,25041
12484,25042
12484,25043
12484,25044
12484,25045
12484,25046
12484,25047
12484,25048
12484,25049
12484,25050
12484,25051
12484,25052
12484,25053
12484,25054
12484,25055
12484,25056
12484,25057
12484,25058
12484,25059
12484,25060
12484,25061
12484,25062
12484,25063
12484,25064
12484,25065
12484,25066
12484,25067
12484,25068
12484,25069
12484,25070
12484,25071
12484,25072
12484,25073
12484,25074
12484,25075
12484,25076
12484,25077
12484,25078
12484,25079
12484,25080
12484,25081
12484,25082
12484,25083
12484,25084
12484,25085
12484,25086
12484,25087
12484,25088
12484,25089
12484,25090
12484,25091
12484,25092
12484,25093
12484,25094
12484,25095
12484,25096
12484,25097
12484,25098
12484,25099
12484,25100
12484,25101
12484,25102
12484,25103
12484,25104
12484,25105
12484,25106
12484,25107
12484,25108
12484,25109
12484,25110
12484,25111
12484,25112
12484,25113
12484,25114
12484,25115
12484,25116
12484,25117
12484,25118
12484,25119
12484,25120
12484,25121
12484,25122
12484,25123
12484,25124
12484,25125
12484,25126
12484,25127
12484,25128
12484,25129
12484,25130
12484,25131
12484,25132
12484,25133
12484,25134
12484,25135
12484,25136
12484,25137
12484,25138
12484,25139
12484,25140
12484,25141
12484,25142
12484,25143
12484,25144
12484,25145
12484,25146
12484,25147
12484,25148
12484,25149
12484,25150
12484,25151
12484,25152
12484,25153
12484,25154
12484,25155
12484,25156
12484,25157
12484,25158
12484,25159
12484,25160
12484,25161
12484,25162
12484,25163
12484,25164
12484,25165
12484,25166
12484,25167
12484,25168
12484,25169
12484,25170
12484,25171
12484,25172
12484,25173
12484,25174
12484,25175
12484,25176
12484,25177
12484,25178
12484,25179
12484,25180
12484,25181
12484,25182
12484,25183
12484,25184
12484,25185
12484,25186
12484,25187
12484,25188
12484,25189
12484,25190
12484,25191
12484,25192
12484,25193
12484,25194
12484,25195
12484,25196
12484,25197
12484,25198
12484,25199
12484,25200
12484,25201
12484,25202
12484,25203
12484,25204
12484,25205
12484,25206
12484,25207
12484,25208
12484,25209
12484,25210
12484,25211
12484,25212
12484,25213
12484,25214
12485,25021
12485,25022
12485,25023
12485,25024
12485,25025
12485,25026
12485,25027
12485,25028
12485,25029
12485,25030
12485,25031
12485,25032
12485,25033
12485,25034
12485,25035
12485,25036
12485,25037
12485,25038
12485,25039
12485,25040
12485,25041
12485,25042
12485,25043
12485,25044
12485,25045
12485,25046
12485,25047
12485,25048
12485,25049
12485,25050
12485,25051
12485,25052
12485,25053
12485,25054
12485,25055
12485,25056
12485,25057
12485,25058
12485,25059
12485,25060
12485,25061
12485,25062
12485,25063
12485,25064
12485,25065
12485,25066
12485,25067
12485,25068
12485,25069
12485,25070
12485,25071
12485,25072
12485,25073
12485,25074
12485,25075
12485,25076
12485,25077
12485,25078
12485,25079
12485,25080
12485,25081
12485,25082
12485,25083
12485,25084
12485,25085
12485,25086
12485,25087
12485,25088
12485,25089
12485,25090
12485,25091
12485,25092
12485,25093
12485,25094
12485,25095
12485,25096
12485,25097
12485,25098
12485,25099
12485,25100
12485,25101
12485,25102
12485,25103
12485,25104
12485,25105
12485,25106
12485,25107
12485,25108
12485,25109
12485,25110
12485,25111
12485,25112
12485,25113
12485,25114
12485,25115
12485,25116
12485,25117
12485,25118
12485,25119
12485,25120
12485,25121
12485,25122
12485,25123
12485,25124
12485,25125
12485,25126
12485,25127
12485,25128
12485,25129
12485,25130
12485,25131
12485,25132
12485,25133
12485,25134
12485,25135
12485,25136
12485,25137
12485,25138
12485,25139
12485,25140
12485,25141
12485,25142
12485,25143
12485,25144
12485,25145
12485,25146
12485,25147
12485,25148
12485,25149
12485,25150
12485,25151
12485,25152
12485,25153
12485,25154
12485,25155
12485,25156
12485,25157
12485,25158
12485,25159
12485,25160
12485,25161
12485,25162
12485,25163
12485,25164
12485,25165
12485,25166
12485,25167
12485,25168
12485,25169
12485,25170
12485,25171
12485,25172
12485,25173
12485,25174
12485,25175
12485,25176
12485,25177
12485,25178
12485,25179
12485,25180
12485,25181
12485,25182
12485,25183
12485,25184
12485,25185
12485,25186
12485,25187
12485,25188
12485,25189
12485,25190
12485,25191
12485,25192
12485,25193
12485,25194
12485,25195
12485,25196
12485,25197
12485,25198
12485,25199
12485,25200
12485,25201
12485,25202
12485,25203
12485,25204
12485,25205
12485,25206
12485,25207
12485,25208
12485,25209
12485,25210
12485,25211
12485,25212
12485,25213
12486,25020
12486,25021
12486,25022
12486,25023
12486,25024
12486,25025
12486,25026
12486,25027
12486,25028
12486,25029
12486,25030
12486,25031
12486,25032
12486,25033
12486,25034
12486,25035
12486,25036
12486,25037
12486,25038
12486,25039
12486,25040
12486,25041
12486,25042
12486,25043
12486,25044
12486,25045
12486,25046
12486,25047
12486,25048
12486,25049
12486,25050
12486,25051
12486,25052
12486,25053
12486,25054
12486,25055
12486,25056
12486,25057
12486,25058
12486,25059
12486,25060
12486,25061
12486,25062
12486,25063
12486,25064
12486,25065
12486,25066
12486,25067
12486,25068
12486,25069
12486,25070
12486,25071
12486,25072
12486,25073
12486,25074
12486,25075
12486,25076
12486,25077
12486,25078
12486,25079
12486,25080
12486,25081
12486,25082
12486,25083
12486,25084
12486,25085
12486,25086
12486,25087
12486,25088
12486,25089
12486,25090
12486,25091
12486,25092
12486,25093
12486,25094
12486,25095
12486,25096
12486,25097
12486,25098
12486,25099
12486,25100
12486,25101
12486,25102
12486,25103
12486,25104
12486,25105
12486,25106
12486,25107
12486,25108
12486,25109
12486,25110
12486,25111
12486,25112
12486,25113
12486,25114
12486,25115
12486,25116
12486,25117
12486,25118
12486,25119
12486,25120
12486,25121
12486,25122
12486,25123
12486,25124
12486,25125
12486,25126
12486,25127
12486,25128
12486,25129
12486,25130
12486,25131
12486,25132
12486,25133
12486,25134
12486,25135
12486,25136
12486,25137
12486,25138
12486,25139
12486,25140
12486,25141
12486,25142
12486,25143
12486,25144
12486,25145
12486,25146
12486,25147
12486,25148
12486,25149
12486,25150
12486,25151
12486,25152
12486,25153
12486,25154
12486,25155
12486,25156
12486,25157
12486,25158
12486,25159
12486,25160
12486,25161
12486,25162
12486,25163
12486,25164
12486,25165
12486,25166
12486,25167
12486,25168
12486,25169
12486,25170
12486,25171
12486,25172
12486,25173
12486,25174
12486,25175
12486,25176
12486,25177
12486,25178
12486,25179
12486,25180
12486,25181
12486,25182
12486,25183
12486,25184
12486,25185
12486,25186
12486,25187
12486,25188
12486,25189
12486,25190
12486,25191
12486,25192
12486,25193
12486,25194
12486,25195
12486,25196
12486,25197
12486,25198
12486,25199
12486,25200
12486,25201
12486,25202
12486,25203
12486,25204
12486,25205
12486,25206
12486,25207
12486,25208
12486,25209
12486,25210
12486,25211
12486,25212
12486,25213
12487,25019
12487,25020
12487,25021
12487,25022
12487,25023
12487,25024
12487,25025
12487,25026
12487,25027
12487,25028
12487,25029
12487,25030
12487,25031
12487,25032
12487,25033
12487,25034
12487,25035
12487,25036
12487,25037
12487,25038
12487,25039
12487,25040
12487,25041
12487,25042
12487,25043
12487,25044
12487,25045
12487,25046
12487,25047
12487,25048
12487,25049
12487,25050
12487,25051
12487,25052
12487,25053
12487,25054
12487,25055
12487,25056
12487,25057
12487,25058
12487,25059
12487,25060
12487,25061
12487,25062
12487,25063
12487,25064
12487,25065
12487,25066
12487,25067
12487,25068
12487,25069
12487,25070
12487,25071
12487,25072
12487,25073
12487,25074
12487,25075
12487,25076
12487,25077
12487,25078
12487,25079
12487,25080
12487,25081
12487,25082
12487,25083
12487,25084
12487,25085
12487,25086
12487,25087
12487,25088
12487,25089
12487,25090
12487,25091
12487,25092
12487,25093
12487,25094
12487,25095
12487,25096
12487,25097
12487,25098
12487,25099
12487,25100
12487,25101
12487,25102
12487,25103
12487,25104
12487,25105
12487,25106
12487,25107
12487,25108
12487,25109
12487,25110
12487,25111
12487,25112
12487,25113
12487,25114
12487,25115
12487,25116
12487,25117
12487,25118
12487,25119
12487,25120
12487,25121
12487,25122
12487,25123
12487,25124
12487,25125
12487,25126
12487,25127
12487,25128
12487,25129
12487,25130
12487,25131
12487,25132
12487,25133
12487,25134
12487,25135
12487,25136
12487,25137
12487,25138
12487,25139
12487,25140
12487,25141
12487,25142
12487,25143
12487,25144
12487,25145
12487,25146
12487,25147
12487,25148
12487,25149
12487,25150
12487,25151
12487,25152
12487,25153
12487,25154
12487,25155
12487,25156
12487,25157
12487,25158
12487,25159
12487,25160
12487,25161
12487,25162
12487,25163
12487,25164
12487,25165
12487,25166
12487,25167
12487,25168
12487,25169
12487,25170
12487,25171
12487,25172
12487,25173
12487,25174
12487,25175
12487,25176
12487,25177
12487,25178
12487,25179
12487,25180
12487,25181
12487,25182
12487,25183
12487,25184
12487,25185
12487,25186
12487,25187
12487,25188
12487,25189
12487,25190
12487,25191
12487,25192
12487,25193
12487,25194
12487,25195
12487,25196
12487,25197
12487,25198
12487,25199
12487,25200
12487,25201
12487,25202
12487,25203
12487,25204
12487,25205
12487,25206
12487,25207
12487,25208
12487,25209
12487,25210
12487,25211
12487,25212
12487,25213
12488,25018
12488,25019
12488,25020
12488,25021
12488,25022
12488,25023
12488,25024
12488,25025
12488,25026
12488,25027
12488,25028
12488,25029
12488,25030
12488,25031
12488,25032
12488,25033
12488,25034
12488,25035
12488,25036
12488,25037
12488,25038
12488,25039
12488,25040
12488,25041
12488,25042
12488,25043
12488,25044
12488,25045
12488,25046
12488,25047
12488,25048
12488,25049
12488,25050
12488,25051
12488,25052
12488,25053
12488,25054
12488,25055
12488,25056
12488,25057
12488,25058
12488,25059
12488,25060
12488,25061
12488,25062
12488,25063
12488,25064
12488,25065
12488,25066
12488,25067
12488,25068
12488,25069
12488,25070
12488,25071
12488,25072
12488,25073
12488,25074
12488,25075
12488,25076
12488,25077
12488,25078
12488,25079
12488,25080
12488,25081
12488,25082
12488,25083
12488,25084
12488,25085
12488,25086
12488,25087
12488,25088
12488,25089
12488,25090
12488,25091
12488,25092
12488,25093
12488,25094
12488,25095
12488,25096
12488,25097
12488,25098
12488,25099
12488,25100
12488,25101
12488,25102
12488,25103
12488,25104
12488,25105
12488,25106
12488,25107
12488,25108
12488,25109
12488,25110
12488,25111
12488,25112
12488,25113
12488,25114
12488,25115
12488,25116
12488,25117
12488,25118
12488,25119
12488,25120
12488,25121
12488,25122
12488,25123
12488,25124
12488,25125
12488,25126
12488,25127
12488,25128
12488,25129
12488,25130
12488,25131
12488,25132
12488,25133
12488,25134
12488,25135
12488,25136
12488,25137
12488,25138
12488,25139
12488,25140
12488,25141
12488,25142
12488,25143
12488,25144
12488,25145
12488,25146
12488,25147
12488,25148
12488,25149
12488,25150
12488,25151
12488,25152
12488,25153
12488,25154
12488,25155
12488,25156
12488,25157
12488,25158
12488,25159
12488,25160
12488,25161
12488,25162
12488,25163
12488,25164
12488,25165
12488,25166
12488,25167
12488,25168
12488,25169
12488,25170
12488,25171
12488,25172
12488,25173
12488,25174
12488,25175
12488,25176
12488,25177
12488,25178
12488,25179
12488,25180
12488,25181
12488,25182
12488,25183
12488,25184
12488,25185
12488,25186
12488,25187
12488,25188
12488,25189
12488,25190
12488,25191
12488,25192
12488,25193
12488,25194
12488,25195
12488,25196
12488,25197
12488,25198
12488,25199
12488,25200
12488,25201
12488,25202
12488,25203
12488,25204
12488,25205
12488,25206
12488,25207
12488,25208
12488,25209
12488,25210
12488,25211
12488,25212
12489,25018
12489,25019
12489,25020
12489,25021
12489,25022
12489,25023
12489,25024
12489,25025
12489,25026
12489,25027
12489,25028
12489,25029
12489,25030
12489,25031
12489,25032
12489,25033
12489,25034
12489,25035
12489,25036
12489,25037
12489,25038
12489,25039
12489,25040
12489,25041
12489,25042
12489,25043
12489,25044
12489,25045
12489,25046
12489,25047
12489,25048
12489,25049
12489,25050
12489,25051
12489,25052
12489,25053
12489,25054
12489,25055
12489,25056
12489,25057
12489,25058
12489,25059
12489,25060
12489,25061
12489,25062
12489,25063
12489,25064
12489,25065
12489,25066
12489,25067
12489,25068
12489,25069
12489,25070
12489,25071
12489,25072
12489,25073
12489,25074
12489,25075
12489,25076
12489,25077
12489,25078
12489,25079
12489,25080
12489,25081
12489,25082
12489,25083
12489,25084
12489,25085
12489,25086
12489,25087
12489,25088
12489,25089
12489,25090
12489,25091
12489,25092
12489,25093
12489,25094
12489,25095
12489,25096
12489,25097
12489,25098
12489,25099
12489,25100
12489,25101
12489,25102
12489,25103
12489,25104
12489,25105
12489,25106
12489,25107
12489,25108
12489,25109
12489,25110
12489,25111
12489,25112
12489,25113
12489,25114
12489,25115
12489,25116
12489,25117
12489,25118
12489,25119
12489,25120
12489,25121
12489,25122
12489,25123
12489,25124
12489,25125
12489,25126
12489,25127
12489,25128
12489,25129
12489,25130
12489,25131
12489,25132
12489,25133
12489,25134
12489,25135
12489,25136
12489,25137
12489,25138
12489,25139
12489,25140
12489,25141
12489,25142
12489,25143
12489,25144
12489,25145
12489,25146
12489,25147
12489,25148
12489,25149
12489,25150
12489,25151
12489,25152
12489,25153
12489,25154
12489,25155
12489,25156
12489,25157
12489,25158
12489,25159
12489,25160
12489,25161
12489,25162
12489,25163
12489,25164
12489,25165
12489,25166
12489,25167
12489,25168
12489,25169
12489,25170
12489,25171
12489,25172
12489,25173
12489,25174
12489,25175
12489,25176
12489,25177
12489,25178
12489,25179
12489,25180
12489,25181
12489,25182
12489,25183
12489,25184
12489,25185
12489,25186
12489,25187
12489,25188
12489,25189
12489,25190
12489,25191
12489,25192
12489,25193
12489,25194
12489,25195
12489,25196
12489,25197
12489,25198
12489,25199
12489,25200
12489,25201
12489,25202
12489,25203
12489,25204
12489,25205
12489,25206
12489,25207
12489,25208
12489,25209
12489,25210
12489,25211
12489,25212
12490,25018
12490,25019
12490,25020
12490,25021
12490,25022
12490,25023
12490,25024
12490,25025
12490,25026
12490,25027
12490,25028
12490,25029
12490,25030
12490,25031
12490,25032
12490,25033
12490,25034
12490,25035
12490,25036
12490,25037
12490,25038
12490,25039
12490,25040
12490,25041
12490,25042
12490,25043
12490,25044
12490,25045
12490,25046
12490,25047
12490,25048
12490,25049
12490,25050
12490,25051
12490,25052
12490,25053
12490,25054
12490,25055
12490,25056
12490,25057
12490,25058
12490,25059
12490,25060
12490,25061
12490,25062
12490,25063
12490,25064
12490,25065
12490,25066
12490,25067
12490,25068
12490,25069
12490,25070
12490,25071
12490,25072
12490,25073
12490,25074
12490,25075
12490,25076
12490,25077
12490,25078
12490,25079
12490,25080
12490,25081
12490,25082
12490,25083
12490,25084
12490,25085
12490,25086
12490,25087
12490,25088
12490,25089
12490,25090
12490,25091
12490,25092
12490,25093
12490,25094
12490,25095
12490,25096
12490,25097
12490,25098
12490,25099
12490,25100
12490,25101
12490,25102
12490,25103
12490,25104
12490,25105
12490,25106
12490,25107
12490,25108
12490,25109
12490,25110
12490,25111
12490,25112
12490,25113
12490,25114
12490,25115
12490,25116
12490,25117
12490,25118
12490,25119
12490,25120
12490,25121
12490,25122
12490,25123
12490,25124
12490,25125
12490,25126
12490,25127
12490,25128
12490,25129
12490,25130
12490,25131
12490,25132
12490,25133
12490,25134
12490,25135
12490,25136
12490,25137
12490,25138
12490,25139
12490,25140
12490,25141
12490,25142
12490,25143
12490,25144
12490,25145
12490,25146
12490,25147
12490,25148
12490,25149
12490,25150
12490,25151
12490,25152
12490,25153
12490,25154
12490,25155
12490,25156
12490,25157
12490,25158
12490,25159
12490,25160
12490,25161
12490,25162
12490,25163
12490,25164
12490,25165
12490,25166
12490,25167
12490,25168
12490,25169
12490,25170
12490,25171
12490,25172
12490,25173
12490,25174
12490,25175
12490,25176
12490,25177
12490,25178
12490,25179
12490,25180
12490,25181
12490,25182
12490,25183
12490,25184
12490,25185
12490,25186
12490,25187
12490,25188
12490,25189
12490,25190
12490,25191
12490,25192
12490,25193
12490,25194
12490,25195
12490,25196
12490,25197
12490,25198
12490,25199
12490,25200
12490,25201
12490,25202
12490,25203
12490,25204
12490,25205
12490,25206
12490,25207
12490,25208
12490,25209
12490,25210
12490,25211
12490,25212
12491,25017
12491,25018
12491,25019
12491,25020
12491,25021
12491,25022
12491,25023
12491,25024
12491,25025
12491,25026
12491,25027
12491,25028
12491,25029
12491,25030
12491,25031
12491,25032
12491,25033
12491,25034
12491,25035
12491,25036
12491,25037
12491,25038
12491,25039
12491,25040
12491,25041
12491,25042
12491,25043
12491,25044
12491,25045
12491,25046
12491,25047
12491,25048
12491,25049
12491,25050
12491,25051
12491,25052
12491,25053
12491,25054
12491,25055
12491,25056
12491,25057
12491,25058
12491,25059
12491,25060
12491,25061
12491,25062
12491,25063
12491,25064
12491,25065
12491,25066
12491,25067
12491,25068
12491,25069
12491,25070
12491,25071
12491,25072
12491,25073
12491,25074
12491,25075
12491,25076
12491,25077
12491,25078
12491,25079
12491,25080
12491,25081
12491,25082
12491,25083
12491,25084
12491,25085
12491,25086
12491,25087
12491,25088
12491,25089
12491,25090
12491,25091
12491,25092
12491,25093
12491,25094
12491,25095
12491,25096
12491,25097
12491,25098
12491,25099
12491,25100
12491,25101
12491,25102
12491,25103
12491,25104
12491,25105
12491,25106
12491,25107
12491,25108
12491,25109
12491,25110
12491,25111
12491,25112
12491,25113
12491,25114
12491,25115
12491,25116
12491,25117
12491,25118
12491,25119
12491,25120
12491,25121
12491,25122
12491,25123
12491,25124
12491,25125
12491,25126
12491,25127
12491,25128
12491,25129
12491,25130
12491,25131
12491,25132
12491,25133
12491,25134
12491,25135
12491,25136
12491,25137
12491,25138
12491,25139
12491,25140
12491,25141
12491,25142
12491,25143
12491,25144
12491,25145
12491,25146
12491,25147
12491,25148
12491,25149
12491,25150
12491,25151
12491,25152
12491,25153
12491,25154
12491,25155
12491,25156
12491,25157
12491,25158
12491,25159
12491,25160
12491,25161
12491,25162
12491,25163
12491,25164
12491,25165
12491,25166
12491,25167
12491,25168
12491,25169
12491,25170
12491,25171
12491,25172
12491,25173
12491,25174
12491,25175
12491,25176
12491,25177
12491,25178
12491,25179
12491,25180
12491,25181
12491,25182
12491,25183
12491,25184
12491,25185
12491,25186
12491,25187
12491,25188
12491,25189
12491,25190
12491,25191
12491,25192
12491,25193
12491,25194
12491,25195
12491,25196
12491,25197
12491,25198
12491,25199
12491,25200
12491,25201
12491,25202
12491,25203
12491,25204
12491,25205
12491,25206
12491,25207
12491,25208
12491,25209
12491,25210
12491,25211
12491,25212
12491,25213
12492,25018
12492,25019
12492,25020
12492,25021
12492,25022
12492,25023
12492,25024
12492,25025
12492,25026
12492,25027
12492,25028
12492,25029
12492,25030
12492,25031
12492,25032
12492,25033
12492,25034
12492,25035
12492,25036
12492,25037
12492,25038
12492,25039
12492,25040
12492,25041
12492,25042
12492,25043
12492,25044
12492,25045
12492,25046
12492,25047
12492,25048
12492,25049
12492,25050
12492,25051
12492,25052
12492,25053
12492,25054
12492,25055
12492,25056
12492,25057
12492,25058
12492,25059
12492,25060
12492,25061
12492,25062
12492,25063
12492,25064
12492,25065
12492,25066
12492,25067
12492,25068
12492,25069
12492,25070
12492,25071
12492,25072
12492,25073
12492,25074
12492,25075
12492,25076
12492,25077
12492,25078
12492,25079
12492,25080
12492,25081
12492,25082
12492,25083
12492,25084
12492,25085
12492,25086
12492,25087
12492,25088
12492,25089
12492,25090
12492,25091
12492,25092
12492,25093
12492,25094
12492,25095
12492,25096
12492,25097
12492,25098
12492,25099
12492,25100
12492,25101
12492,25102
12492,25103
12492,25104
12492,25105
12492,25106
12492,25107
12492,25108
12492,25109
12492,25110
12492,25111
12492,25112
12492,25113
12492,25114
12492,25115
12492,25116
12492,25117
12492,25118
12492,25119
12492,25120
12492,25121
12492,25122
12492,25123
12492,25124
12492,25125
12492,25126
12492,25127
12492,25128
12492,25129
12492,25130
12492,25131
12492,25132
12492,25133
12492,25134
12492,25135
12492,25136
12492,25137
12492,25138
12492,25139
12492,25140
12492,25141
12492,25142
12492,25143
12492,25144
12492,25145
12492,25146
12492,25147
12492,25148
12492,25149
12492,25150
12492,25151
12492,25152
12492,25153
12492,25154
12492,25155
12492,25156
12492,25157
12492,25158
12492,25159
12492,25160
12492,25161
12492,25162
12492,25163
12492,25164
12492,25165
12492,25166
12492,25167
12492,25168
12492,25169
12492,25170
12492,25171
12492,25172
12492,25173
12492,25174
12492,25175
12492,25176
12492,25177
12492,25178
12492,25179
12492,25180
12492,25181
12492,25182
12492,25183
12492,25184
12492,25185
12492,25186
12492,25187
12492,25188
12492,25189
12492,25190
12492,25191
12492,25192
12492,25193
12492,25194
12492,25195
12492,25196
12492,25197
12492,25198
12492,25199
12492,25200
12492,25201
12492,25202
12492,25203
12492,25204
12492,25205
12492,25206
12492,25207
12492,25208
12492,25209
12492,25210
12492,25211
12492,25212
12493,25018
12493,25019
12493,25020
12493,25021
12493,25022
12493,25023
12493,25024
12493,25025
12493,25026
12493,25027
12493,25028
12493,25029
12493,25030
12493,25031
12493,25032
12493,25033
12493,25034
12493,25035
12493,25036
12493,25037
12493,25038
12493,25039
12493,25040
12493,25041
12493,25042
12493,25043
12493,25044
12493,25045
12493,25046
12493,25047
12493,25048
12493,25049
12493,25050
12493,25051
12493,25052
12493,25053
12493,25054
12493,25055
12493,25056
12493,25057
12493,25058
12493,25059
12493,25060
12493,25061
12493,25062
12493,25063
12493,25064
12493,25065
12493,25066
12493,25067
12493,25068
12493,25069
12493,25070
12493,25071
12493,25072
12493,25073
12493,25074
12493,25075
12493,25076
12493,25077
12493,25078
12493,25079
12493,25080
12493,25081
12493,25082
12493,25083
12493,25084
12493,25085
12493,25086
12493,25087
12493,25088
12493,25089
12493,25090
12493,25091
12493,25092
12493,25093
12493,25094
12493,25095
12493,25096
12493,25097
12493,25098
12493,25099
12493,25100
12493,25101
12493,25102
12493,25103
12493,25104
12493,25105
12493,25106
12493,25107
12493,25108
12493,25109
12493,25110
12493,25111
12493,25112
12493,25113
12493,25114
12493,25115
12493,25116
12493,25117
12493,25118
12493,25119
12493,25120
12493,25121
12493,25122
12493,25123
12493,25124
12493,25125
12493,25126
12493,25127
12493,25128
12493,25129
12493,25130
12493,25131
12493,25132
12493,25133
12493,25134
12493,25135
12493,25136
12493,25137
12493,25138
12493,25139
12493,25140
12493,25141
12493,25142
12493,25143
12493,25144
12493,25145
12493,25146
12493,25147
12493,25148
12493,25149
12493,25150
12493,25151
12493,25152
12493,25153
12493,25154
12493,25155
12493,25156
12493,25157
12493,25158
12493,25159
12493,25160
12493,25161
12493,25162
12493,25163
12493,25164
12493,25165
12493,25166
12493,25167
12493,25168
12493,25169
12493,25170
12493,25171
12493,25172
12493,25173
12493,25174
12493,25175
12493,25176
12493,25177
12493,25178
12493,25179
12493,25180
12493,25181
12493,25182
12493,25183
12493,25184
12493,25185
12493,25186
12493,25187
12493,25188
12493,25189
12493,25190
12493,25191
12493,25192
12493,25193
12493,25194
12493,25195
12493,25196
12493,25197
12493,25198
12493,25199
12493,25200
12493,25201
12493,25202
12493,25203
12493,25204
12493,25205
12493,25206
12493,25207
12493,25208
12493,25209
12493,25210
12493,25211
12493,25212
12494,25018
12494,25019
12494,25020
12494,25021
12494,25022
12494,25023
12494,25024
12494,25025
12494,25026
12494,25027
12494,25028
12494,25029
12494,25030
12494,25031
12494,25032
12494,25033
12494,25034
12494,25035
12494,25036
12494,25037
12494,25038
12494,25039
12494,25040
12494,25041
12494,25042
12494,25043
12494,25044
12494,25045
12494,25046
12494,25047
12494,25048
12494,25049
12494,25050
12494,25051
12494,25052
12494,25053
12494,25054
12494,25055
12494,25056
12494,25057
12494,25058
12494,25059
12494,25060
12494,25061
12494,25062
12494,25063
12494,25064
12494,25065
12494,25066
12494,25067
12494,25068
12494,25069
12494,25070
12494,25071
12494,25072
12494,25073
12494,25074
12494,25075
12494,25076
12494,25077
12494,25078
12494,25079
12494,25080
12494,25081
12494,25082
12494,25083
12494,25084
12494,25085
12494,25086
12494,25087
12494,25088
12494,25089
12494,25090
12494,25091
12494,25092
12494,25093
12494,25094
12494,25095
12494,25096
12494,25097
12494,25098
12494,25099
12494,25100
12494,25101
12494,25102
12494,25103
12494,25104
12494,25105
12494,25106
12494,25107
12494,25108
12494,25109
12494,25110
12494,25111
12494,25112
12494,25113
12494,25114
12494,25115
12494,25116
12494,25117
12494,25118
12494,25119
12494,25120
12494,25121
12494,25122
12494,25123
12494,25124
12494,25125
12494,25126
12494,25127
12494,25128
12494,25129
12494,25130
12494,25131
12494,25132
12494,25133
12494,25134
12494,25135
12494,25136
12494,25137
12494,25138
12494,25139
12494,25140
12494,25141
12494,25142
12494,25143
12494,25144
12494,25145
12494,25146
12494,25147
12494,25148
12494,25149
12494,25150
12494,25151
12494,25152
12494,25153
12494,25154
12494,25155
12494,25156
12494,25157
12494,25158
12494,25159
12494,25160
12494,25161
12494,25162
12494,25163
12494,25164
12494,25165
12494,25166
12494,25167
12494,25168
12494,25169
12494,25170
12494,25171
12494,25172
12494,25173
12494,25174
12494,25175
12494,25176
12494,25177
12494,25178
12494,25179
12494,25180
12494,25181
12494,25182
12494,25183
12494,25184
12494,25185
12494,25186
12494,25187
12494,25188
12494,25189
12494,25190
12494,25191
12494,25192
12494,25193
12494,25194
12494,25195
12494,25196
12494,25197
12494,25198
12494,25199
12494,25200
12494,25201
12494,25202
12494,25203
12494,25204
12494,25205
12494,25206
12494,25207
12494,25208
12494,25209
12494,25210
12494,25211
12494,25212
12494,25213
12495,25019
12495,25020
12495,25021
12495,25022
12495,25023
12495,25024
12495,25025
12495,25026
12495,25027
12495,25028
12495,25029
12495,25030
12495,25031
12495,25032
12495,25033
12495,25034
12495,25035
12495,25036
12495,25037
12495,25038
12495,25039
12495,25040
12495,25041
12495,25042
12495,25043
12495,25044
12495,25045
12495,25046
12495,25047
12495,25048
12495,25049
12495,25050
12495,25051
12495,25052
12495,25053
12495,25054
12495,25055
12495,25056
12495,25057
12495,25058
12495,25059
12495,25060
12495,25061
12495,25062
12495,25063
12495,25064
12495,25065
12495,25066
12495,25067
12495,25068
12495,25069
12495,25070
12495,25071
12495,25072
12495,25073
12495,25074
12495,25075
12495,25076
12495,25077
12495,25078
12495,25079
12495,25080
12495,25081
12495,25082
12495,25083
12495,25084
12495,25085
12495,25086
12495,25087
12495,25088
12495,25089
12495,25090
12495,25091
12495,25092
12495,25093
12495,25094
12495,25095
12495,25096
12495,25097
12495,25098
12495,25099
12495,25100
12495,25101
12495,25102
12495,25103
12495,25104
12495,25105
12495,25106
12495,25107
12495,25108
12495,25109
12495,25110
12495,25111
12495,25112
12495,25113
12495,25114
12495,25115
12495,25116
12495,25117
12495,25118
12495,25119
12495,25120
12495,25121
12495,25122
12495,25123
12495,25124
12495,25125
12495,25126
12495,25127
12495,25128
12495,25129
12495,25130
12495,25131
12495,25132
12495,25133
12495,25134
12495,25135
12495,25136
12495,25137
12495,25138
12495,25139
12495,25140
12495,25141
12495,25142
12495,25143
12495,25144
12495,25145
12495,25146
12495,25147
12495,25148
12495,25149
12495,25150
12495,25151
12495,25152
12495,25153
12495,25154
12495,25155
12495,25156
12495,25157
12495,25158
12495,25159
12495,25160
12495,25161
12495,25162
12495,25163
12495,25164
12495,25165
12495,25166
12495,25167
12495,25168
12495,25169
12495,25170
12495,25171
12495,25172
12495,25173
12495,25174
12495,25175
12495,25176
12495,25177
12495,25178
12495,25179
12495,25180
12495,25181
12495,25182
12495,25183
12495,25184
12495,25185
12495,25186
12495,25187
12495,25188
12495,25189
12495,25190
12495,25191
12495,25192
12495,25193
12495,25194
12495,25195
12495,25196
12495,25197
12495,25198
12495,25199
12495,25200
12495,25201
12495,25202
12495,25203
12495,25204
12495,25205
12495,25206
12495,25207
12495,25208
12495,25209
12495,25210
12495,25211
12495,25212
12495,25213
12496,25020
12496,25021
12496,25022
12496,25023
12496,25024
12496,25025
12496,25026
12496,25027
12496,25028
12496,25029
12496,25030
12496,25031
12496,25032
12496,25033
12496,25034
12496,25035
12496,25036
12496,25037
12496,25038
12496,25039
12496,25040
12496,25041
12496,25042
12496,25043
12496,25044
12496,25045
12496,25046
12496,25047
12496,25048
12496,25049
12496,25050
12496,25051
12496,25052
12496,25053
12496,25054
12496,25055
12496,25056
12496,25057
12496,25058
12496,25059
12496,25060
12496,25061
12496,25062
12496,25063
12496,25064
12496,25065
12496,25066
12496,25067
12496,25068
12496,25069
12496,25070
12496,25071
12496,25072
12496,25073
12496,25074
12496,25075
12496,25076
12496,25077
12496,25078
12496,25079
12496,25080
12496,25081
12496,25082
12496,25083
12496,25084
12496,25085
12496,25086
12496,25087
12496,25088
12496,25089
12496,25090
12496,25091
12496,25092
12496,25093
12496,25094
12496,25095
12496,25096
12496,25097
12496,25098
12496,25099
12496,25100
12496,25101
12496,25102
12496,25103
12496,25104
12496,25105
12496,25106
12496,25107
12496,25108
12496,25109
12496,25110
12496,25111
12496,25112
12496,25113
12496,25114
12496,25115
12496,25116
12496,25117
12496,25118
12496,25119
12496,25120
12496,25121
12496,25122
12496,25123
12496,25124
12496,25125
12496,25126
12496,25127
12496,25128
12496,25129
12496,25130
12496,25131
12496,25132
12496,25133
12496,25134
12496,25135
12496,25136
12496,25137
12496,25138
12496,25139
12496,25140
12496,25141
12496,25142
12496,25143
12496,25144
12496,25145
12496,25146
12496,25147
12496,25148
12496,25149
12496,25150
12496,25151
12496,25152
12496,25153
12496,25154
12496,25155
12496,25156
12496,25157
12496,25158
12496,25159
12496,25160
12496,25161
12496,25162
12496,25163
12496,25164
12496,25165
12496,25166
12496,25167
12496,25168
12496,25169
12496,25170
12496,25171
12496,25172
12496,25173
12496,25174
12496,25175
12496,25176
12496,25177
12496,25178
12496,25179
12496,25180
12496,25181
12496,25182
12496,25183
12496,25184
12496,25185
12496,25186
12496,25187
12496,25188
12496,25189
12496,25190
12496,25191
12496,25192
12496,25193
12496,25194
12496,25195
12496,25196
12496,25197
12496,25198
12496,25199
12496,25200
12496,25201
12496,25202
12496,25203
12496,25204
12496,25205
12496,25206
12496,25207
12496,25208
12496,25209
12496,25210
12496,25211
12496,25212
12496,25213
12497,25022
12497,25023
12497,25024
12497,25025
12497,25026
12497,25027
12497,25028
12497,25029
12497,25030
12497,25031
12497,25032
12497,25033
12497,25034
12497,25035
12497,25036
12497,25037
12497,25038
12497,25039
12497,25040
12497,25041
12497,25042
12497,25043
12497,25044
12497,25045
12497,25046
12497,25047
12497,25048
12497,25049
12497,25050
12497,25051
12497,25052
12497,25053
12497,25054
12497,25055
12497,25056
12497,25057
12497,25058
12497,25059
12497,25060
12497,25061
12497,25062
12497,25063
12497,25064
12497,25065
12497,25066
12497,25067
12497,25068
12497,25069
12497,25070
12497,25071
12497,25072
12497,25073
12497,25074
12497,25075
12497,25076
12497,25077
12497,25078
12497,25079
12497,25080
12497,25081
12497,25082
12497,25083
12497,25084
12497,25085
12497,25086
12497,25087
12497,25088
12497,25089
12497,25090
12497,25091
12497,25092
12497,25093
12497,25094
12497,25095
12497,25096
12497,25097
12497,25098
12497,25099
12497,25100
12497,25101
12497,25102
12497,25103
12497,25104
12497,25105
12497,25106
12497,25107
12497,25108
12497,25109
12497,25110
12497,25111
12497,25112
12497,25113
12497,25114
12497,25115
12497,25116
12497,25117
12497,25118
12497,25119
12497,25120
12497,25121
12497,25122
12497,25123
12497,25124
12497,25125
12497,25126
12497,25127
12497,25128
12497,25129
12497,25130
12497,25131
12497,25132
12497,25133
12497,25134
12497,25135
12497,25136
12497,25137
12497,25138
12497,25139
12497,25140
12497,25141
12497,25142
12497,25143
12497,25144
12497,25145
12497,25146
12497,25147
12497,25148
12497,25149
12497,25150
12497,25151
12497,25152
12497,25153
12497,25154
12497,25155
12497,25156
12497,25157
12497,25158
12497,25159
12497,25160
12497,25161
12497,25162
12497,25163
12497,25164
12497,25165
12497,25166
12497,25167
12497,25168
12497,25169
12497,25170
12497,25171
12497,25172
12497,25173
12497,25174
12497,25175
12497,25176
12497,25177
12497,25178
12497,25179
12497,25180
12497,25181
12497,25182
12497,25183
12497,25184
12497,25185
12497,25186
12497,25187
12497,25188
12497,25189
12497,25190
12497,25191
12497,25192
12497,25193
12497,25194
12497,25195
12497,25196
12497,25197
12497,25198
12497,25199
12497,25200
12497,25201
12497,25202
12497,25203
12497,25204
12497,25205
12497,25206
12497,25207
12497,25208
12497,25209
12497,25210
12497,25211
12497,25212
12497,25213
12498,25021
12498,25022
12498,25023
12498,25024
12498,25025
12498,25026
12498,25027
12498,25028
12498,25029
12498,25030
12498,25031
12498,25032
12498,25033
12498,25034
12498,25035
12498,25036
12498,25037
12498,25038
12498,25039
12498,25040
12498,25041
12498,25042
12498,25043
12498,25044
12498,25045
12498,25046
12498,25047
12498,25048
12498,25049
12498,25050
12498,25051
12498,25052
12498,25053
12498,25054
12498,25055
12498,25056
12498,25057
12498,25058
12498,25059
12498,25060
12498,25061
12498,25062
12498,25063
12498,25064
12498,25065
12498,25066
12498,25067
12498,25068
12498,25069
12498,25070
12498,25071
12498,25072
12498,25073
12498,25074
12498,25075
12498,25076
12498,25077
12498,25078
12498,25079
12498,25080
12498,25081
12498,25082
12498,25083
12498,25084
12498,25085
12498,25086
12498,25087
12498,25088
12498,25089
12498,25090
12498,25091
12498,25092
12498,25093
12498,25094
12498,25095
12498,25096
12498,25097
12498,25098
12498,25099
12498,25100
12498,25101
12498,25102
12498,25103
12498,25104
12498,25105
12498,25106
12498,25107
12498,25108
12498,25109
12498,25110
12498,25111
12498,25112
12498,25113
12498,25114
12498,25115
12498,25116
12498,25117
12498,25118
12498,25119
12498,25120
12498,25121
12498,25122
12498,25123
12498,25124
12498,25125
12498,25126
12498,25127
12498,25128
12498,25129
12498,25130
12498,25131
12498,25132
12498,25133
12498,25134
12498,25135
12498,25136
12498,25137
12498,25138
12498,25139
12498,25140
12498,25141
12498,25142
12498,25143
12498,25144
12498,25145
12498,25146
12498,25147
12498,25148
12498,25149
12498,25150
12498,25151
12498,25152
12498,25153
12498,25154
12498,25155
12498,25156
12498,25157
12498,25158
12498,25159
12498,25160
12498,25161
12498,25162
12498,25163
12498,25164
12498,25165
12498,25166
12498,25167
12498,25168
12498,25169
12498,25170
12498,25171
12498,25172
12498,25173
12498,25174
12498,25175
12498,25176
12498,25177
12498,25178
12498,25179
12498,25180
12498,25181
12498,25182
12498,25183
12498,25184
12498,25185
12498,25186
12498,25187
12498,25188
12498,25189
12498,25190
12498,25191
12498,25192
12498,25193
12498,25194
12498,25195
12498,25196
12498,25197
12498,25198
12498,25199
12498,25200
12498,25201
12498,25202
12498,25203
12498,25204
12498,25205
12498,25206
12498,25207
12498,25208
12498,25209
12498,25210
12498,25211
12498,25212
12498,25213
12499,25020
12499,25021
12499,25022
12499,25023
12499,25024
12499,25025
12499,25026
12499,25027
12499,25028
12499,25029
12499,25030
12499,25031
12499,25032
12499,25033
12499,25034
12499,25035
12499,25036
12499,25037
12499,25038
12499,25039
12499,25040
12499,25041
12499,25042
12499,25043
12499,25044
12499,25045
12499,25046
12499,25047
12499,25048
12499,25049
12499,25050
12499,25051
12499,25052
12499,25053
12499,25054
12499,25055
12499,25056
12499,25057
12499,25058
12499,25059
12499,25060
12499,25061
12499,25062
12499,25063
12499,25064
12499,25065
12499,25066
12499,25067
12499,25068
12499,25069
12499,25070
12499,25071
12499,25072
12499,25073
12499,25074
12499,25075
12499,25076
12499,25077
12499,25078
12499,25079
12499,25080
12499,25081
12499,25082
12499,25083
12499,25084
12499,25085
12499,25086
12499,25087
12499,25088
12499,25089
12499,25090
12499,25091
12499,25092
12499,25093
12499,25094
12499,25095
12499,25096
12499,25097
12499,25098
12499,25099
12499,25100
12499,25101
12499,25102
12499,25103
12499,25104
12499,25105
12499,25106
12499,25107
12499,25108
12499,25109
12499,25110
12499,25111
12499,25112
12499,25113
12499,25114
12499,25115
12499,25116
12499,25117
12499,25118
12499,25119
12499,25120
12499,25121
12499,25122
12499,25123
12499,25124
12499,25125
12499,25126
12499,25127
12499,25128
12499,25129
12499,25130
12499,25131
12499,25132
12499,25133
12499,25134
12499,25135
12499,25136
12499,25137
12499,25138
12499,25139
12499,25140
12499,25141
12499,25142
12499,25143
12499,25144
12499,25145
12499,25146
12499,25147
12499,25148
12499,25149
12499,25150
12499,25151
12499,25152
12499,25153
12499,25154
12499,25155
12499,25156
12499,25157
12499,25158
12499,25159
12499,25160
12499,25161
12499,25162
12499,25163
12499,25164
12499,25165
12499,25166
12499,25167
12499,25168
12499,25169
12499,25170
12499,25171
12499,25172
12499,25173
12499,25174
12499,25175
12499,25176
12499,25177
12499,25178
12499,25179
12499,25180
12499,25181
12499,25182
12499,25183
12499,25184
12499,25185
12499,25186
12499,25187
12499,25188
12499,25189
12499,25190
12499,25191
12499,25192
12499,25193
12499,25194
12499,25195
12499,25196
12499,25197
12499,25198
12499,25199
12499,25200
12499,25201
12499,25202
12499,25203
12499,25204
12499,25205
12499,25206
12499,25207
12499,25208
12499,25209
12499,25210
12499,25211
12499,25212
12499,25213
12500,25019
12500,25020
12500,25021
12500,25022
12500,25023
12500,25024
12500,25025
12500,25026
12500,25027
12500,25028
12500,25029
12500,25030
12500,25031
12500,25032
12500,25033
12500,25034
12500,25035
12500,25036
12500,25037
12500,25038
12500,25039
12500,25040
12500,25041
12500,25042
12500,25043
12500,25044
12500,25045
12500,25046
12500,25047
12500,25048
12500,25049
12500,25050
12500,25051
12500,25052
12500,25053
12500,25054
12500,25055
12500,25056
12500,25057
12500,25058
12500,25059
12500,25060
12500,25061
12500,25062
12500,25063
12500,25064
12500,25065
12500,25066
12500,25067
12500,25068
12500,25069
12500,25070
12500,25071
12500,25072
12500,25073
12500,25074
12500,25075
12500,25076
12500,25077
12500,25078
12500,25079
12500,25080
12500,25081
12500,25082
12500,25083
12500,25084
12500,25085
12500,25086
12500,25087
12500,25088
12500,25089
12500,25090
12500,25091
12500,25092
12500,25093
12500,25094
12500,25095
12500,25096
12500,25097
12500,25098
12500,25099
12500,25100
12500,25101
12500,25102
12500,25103
12500,25104
12500,25105
12500,25106
12500,25107
12500,25108
12500,25109
12500,25110
12500,25111
12500,25112
12500,25113
12500,25114
12500,25115
12500,25116
12500,25117
12500,25118
12500,25119
12500,25120
12500,25121
12500,25122
12500,25123
12500,25124
12500,25125
12500,25126
12500,25127
12500,25128
12500,25129
12500,25130
12500,25131
12500,25132
12500,25133
12500,25134
12500,25135
12500,25136
12500,25137
12500,25138
12500,25139
12500,25140
12500,25141
12500,25142
12500,25143
12500,25144
12500,25145
12500,25146
12500,25147
12500,25148
12500,25149
12500,25150
12500,25151
12500,25152
12500,25153
12500,25154
12500,25155
12500,25156
12500,25157
12500,25158
12500,25159
12500,25160
12500,25161
12500,25162
12500,25163
12500,25164
12500,25165
12500,25166
12500,25167
12500,25168
12500,25169
12500,25170
12500,25171
12500,25172
12500,25173
12500,25174
12500,25175
12500,25176
12500,25177
12500,25178
12500,25179
12500,25180
12500,25181
12500,25182
12500,25183
12500,25184
12500,25185
12500,25186
12500,25187
12500,25188
12500,25189
12500,25190
12500,25191
12500,25192
12500,25193
12500,25194
12500,25195
12500,25196
12500,25197
12500,25198
12500,25199
12500,25200
12500,25201
12500,25202
12500,25203
12500,25204
12500,25205
12500,25206
12500,25207
12500,25208
12500,25209
12500,25210
12500,25211
12500,25212
12500,25213
12501,25018
12501,25019
12501,25020
12501,25021
12501,25022
12501,25023
12501,25024
12501,25025
12501,25026
12501,25027
12501,25028
12501,25029
12501,25030
12501,25031
12501,25032
12501,25033
12501,25034
12501,25035
12501,25036
12501,25037
12501,25038
12501,25039
12501,25040
12501,25041
12501,25042
12501,25043
12501,25044
12501,25045
12501,25046
12501,25047
12501,25048
12501,25049
12501,25050
12501,25051
12501,25052
12501,25053
12501,25054
12501,25055
12501,25056
12501,25057
12501,25058
12501,25059
12501,25060
12501,25061
12501,25062
12501,25063
12501,25064
12501,25065
12501,25066
12501,25067
12501,25068
12501,25069
12501,25070
12501,25071
12501,25072
12501,25073
12501,25074
12501,25075
12501,25076
12501,25077
12501,25078
12501,25079
12501,25080
12501,25081
12501,25082
12501,25083
12501,25084
12501,25085
12501,25086
12501,25087
12501,25088
12501,25089
12501,25090
12501,25091
12501,25092
12501,25093
12501,25094
12501,25095
12501,25096
12501,25097
12501,25098
12501,25099
12501,25100
12501,25101
12501,25102
12501,25103
12501,25104
12501,25105
12501,25106
12501,25107
12501,25108
12501,25109
12501,25110
12501,25111
12501,25112
12501,25113
12501,25114
12501,25115
12501,25116
12501,25117
12501,25118
12501,25119
12501,25120
12501,25121
12501,25122
12501,25123
12501,25124
12501,25125
12501,25126
12501,25127
12501,25128
12501,25129
12501,25130
12501,25131
12501,25132
12501,25133
12501,25134
12501,25135
12501,25136
12501,25137
12501,25138
12501,25139
12501,25140
12501,25141
12501,25142
12501,25143
12501,25144
12501,25145
12501,25146
12501,25147
12501,25148
12501,25149
12501,25150
12501,25151
12501,25152
12501,25153
12501,25154
12501,25155
12501,25156
12501,25157
12501,25158
12501,25159
12501,25160
12501,25161
12501,25162
12501,25163
12501,25164
12501,25165
12501,25166
12501,25167
12501,25168
12501,25169
12501,25170
12501,25171
12501,25172
12501,25173
12501,25174
12501,25175
12501,25176
12501,25177
12501,25178
12501,25179
12501,25180
12501,25181
12501,25182
12501,25183
12501,25184
12501,25185
12501,25186
12501,25187
12501,25188
12501,25189
12501,25190
12501,25191
12501,25192
12501,25193
12501,25194
12501,25195
12501,25196
12501,25197
12501,25198
12501,25199
12501,25200
12501,25201
12501,25202
12501,25203
12501,25204
12501,25205
12501,25206
12501,25207
12501,25208
12501,25209
12501,25210
12501,25211
12501,25212
12502,25017
12502,25018
12502,25019
12502,25020
12502,25021
12502,25022
12502,25023
12502,25024
12502,25025
12502,25026
12502,25027
12502,25028
12502,25029
12502,25030
12502,25031
12502,25032
12502,25033
12502,25034
12502,25035
12502,25036
12502,25037
12502,25038
12502,25039
12502,25040
12502,25041
12502,25042
12502,25043
12502,25044
12502,25045
12502,25046
12502,25047
12502,25048
12502,25049
12502,25050
12502,25051
12502,25052
12502,25053
12502,25054
12502,25055
12502,25056
12502,25057
12502,25058
12502,25059
12502,25060
12502,25061
12502,25062
12502,25063
12502,25064
12502,25065
12502,25066
12502,25067
12502,25068
12502,25069
12502,25070
12502,25071
12502,25072
12502,25073
12502,25074
12502,25075
12502,25076
12502,25077
12502,25078
12502,25079
12502,25080
12502,25081
12502,25082
12502,25083
12502,25084
12502,25085
12502,25086
12502,25087
12502,25088
12502,25089
12502,25090
12502,25091
12502,25092
12502,25093
12502,25094
12502,25095
12502,25096
12502,25097
12502,25098
12502,25099
12502,25100
12502,25101
12502,25102
12502,25103
12502,25104
12502,25105
12502,25106
12502,25107
12502,25108
12502,25109
12502,25110
12502,25111
12502,25112
12502,25113
12502,25114
12502,25115
12502,25116
12502,25117
12502,25118
12502,25119
12502,25120
12502,25121
12502,25122
12502,25123
12502,25124
12502,25125
12502,25126
12502,25127
12502,25128
12502,25129
12502,25130
12502,25131
12502,25132
12502,25133
12502,25134
12502,25135
12502,25136
12502,25137
12502,25138
12502,25139
12502,25140
12502,25141
12502,25142
12502,25143
12502,25144
12502,25145
12502,25146
12502,25147
12502,25148
12502,25149
12502,25150
12502,25151
12502,25152
12502,25153
12502,25154
12502,25155
12502,25156
12502,25157
12502,25158
12502,25159
12502,25160
12502,25161
12502,25162
12502,25163
12502,25164
12502,25165
12502,25166
12502,25167
12502,25168
12502,25169
12502,25170
12502,25171
12502,25172
12502,25173
12502,25174
12502,25175
12502,25176
12502,25177
12502,25178
12502,25179
12502,25180
12502,25181
12502,25182
12502,25183
12502,25184
12502,25185
12502,25186
12502,25187
12502,25188
12502,25189
12502,25190
12502,25191
12502,25192
12502,25193
12502,25194
12502,25195
12502,25196
12502,25197
12502,25198
12502,25199
12502,25200
12502,25201
12502,25202
12502,25203
12502,25204
12502,25205
12502,25206
12502,25207
12502,25208
12502,25209
12502,25210
12502,25211
12502,25212
12503,25016
12503,25017
12503,25018
12503,25019
12503,25020
12503,25021
12503,25022
12503,25023
12503,25024
12503,25025
12503,25026
12503,25027
12503,25028
12503,25029
12503,25030
12503,25031
12503,25032
12503,25033
12503,25034
12503,25035
12503,25036
12503,25037
12503,25038
12503,25039
12503,25040
12503,25041
12503,25042
12503,25043
12503,25044
12503,25045
12503,25046
12503,25047
12503,25048
12503,25049
12503,25050
12503,25051
12503,25052
12503,25053
12503,25054
12503,25055
12503,25056
12503,25057
12503,25058
12503,25059
12503,25060
12503,25061
12503,25062
12503,25063
12503,25064
12503,25065
12503,25066
12503,25067
12503,25068
12503,25069
12503,25070
12503,25071
12503,25072
12503,25073
12503,25074
12503,25075
12503,25076
12503,25077
12503,25078
12503,25079
12503,25080
12503,25081
12503,25082
12503,25083
12503,25084
12503,25085
12503,25086
12503,25087
12503,25088
12503,25089
12503,25090
12503,25091
12503,25092
12503,25093
12503,25094
12503,25095
12503,25096
12503,25097
12503,25098
12503,25099
12503,25100
12503,25101
12503,25102
12503,25103
12503,25104
12503,25105
12503,25106
12503,25107
12503,25108
12503,25109
12503,25110
12503,25111
12503,25112
12503,25113
12503,25114
12503,25115
12503,25116
12503,25117
12503,25118
12503,25119
12503,25120
12503,25121
12503,25122
12503,25123
12503,25124
12503,25125
12503,25126
12503,25127
12503,25128
12503,25129
12503,25130
12503,25131
12503,25132
12503,25133
12503,25134
12503,25135
12503,25136
12503,25137
12503,25138
12503,25139
12503,25140
12503,25141
12503,25142
12503,25143
12503,25144
12503,25145
12503,25146
12503,25147
12503,25148
12503,25149
12503,25150
12503,25151
12503,25152
12503,25153
12503,25154
12503,25155
12503,25156
12503,25157
12503,25158
12503,25159
12503,25160
12503,25161
12503,25162
12503,25163
12503,25164
12503,25165
12503,25166
12503,25167
12503,25168
12503,25169
12503,25170
12503,25171
12503,25172
12503,25173
12503,25174
12503,25175
12503,25176
12503,25177
12503,25178
12503,25179
12503,25180
12503,25181
12503,25182
12503,25183
12503,25184
12503,25185
12503,25186
12503,25187
12503,25188
12503,25189
12503,25190
12503,25191
12503,25192
12503,25193
12503,25194
12503,25195
12503,25196
12503,25197
12503,25198
12503,25199
12503,25200
12503,25201
12503,25202
12503,25203
12503,25204
12503,25205
12503,25206
12503,25207
12503,25208
12503,25209
12503,25210
12503,25211
12503,25212
12504,25016
12504,25017
12504,25018
12504,25019
12504,25020
12504,25021
12504,25022
12504,25023
12504,25024
12504,25025
12504,25026
12504,25027
12504,25028
12504,25029
12504,25030
12504,25031
12504,25032
12504,25033
12504,25034
12504,25035
12504,25036
12504,25037
12504,25038
12504,25039
12504,25040
12504,25041
12504,25042
12504,25043
12504,25044
12504,25045
12504,25046
12504,25047
12504,25048
12504,25049
12504,25050
12504,25051
12504,25052
12504,25053
12504,25054
12504,25055
12504,25056
12504,25057
12504,25058
12504,25059
12504,25060
12504,25061
12504,25062
12504,25063
12504,25064
12504,25065
12504,25066
12504,25067
12504,25068
12504,25069
12504,25070
12504,25071
12504,25072
12504,25073
12504,25074
12504,25075
12504,25076
12504,25077
12504,25078
12504,25079
12504,25080
12504,25081
12504,25082
12504,25083
12504,25084
12504,25085
12504,25086
12504,25087
12504,25088
12504,25089
12504,25090
12504,25091
12504,25092
12504,25093
12504,25094
12504,25095
12504,25096
12504,25097
12504,25098
12504,25099
12504,25100
12504,25101
12504,25102
12504,25103
12504,25104
12504,25105
12504,25106
12504,25107
12504,25108
12504,25109
12504,25110
12504,25111
12504,25112
12504,25113
12504,25114
12504,25115
12504,25116
12504,25117
12504,25118
12504,25119
12504,25120
12504,25121
12504,25122
12504,25123
12504,25124
12504,25125
12504,25126
12504,25127
12504,25128
12504,25129
12504,25130
12504,25131
12504,25132
12504,25133
12504,25134
12504,25135
12504,25136
12504,25137
12504,25138
12504,25139
12504,25140
12504,25141
12504,25142
12504,25143
12504,25144
12504,25145
12504,25146
12504,25147
12504,25148
12504,25149
12504,25150
12504,25151
12504,25152
12504,25153
12504,25154
12504,25155
12504,25156
12504,25157
12504,25158
12504,25159
12504,25160
12504,25161
12504,25162
12504,25163
12504,25164
12504,25165
12504,25166
12504,25167
12504,25168
12504,25169
12504,25170
12504,25171
12504,25172
12504,25173
12504,25174
12504,25175
12504,25176
12504,25177
12504,25178
12504,25179
12504,25180
12504,25181
12504,25182
12504,25183
12504,25184
12504,25185
12504,25186
12504,25187
12504,25188
12504,25189
12504,25190
12504,25191
12504,25192
12504,25193
12504,25194
12504,25195
12504,25196
12504,25197
12504,25198
12504,25199
12504,25200
12504,25201
12504,25202
12504,25203
12504,25204
12504,25205
12504,25206
12504,25207
12504,25208
12504,25209
12504,25210
12504,25211
12504,25212
12504,25213
12505,25016
12505,25017
12505,25018
12505,25019
12505,25020
12505,25021
12505,25022
12505,25023
12505,25024
12505,25025
12505,25026
12505,25027
12505,25028
12505,25029
12505,25030
12505,25031
12505,25032
12505,25033
12505,25034
12505,25035
12505,25036
12505,25037
12505,25038
12505,25039
12505,25040
12505,25041
12505,25042
12505,25043
12505,25044
12505,25045
12505,25046
12505,25047
12505,25048
12505,25049
12505,25050
12505,25051
12505,25052
12505,25053
12505,25054
12505,25055
12505,25056
12505,25057
12505,25058
12505,25059
12505,25060
12505,25061
12505,25062
12505,25063
12505,25064
12505,25065
12505,25066
12505,25067
12505,25068
12505,25069
12505,25070
12505,25071
12505,25072
12505,25073
12505,25074
12505,25075
12505,25076
12505,25077
12505,25078
12505,25079
12505,25080
12505,25081
12505,25082
12505,25083
12505,25084
12505,25085
12505,25086
12505,25087
12505,25088
12505,25089
12505,25090
12505,25091
12505,25092
12505,25093
12505,25094
12505,25095
12505,25096
12505,25097
12505,25098
12505,25099
12505,25100
12505,25101
12505,25102
12505,25103
12505,25104
12505,25105
12505,25106
12505,25107
12505,25108
12505,25109
12505,25110
12505,25111
12505,25112
12505,25113
12505,25114
12505,25115
12505,25116
12505,25117
12505,25118
12505,25119
12505,25120
12505,25121
12505,25122
12505,25123
12505,25124
12505,25125
12505,25126
12505,25127
12505,25128
12505,25129
12505,25130
12505,25131
12505,25132
12505,25133
12505,25134
12505,25135
12505,25136
12505,25137
12505,25138
12505,25139
12505,25140
12505,25141
12505,25142
12505,25143
12505,25144
12505,25145
12505,25146
12505,25147
12505,25148
12505,25149
12505,25150
12505,25151
12505,25152
12505,25153
12505,25154
12505,25155
12505,25156
12505,25157
12505,25158
12505,25159
12505,25160
12505,25161
12505,25162
12505,25163
12505,25164
12505,25165
12505,25166
12505,25167
12505,25168
12505,25169
12505,25170
12505,25171
12505,25172
12505,25173
12505,25174
12505,25175
12505,25176
12505,25177
12505,25178
12505,25179
12505,25180
12505,25181
12505,25182
12505,25183
12505,25184
12505,25185
12505,25186
12505,25187
12505,25188
12505,25189
12505,25190
12505,25191
12505,25192
12505,25193
12505,25194
12505,25195
12505,25196
12505,25197
12505,25198
12505,25199
12505,25200
12505,25201
12505,25202
12505,25203
12505,25204
12505,25205
12505,25206
12505,25207
12505,25208
12505,25209
12505,25210
12505,25211
12505,25212
12505,25213
12505,25214
12505,25215
12506,25015
12506,25016
12506,25017
12506,25018
12506,25019
12506,25020
12506,25021
12506,25022
12506,25023
12506,25024
12506,25025
12506,25026
12506,25027
12506,25028
12506,25029
12506,25030
12506,25031
12506,25032
12506,25033
12506,25034
12506,25035
12506,25036
12506,25037
12506,25038
12506,25039
12506,25040
12506,25041
12506,25042
12506,25043
12506,25044
12506,25045
12506,25046
12506,25047
12506,25048
12506,25049
12506,25050
12506,25051
12506,25052
12506,25053
12506,25054
12506,25055
12506,25056
12506,25057
12506,25058
12506,25059
12506,25060
12506,25061
12506,25062
12506,25063
12506,25064
12506,25065
12506,25066
12506,25067
12506,25068
12506,25069
12506,25070
12506,25071
12506,25072
12506,25073
12506,25074
12506,25075
12506,25076
12506,25077
12506,25078
12506,25079
12506,25080
12506,25081
12506,25082
12506,25083
12506,25084
12506,25085
12506,25086
12506,25087
12506,25088
12506,25089
12506,25090
12506,25091
12506,25092
12506,25093
12506,25094
12506,25095
12506,25096
12506,25097
12506,25098
12506,25099
12506,25100
12506,25101
12506,25102
12506,25103
12506,25104
12506,25105
12506,25106
12506,25107
12506,25108
12506,25109
12506,25110
12506,25111
12506,25112
12506,25113
12506,25114
12506,25115
12506,25116
12506,25117
12506,25118
12506,25119
12506,25120
12506,25121
12506,25122
12506,25123
12506,25124
12506,25125
12506,25126
12506,25127
12506,25128
12506,25129
12506,25130
12506,25131
12506,25132
12506,25133
12506,25134
12506,25135
12506,25136
12506,25137
12506,25138
12506,25139
12506,25140
12506,25141
12506,25142
12506,25143
12506,25144
12506,25145
12506,25146
12506,25147
12506,25148
12506,25149
12506,25150
12506,25151
12506,25152
12506,25153
12506,25154
12506,25155
12506,25156
12506,25157
12506,25158
12506,25159
12506,25160
12506,25161
12506,25162
12506,25163
12506,25164
12506,25165
12506,25166
12506,25167
12506,25168
12506,25169
12506,25170
12506,25171
12506,25172
12506,25173
12506,25174
12506,25175
12506,25176
12506,25177
12506,25178
12506,25179
12506,25180
12506,25181
12506,25182
12506,25183
12506,25184
12506,25185
12506,25186
12506,25187
12506,25188
12506,25189
12506,25190
12506,25191
12506,25192
12506,25193
12506,25194
12506,25195
12506,25196
12506,25197
12506,25198
12506,25199
12506,25200
12506,25201
12506,25202
12506,25203
12506,25204
12506,25205
12506,25206
12506,25207
12506,25208
12506,25209
12506,25210
12506,25211
12506,25212
12506,25213
12506,25214
12506,25215
12506,25216
12507,25015
12507,25016
12507,25017
12507,25018
12507,25019
12507,25020
12507,25021
12507,25022
12507,25023
12507,25024
12507,25025
12507,25026
12507,25027
12507,25028
12507,25029
12507,25030
12507,25031
12507,25032
12507,25033
12507,25034
12507,25035
12507,25036
12507,25037
12507,25038
12507,25039
12507,25040
12507,25041
12507,25042
12507,25043
12507,25044
12507,25045
12507,25046
12507,25047
12507,25048
12507,25049
12507,25050
12507,25051
12507,25052
12507,25053
12507,25054
12507,25055
12507,25056
12507,25057
12507,25058
12507,25059
12507,25060
12507,25061
12507,25062
12507,25063
12507,25064
12507,25065
12507,25066
12507,25067
12507,25068
12507,25069
12507,25070
12507,25071
12507,25072
12507,25073
12507,25074
12507,25075
12507,25076
12507,25077
12507,25078
12507,25079
12507,25080
12507,25081
12507,25082
12507,25083
12507,25084
12507,25085
12507,25086
12507,25087
12507,25088
12507,25089
12507,25090
12507,25091
12507,25092
12507,25093
12507,25094
12507,25095
12507,25096
12507,25097
12507,25098
12507,25099
12507,25100
12507,25101
12507,25102
12507,25103
12507,25104
12507,25105
12507,25106
12507,25107
12507,25108
12507,25109
12507,25110
12507,25111
12507,25112
12507,25113
12507,25114
12507,25115
12507,25116
12507,25117
12507,25118
12507,25119
12507,25120
12507,25121
12507,25122
12507,25123
12507,25124
12507,25125
12507,25126
12507,25127
12507,25128
12507,25129
12507,25130
12507,25131
12507,25132
12507,25133
12507,25134
12507,25135
12507,25136
12507,25137
12507,25138
12507,25139
12507,25140
12507,25141
12507,25142
12507,25143
12507,25144
12507,25145
12507,25146
12507,25147
12507,25148
12507,25149
12507,25150
12507,25151
12507,25152
12507,25153
12507,25154
12507,25155
12507,25156
12507,25157
12507,25158
12507,25159
12507,25160
12507,25161
12507,25162
12507,25163
12507,25164
12507,25165
12507,25166
12507,25167
12507,25168
12507,25169
12507,25170
12507,25171
12507,25172
12507,25173
12507,25174
12507,25175
12507,25176
12507,25177
12507,25178
12507,25179
12507,25180
12507,25181
12507,25182
12507,25183
12507,25184
12507,25185
12507,25186
12507,25187
12507,25188
12507,25189
12507,25190
12507,25191
12507,25192
12507,25193
12507,25194
12507,25195
12507,25196
12507,25197
12507,25198
12507,25199
12507,25200
12507,25201
12507,25202
12507,25203
12507,25204
12507,25205
12507,25206
12507,25207
12507,25208
12507,25209
12507,25210
12507,25211
12507,25212
12507,25213
12507,25214
12507,25215
12507,25216
12507,25217
12508,25015
12508,25016
12508,25017
12508,25018
12508,25019
12508,25020
12508,25021
12508,25022
12508,25023
12508,25024
12508,25025
12508,25026
12508,25027
12508,25028
12508,25029
12508,25030
12508,25031
12508,25032
12508,25033
12508,25034
12508,25035
12508,25036
12508,25037
12508,25038
12508,25039
12508,25040
12508,25041
12508,25042
12508,25043
12508,25044
12508,25045
12508,25046
12508,25047
12508,25048
12508,25049
12508,25050
12508,25051
12508,25052
12508,25053
12508,25054
12508,25055
12508,25056
12508,25057
12508,25058
12508,25059
12508,25060
12508,25061
12508,25062
12508,25063
12508,25064
12508,25065
12508,25066
12508,25067
12508,25068
12508,25069
12508,25070
12508,25071
12508,25072
12508,25073
12508,25074
12508,25075
12508,25076
12508,25077
12508,25078
12508,25079
12508,25080
12508,25081
12508,25082
12508,25083
12508,25084
12508,25085
12508,25086
12508,25087
12508,25088
12508,25089
12508,25090
12508,25091
12508,25092
12508,25093
12508,25094
12508,25095
12508,25096
12508,25097
12508,25098
12508,25099
12508,25100
12508,25101
12508,25102
12508,25103
12508,25104
12508,25105
12508,25106
12508,25107
12508,25108
12508,25109
12508,25110
12508,25111
12508,25112
12508,25113
12508,25114
12508,25115
12508,25116
12508,25117
12508,25118
12508,25119
12508,25120
12508,25121
12508,25122
12508,25123
12508,25124
12508,25125
12508,25126
12508,25127
12508,25128
12508,25129
12508,25130
12508,25131
12508,25132
12508,25133
12508,25134
12508,25135
12508,25136
12508,25137
12508,25138
12508,25139
12508,25140
12508,25141
12508,25142
12508,25143
12508,25144
12508,25145
12508,25146
12508,25147
12508,25148
12508,25149
12508,25150
12508,25151
12508,25152
12508,25153
12508,25154
12508,25155
12508,25156
12508,25157
12508,25158
12508,25159
12508,25160
12508,25161
12508,25162
12508,25163
12508,25164
12508,25165
12508,25166
12508,25167
12508,25168
12508,25169
12508,25170
12508,25171
12508,25172
12508,25173
12508,25174
12508,25175
12508,25176
12508,25177
12508,25178
12508,25179
12508,25180
12508,25181
12508,25182
12508,25183
12508,25184
12508,25185
12508,25186
12508,25187
12508,25188
12508,25189
12508,25190
12508,25191
12508,25192
12508,25193
12508,25194
12508,25195
12508,25196
12508,25197
12508,25198
12508,25199
12508,25200
12508,25201
12508,25202
12508,25203
12508,25204
12508,25205
12508,25206
12508,25207
12508,25208
12508,25209
12508,25210
12508,25211
12508,25212
12508,25213
12508,25214
12508,25215
12508,25216
12508,25217
12509,25014
12509,25015
12509,25016
12509,25017
12509,25018
12509,25019
12509,25020
12509,25021
12509,25022
12509,25023
12509,25024
12509,25025
12509,25026
12509,25027
12509,25028
12509,25029
12509,25030
12509,25031
12509,25032
12509,25033
12509,25034
12509,25035
12509,25036
12509,25037
12509,25038
12509,25039
12509,25040
12509,25041
12509,25042
12509,25043
12509,25044
12509,25045
12509,25046
12509,25047
12509,25048
12509,25049
12509,25050
12509,25051
12509,25052
12509,25053
12509,25054
12509,25055
12509,25056
12509,25057
12509,25058
12509,25059
12509,25060
12509,25061
12509,25062
12509,25063
12509,25064
12509,25065
12509,25066
12509,25067
12509,25068
12509,25069
12509,25070
12509,25071
12509,25072
12509,25073
12509,25074
12509,25075
12509,25076
12509,25077
12509,25078
12509,25079
12509,25080
12509,25081
12509,25082
12509,25083
12509,25084
12509,25085
12509,25086
12509,25087
12509,25088
12509,25089
12509,25090
12509,25091
12509,25092
12509,25093
12509,25094
12509,25095
12509,25096
12509,25097
12509,25098
12509,25099
12509,25100
12509,25101
12509,25102
12509,25103
12509,25104
12509,25105
12509,25106
12509,25107
12509,25108
12509,25109
12509,25110
12509,25111
12509,25112
12509,25113
12509,25114
12509,25115
12509,25116
12509,25117
12509,25118
12509,25119
12509,25120
12509,25121
12509,25122
12509,25123
12509,25124
12509,25125
12509,25126
12509,25127
12509,25128
12509,25129
12509,25130
12509,25131
12509,25132
12509,25133
12509,25134
12509,25135
12509,25136
12509,25137
12509,25138
12509,25139
12509,25140
12509,25141
12509,25142
12509,25143
12509,25144
12509,25145
12509,25146
12509,25147
12509,25148
12509,25149
12509,25150
12509,25151
12509,25152
12509,25153
12509,25154
12509,25155
12509,25156
12509,25157
12509,25158
12509,25159
12509,25160
12509,25161
12509,25162
12509,25163
12509,25164
12509,25165
12509,25166
12509,25167
12509,25168
12509,25169
12509,25170
12509,25171
12509,25172
12509,25173
12509,25174
12509,25175
12509,25176
12509,25177
12509,25178
12509,25179
12509,25180
12509,25181
12509,25182
12509,25183
12509,25184
12509,25185
12509,25186
12509,25187
12509,25188
12509,25189
12509,25190
12509,25191
12509,25192
12509,25193
12509,25194
12509,25195
12509,25196
12509,25197
12509,25198
12509,25199
12509,25200
12509,25201
12509,25202
12509,25203
12509,25204
12509,25205
12509,25206
12509,25207
12509,25208
12509,25209
12509,25210
12509,25211
12509,25212
12509,25213
12509,25214
12509,25215
12509,25216
12509,25217
12510,25015
12510,25016
12510,25017
12510,25018
12510,25019
12510,25020
12510,25021
12510,25022
12510,25023
12510,25024
12510,25025
12510,25026
12510,25027
12510,25028
12510,25029
12510,25030
12510,25031
12510,25032
12510,25033
12510,25034
12510,25035
12510,25036
12510,25037
12510,25038
12510,25039
12510,25040
12510,25041
12510,25042
12510,25043
12510,25044
12510,25045
12510,25046
12510,25047
12510,25048
12510,25049
12510,25050
12510,25051
12510,25052
12510,25053
12510,25054
12510,25055
12510,25056
12510,25057
12510,25058
12510,25059
12510,25060
12510,25061
12510,25062
12510,25063
12510,25064
12510,25065
12510,25066
12510,25067
12510,25068
12510,25069
12510,25070
12510,25071
12510,25072
12510,25073
12510,25074
12510,25075
12510,25076
12510,25077
12510,25078
12510,25079
12510,25080
12510,25081
12510,25082
12510,25083
12510,25084
12510,25085
12510,25086
12510,25087
12510,25088
12510,25089
12510,25090
12510,25091
12510,25092
12510,25093
12510,25094
12510,25095
12510,25096
12510,25097
12510,25098
12510,25099
12510,25100
12510,25101
12510,25102
12510,25103
12510,25104
12510,25105
12510,25106
12510,25107
12510,25108
12510,25109
12510,25110
12510,25111
12510,25112
12510,25113
12510,25114
12510,25115
12510,25116
12510,25117
12510,25118
12510,25119
12510,25120
12510,25121
12510,25122
12510,25123
12510,25124
12510,25125
12510,25126
12510,25127
12510,25128
12510,25129
12510,25130
12510,25131
12510,25132
12510,25133
12510,25134
12510,25135
12510,25136
12510,25137
12510,25138
12510,25139
12510,25140
12510,25141
12510,25142
12510,25143
12510,25144
12510,25145
12510,25146
12510,25147
12510,25148
12510,25149
12510,25150
12510,25151
12510,25152
12510,25153
12510,25154
12510,25155
12510,25156
12510,25157
12510,25158
12510,25159
12510,25160
12510,25161
12510,25162
12510,25163
12510,25164
12510,25165
12510,25166
12510,25167
12510,25168
12510,25169
12510,25170
12510,25171
12510,25172
12510,25173
12510,25174
12510,25175
12510,25176
12510,25177
12510,25178
12510,25179
12510,25180
12510,25181
12510,25182
12510,25183
12510,25184
12510,25185
12510,25186
12510,25187
12510,25188
12510,25189
12510,25190
12510,25191
12510,25192
12510,25193
12510,25194
12510,25195
12510,25196
12510,25197
12510,25198
12510,25199
12510,25200
12510,25201
12510,25202
12510,25203
12510,25204
12510,25205
12510,25206
12510,25207
12510,25208
12510,25209
12510,25210
12510,25211
12510,25212
12510,25213
12510,25214
12510,25215
12510,25216
12510,25217
12510,25218
12511,25015
12511,25016
12511,25017
12511,25018
12511,25019
12511,25020
12511,25021
12511,25022
12511,25023
12511,25024
12511,25025
12511,25026
12511,25027
12511,25028
12511,25029
12511,25030
12511,25031
12511,25032
12511,25033
12511,25034
12511,25035
12511,25036
12511,25037
12511,25038
12511,25039
12511,25040
12511,25041
12511,25042
12511,25043
12511,25044
12511,25045
12511,25046
12511,25047
12511,25048
12511,25049
12511,25050
12511,25051
12511,25052
12511,25053
12511,25054
12511,25055
12511,25056
12511,25057
12511,25058
12511,25059
12511,25060
12511,25061
12511,25062
12511,25063
12511,25064
12511,25065
12511,25066
12511,25067
12511,25068
12511,25069
12511,25070
12511,25071
12511,25072
12511,25073
12511,25074
12511,25075
12511,25076
12511,25077
12511,25078
12511,25079
12511,25080
12511,25081
12511,25082
12511,25083
12511,25084
12511,25085
12511,25086
12511,25087
12511,25088
12511,25089
12511,25090
12511,25091
12511,25092
12511,25093
12511,25094
12511,25095
12511,25096
12511,25097
12511,25098
12511,25099
12511,25100
12511,25101
12511,25102
12511,25103
12511,25104
12511,25105
12511,25106
12511,25107
12511,25108
12511,25109
12511,25110
12511,25111
12511,25112
12511,25113
12511,25114
12511,25115
12511,25116
12511,25117
12511,25118
12511,25119
12511,25120
12511,25121
12511,25122
12511,25123
12511,25124
12511,25125
12511,25126
12511,25127
12511,25128
12511,25129
12511,25130
12511,25131
12511,25132
12511,25133
12511,25134
12511,25135
12511,25136
12511,25137
12511,25138
12511,25139
12511,25140
12511,25141
12511,25142
12511,25143
12511,25144
12511,25145
12511,25146
12511,25147
12511,25148
12511,25149
12511,25150
12511,25151
12511,25152
12511,25153
12511,25154
12511,25155
12511,25156
12511,25157
12511,25158
12511,25159
12511,25160
12511,25161
12511,25162
12511,25163
12511,25164
12511,25165
12511,25166
12511,25167
12511,25168
12511,25169
12511,25170
12511,25171
12511,25172
12511,25173
12511,25174
12511,25175
12511,25176
12511,25177
12511,25178
12511,25179
12511,25180
12511,25181
12511,25182
12511,25183
12511,25184
12511,25185
12511,25186
12511,25187
12511,25188
12511,25189
12511,25190
12511,25191
12511,25192
12511,25193
12511,25194
12511,25195
12511,25196
12511,25197
12511,25198
12511,25199
12511,25200
12511,25201
12511,25202
12511,25203
12511,25204
12511,25205
12511,25206
12511,25207
12511,25208
12511,25209
12511,25210
12511,25211
12511,25212
12511,25213
12511,25214
12511,25215
12511,25216
12511,25217
12512,25014
12512,25015
12512,25016
12512,25017
12512,25018
12512,25019
12512,25020
12512,25021
12512,25022
12512,25023
12512,25024
12512,25025
12512,25026
12512,25027
12512,25028
12512,25029
12512,25030
12512,25031
12512,25032
12512,25033
12512,25034
12512,25035
12512,25036
12512,25037
12512,25038
12512,25039
12512,25040
12512,25041
12512,25042
12512,25043
12512,25044
12512,25045
12512,25046
12512,25047
12512,25048
12512,25049
12512,25050
12512,25051
12512,25052
12512,25053
12512,25054
12512,25055
12512,25056
12512,25057
12512,25058
12512,25059
12512,25060
12512,25061
12512,25062
12512,25063
12512,25064
12512,25065
12512,25066
12512,25067
12512,25068
12512,25069
12512,25070
12512,25071
12512,25072
12512,25073
12512,25074
12512,25075
12512,25076
12512,25077
12512,25078
12512,25079
12512,25080
12512,25081
12512,25082
12512,25083
12512,25084
12512,25085
12512,25086
12512,25087
12512,25088
12512,25089
12512,25090
12512,25091
12512,25092
12512,25093
12512,25094
12512,25095
12512,25096
12512,25097
12512,25098
12512,25099
12512,25100
12512,25101
12512,25102
12512,25103
12512,25104
12512,25105
12512,25106
12512,25107
12512,25108
12512,25109
12512,25110
12512,25111
12512,25112
12512,25113
12512,25114
12512,25115
12512,25116
12512,25117
12512,25118
12512,25119
12512,25120
12512,25121
12512,25122
12512,25123
12512,25124
12512,25125
12512,25126
12512,25127
12512,25128
12512,25129
12512,25130
12512,25131
12512,25132
12512,25133
12512,25134
12512,25135
12512,25136
12512,25137
12512,25138
12512,25139
12512,25140
12512,25141
12512,25142
12512,25143
12512,25144
12512,25145
12512,25146
12512,25147
12512,25148
12512,25149
12512,25150
12512,25151
12512,25152
12512,25153
12512,25154
12512,25155
12512,25156
12512,25157
12512,25158
12512,25159
12512,25160
12512,25161
12512,25162
12512,25163
12512,25164
12512,25165
12512,25166
12512,25167
12512,25168
12512,25169
12512,25170
12512,25171
12512,25172
12512,25173
12512,25174
12512,25175
12512,25176
12512,25177
12512,25178
12512,25179
12512,25180
12512,25181
12512,25182
12512,25183
12512,25184
12512,25185
12512,25186
12512,25187
12512,25188
12512,25189
12512,25190
12512,25191
12512,25192
12512,25193
12512,25194
12512,25195
12512,25196
12512,25197
12512,25198
12512,25199
12512,25200
12512,25201
12512,25202
12512,25203
12512,25204
12512,25205
12512,25206
12512,25207
12512,25208
12512,25209
12512,25210
12512,25211
12512,25212
12512,25213
12512,25214
12512,25215
12512,25216
12512,25217
12512,25218
12513,25013
12513,25014
12513,25015
12513,25016
12513,25017
12513,25018
12513,25019
12513,25020
12513,25021
12513,25022
12513,25023
12513,25024
12513,25025
12513,25026
12513,25027
12513,25028
12513,25029
12513,25030
12513,25031
12513,25032
12513,25033
12513,25034
12513,25035
12513,25036
12513,25037
12513,25038
12513,25039
12513,25040
12513,25041
12513,25042
12513,25043
12513,25044
12513,25045
12513,25046
12513,25047
12513,25048
12513,25049
12513,25050
12513,25051
12513,25052
12513,25053
12513,25054
12513,25055
12513,25056
12513,25057
12513,25058
12513,25059
12513,25060
12513,25061
12513,25062
12513,25063
12513,25064
12513,25065
12513,25066
12513,25067
12513,25068
12513,25069
12513,25070
12513,25071
12513,25072
12513,25073
12513,25074
12513,25075
12513,25076
12513,25077
12513,25078
12513,25079
12513,25080
12513,25081
12513,25082
12513,25083
12513,25084
12513,25085
12513,25086
12513,25087
12513,25088
12513,25089
12513,25090
12513,25091
12513,25092
12513,25093
12513,25094
12513,25095
12513,25096
12513,25097
12513,25098
12513,25099
12513,25100
12513,25101
12513,25102
12513,25103
12513,25104
12513,25105
12513,25106
12513,25107
12513,25108
12513,25109
12513,25110
12513,25111
12513,25112
12513,25113
12513,25114
12513,25115
12513,25116
12513,25117
12513,25118
12513,25119
12513,25120
12513,25121
12513,25122
12513,25123
12513,25124
12513,25125
12513,25126
12513,25127
12513,25128
12513,25129
12513,25130
12513,25131
12513,25132
12513,25133
12513,25134
12513,25135
12513,25136
12513,25137
12513,25138
12513,25139
12513,25140
12513,25141
12513,25142
12513,25143
12513,25144
12513,25145
12513,25146
12513,25147
12513,25148
12513,25149
12513,25150
12513,25151
12513,25152
12513,25153
12513,25154
12513,25155
12513,25156
12513,25157
12513,25158
12513,25159
12513,25160
12513,25161
12513,25162
12513,25163
12513,25164
12513,25165
12513,25166
12513,25167
12513,25168
12513,25169
12513,25170
12513,25171
12513,25172
12513,25173
12513,25174
12513,25175
12513,25176
12513,25177
12513,25178
12513,25179
12513,25180
12513,25181
12513,25182
12513,25183
12513,25184
12513,25185
12513,25186
12513,25187
12513,25188
12513,25189
12513,25190
12513,25191
12513,25192
12513,25193
12513,25194
12513,25195
12513,25196
12513,25197
12513,25198
12513,25199
12513,25200
12513,25201
12513,25202
12513,25203
12513,25204
12513,25205
12513,25206
12513,25207
12513,25208
12513,25209
12513,25210
12513,25211
12513,25212
12513,25213
12513,25214
12513,25215
12513,25216
12513,25217
12513,25218
12514,25012
12514,25013
12514,25014
12514,25015
12514,25016
12514,25017
12514,25018
12514,25019
12514,25020
12514,25021
12514,25022
12514,25023
12514,25024
12514,25025
12514,25026
12514,25027
12514,25028
12514,25029
12514,25030
12514,25031
12514,25032
12514,25033
12514,25034
12514,25035
12514,25036
12514,25037
12514,25038
12514,25039
12514,25040
12514,25041
12514,25042
12514,25043
12514,25044
12514,25045
12514,25046
12514,25047
12514,25048
12514,25049
12514,25050
12514,25051
12514,25052
12514,25053
12514,25054
12514,25055
12514,25056
12514,25057
12514,25058
12514,25059
12514,25060
12514,25061
12514,25062
12514,25063
12514,25064
12514,25065
12514,25066
12514,25067
12514,25068
12514,25069
12514,25070
12514,25071
12514,25072
12514,25073
12514,25074
12514,25075
12514,25076
12514,25077
12514,25078
12514,25079
12514,25080
12514,25081
12514,25082
12514,25083
12514,25084
12514,25085
12514,25086
12514,25087
12514,25088
12514,25089
12514,25090
12514,25091
12514,25092
12514,25093
12514,25094
12514,25095
12514,25096
12514,25097
12514,25098
12514,25099
12514,25100
12514,25101
12514,25102
12514,25103
12514,25104
12514,25105
12514,25106
12514,25107
12514,25108
12514,25109
12514,25110
12514,25111
12514,25112
12514,25113
12514,25114
12514,25115
12514,25116
12514,25117
12514,25118
12514,25119
12514,25120
12514,25121
12514,25122
12514,25123
12514,25124
12514,25125
12514,25126
12514,25127
12514,25128
12514,25129
12514,25130
12514,25131
12514,25132
12514,25133
12514,25134
12514,25135
12514,25136
12514,25137
12514,25138
12514,25139
12514,25140
12514,25141
12514,25142
12514,25143
12514,25144
12514,25145
12514,25146
12514,25147
12514,25148
12514,25149
12514,25150
12514,25151
12514,25152
12514,25153
12514,25154
12514,25155
12514,25156
12514,25157
12514,25158
12514,25159
12514,25160
12514,25161
12514,25162
12514,25163
12514,25164
12514,25165
12514,25166
12514,25167
12514,25168
12514,25169
12514,25170
12514,25171
12514,25172
12514,25173
12514,25174
12514,25175
12514,25176
12514,25177
12514,25178
12514,25179
12514,25180
12514,25181
12514,25182
12514,25183
12514,25184
12514,25185
12514,25186
12514,25187
12514,25188
12514,25189
12514,25190
12514,25191
12514,25192
12514,25193
12514,25194
12514,25195
12514,25196
12514,25197
12514,25198
12514,25199
12514,25200
12514,25201
12514,25202
12514,25203
12514,25204
12514,25205
12514,25206
12514,25207
12514,25208
12514,25209
12514,25210
12514,25211
12514,25212
12514,25213
12514,25214
12514,25215
12514,25216
12514,25217
12515,25012
12515,25013
12515,25014
12515,25015
12515,25016
12515,25017
12515,25018
12515,25019
12515,25020
12515,25021
12515,25022
12515,25023
12515,25024
12515,25025
12515,25026
12515,25027
12515,25028
12515,25029
12515,25030
12515,25031
12515,25032
12515,25033
12515,25034
12515,25035
12515,25036
12515,25037
12515,25038
12515,25039
12515,25040
12515,25041
12515,25042
12515,25043
12515,25044
12515,25045
12515,25046
12515,25047
12515,25048
12515,25049
12515,25050
12515,25051
12515,25052
12515,25053
12515,25054
12515,25055
12515,25056
12515,25057
12515,25058
12515,25059
12515,25060
12515,25061
12515,25062
12515,25063
12515,25064
12515,25065
12515,25066
12515,25067
12515,25068
12515,25069
12515,25070
12515,25071
12515,25072
12515,25073
12515,25074
12515,25075
12515,25076
12515,25077
12515,25078
12515,25079
12515,25080
12515,25081
12515,25082
12515,25083
12515,25084
12515,25085
12515,25086
12515,25087
12515,25088
12515,25089
12515,25090
12515,25091
12515,25092
12515,25093
12515,25094
12515,25095
12515,25096
12515,25097
12515,25098
12515,25099
12515,25100
12515,25101
12515,25102
12515,25103
12515,25104
12515,25105
12515,25106
12515,25107
12515,25108
12515,25109
12515,25110
12515,25111
12515,25112
12515,25113
12515,25114
12515,25115
12515,25116
12515,25117
12515,25118
12515,25119
12515,25120
12515,25121
12515,25122
12515,25123
12515,25124
12515,25125
12515,25126
12515,25127
12515,25128
12515,25129
12515,25130
12515,25131
12515,25132
12515,25133
12515,25134
12515,25135
12515,25136
12515,25137
12515,25138
12515,25139
12515,25140
12515,25141
12515,25142
12515,25143
12515,25144
12515,25145
12515,25146
12515,25147
12515,25148
12515,25149
12515,25150
12515,25151
12515,25152
12515,25153
12515,25154
12515,25155
12515,25156
12515,25157
12515,25158
12515,25159
12515,25160
12515,25161
12515,25162
12515,25163
12515,25164
12515,25165
12515,25166
12515,25167
12515,25168
12515,25169
12515,25170
12515,25171
12515,25172
12515,25173
12515,25174
12515,25175
12515,25176
12515,25177
12515,25178
12515,25179
12515,25180
12515,25181
12515,25182
12515,25183
12515,25184
12515,25185
12515,25186
12515,25187
12515,25188
12515,25189
12515,25190
12515,25191
12515,25192
12515,25193
12515,25194
12515,25195
12515,25196
12515,25197
12515,25198
12515,25199
12515,25200
12515,25201
12515,25202
12515,25203
12515,25204
12515,25205
12515,25206
12515,25207
12515,25208
12515,25209
12515,25210
12515,25211
12515,25212
12515,25213
12515,25214
12515,25215
12515,25216
12515,25217
12515,25218
12516,25003
12516,25012
12516,25013
12516,25014
12516,25015
12516,25016
12516,25017
12516,25018
12516,25019
12516,25020
12516,25021
12516,25022
12516,25023
12516,25024
12516,25025
12516,25026
12516,25027
12516,25028
12516,25029
12516,25030
12516,25031
12516,25032
12516,25033
12516,25034
12516,25035
12516,25036
12516,25037
12516,25038
12516,25039
12516,25040
12516,25041
12516,25042
12516,25043
12516,25044
12516,25045
12516,25046
12516,25047
12516,25048
12516,25049
12516,25050
12516,25051
12516,25052
12516,25053
12516,25054
12516,25055
12516,25056
12516,25057
12516,25058
12516,25059
12516,25060
12516,25061
12516,25062
12516,25063
12516,25064
12516,25065
12516,25066
12516,25067
12516,25068
12516,25069
12516,25070
12516,25071
12516,25072
12516,25073
12516,25074
12516,25075
12516,25076
12516,25077
12516,25078
12516,25079
12516,25080
12516,25081
12516,25082
12516,25083
12516,25084
12516,25085
12516,25086
12516,25087
12516,25088
12516,25089
12516,25090
12516,25091
12516,25092
12516,25093
12516,25094
12516,25095
12516,25096
12516,25097
12516,25098
12516,25099
12516,25100
12516,25101
12516,25102
12516,25103
12516,25104
12516,25105
12516,25106
12516,25107
12516,25108
12516,25109
12516,25110
12516,25111
12516,25112
12516,25113
12516,25114
12516,25115
12516,25116
12516,25117
12516,25118
12516,25119
12516,25120
12516,25121
12516,25122
12516,25123
12516,25124
12516,25125
12516,25126
12516,25127
12516,25128
12516,25129
12516,25130
12516,25131
12516,25132
12516,25133
12516,25134
12516,25135
12516,25136
12516,25137
12516,25138
12516,25139
12516,25140
12516,25141
12516,25142
12516,25143
12516,25144
12516,25145
12516,25146
12516,25147
12516,25148
12516,25149
12516,25150
12516,25151
12516,25152
12516,25153
12516,25154
12516,25155
12516,25156
12516,25157
12516,25158
12516,25159
12516,25160
12516,25161
12516,25162
12516,25163
12516,25164
12516,25165
12516,25166
12516,25167
12516,25168
12516,25169
12516,25170
12516,25171
12516,25172
12516,25173
12516,25174
12516,25175
12516,25176
12516,25177
12516,25178
12516,25179
12516,25180
12516,25181
12516,25182
12516,25183
12516,25184
12516,25185
12516,25186
12516,25187
12516,25188
12516,25189
12516,25190
12516,25191
12516,25192
12516,25193
12516,25194
12516,25195
12516,25196
12516,25197
12516,25198
12516,25199
12516,25200
12516,25201
12516,25202
12516,25203
12516,25204
12516,25205
12516,25206
12516,25207
12516,25208
12516,25209
12516,25210
12516,25211
12516,25212
12516,25213
12516,25214
12516,25215
12516,25216
12516,25217
12516,25218
12517,25000
12517,25001
12517,25002
12517,25003
12517,25004
12517,25005
12517,25006
12517,25011
12517,25012
12517,25013
12517,25014
12517,25015
12517,25016
12517,25017
12517,25018
12517,25019
12517,25020
12517,25021
12517,25022
12517,25023
12517,25024
12517,25025
12517,25026
12517,25027
12517,25028
12517,25029
12517,25030
12517,25031
12517,25032
12517,25033
12517,25034
12517,25035
12517,25036
12517,25037
12517,25038
12517,25039
12517,25040
12517,25041
12517,25042
12517,25043
12517,25044
12517,25045
12517,25046
12517,25047
12517,25048
12517,25049
12517,25050
12517,25051
12517,25052
12517,25053
12517,25054
12517,25055
12517,25056
12517,25057
12517,25058
12517,25059
12517,25060
12517,25061
12517,25062
12517,25063
12517,25064
12517,25065
12517,25066
12517,25067
12517,25068
12517,25069
12517,25070
12517,25071
12517,25072
12517,25073
12517,25074
12517,25075
12517,25076
12517,25077
12517,25078
12517,25079
12517,25080
12517,25081
12517,25082
12517,25083
12517,25084
12517,25085
12517,25086
12517,25087
12517,25088
12517,25089
12517,25090
12517,25091
12517,25092
12517,25093
12517,25094
12517,25095
12517,25096
12517,25097
12517,25098
12517,25099
12517,25100
12517,25101
12517,25102
12517,25103
12517,25104
12517,25105
12517,25106
12517,25107
12517,25108
12517,25109
12517,25110
12517,25111
12517,25112
12517,25113
12517,25114
12517,25115
12517,25116
12517,25117
12517,25118
12517,25119
12517,25120
12517,25121
12517,25122
12517,25123
12517,25124
12517,25125
12517,25126
12517,25127
12517,25128
12517,25129
12517,25130
12517,25131
12517,25132
12517,25133
12517,25134
12517,25135
12517,25136
12517,25137
12517,25138
12517,25139
12517,25140
12517,25141
12517,25142
12517,25143
12517,25144
12517,25145
12517,25146
12517,25147
12517,25148
12517,25149
12517,25150
12517,25151
12517,25152
12517,25153
12517,25154
12517,25155
12517,25156
12517,25157
12517,25158
12517,25159
12517,25160
12517,25161
12517,25162
12517,25163
12517,25164
12517,25165
12517,25166
12517,25167
12517,25168
12517,25169
12517,25170
12517,25171
12517,25172
12517,25173
12517,25174
12517,25175
12517,25176
12517,25177
12517,25178
12517,25179
12517,25180
12517,25181
12517,25182
12517,25183
12517,25184
12517,25185
12517,25186
12517,25187
12517,25188
12517,25189
12517,25190
12517,25191
12517,25192
12517,25193
12517,25194
12517,25195
12517,25196
12517,25197
12517,25198
12517,25199
12517,25200
12517,25201
12517,25202
12517,25203
12517,25204
12517,25205
12517,25206
12517,25207
12517,25208
12517,25209
12517,25210
12517,25211
12517,25212
12517,25213
12517,25214
12517,25215
12517,25216
12517,25217
12517,25218
12518,24998
12518,24999
12518,25000
12518,25001
12518,25002
12518,25003
12518,25004
12518,25005
12518,25006
12518,25007
12518,25008
12518,25009
12518,25011
12518,25012
12518,25013
12518,25014
12518,25015
12518,25016
12518,25017
12518,25018
12518,25019
12518,25020
12518,25021
12518,25022
12518,25023
12518,25024
12518,25025
12518,25026
12518,25027
12518,25028
12518,25029
12518,25030
12518,25031
12518,25032
12518,25033
12518,25034
12518,25035
12518,25036
12518,25037
12518,25038
12518,25039
12518,25040
12518,25041
12518,25042
12518,25043
12518,25044
12518,25045
12518,25046
12518,25047
12518,25048
12518,25049
12518,25050
12518,25051
12518,25052
12518,25053
12518,25054
12518,25055
12518,25056
12518,25057
12518,25058
12518,25059
12518,25060
12518,25061
12518,25062
12518,25063
12518,25064
12518,25065
12518,25066
12518,25067
12518,25068
12518,25069
12518,25070
12518,25071
12518,25072
12518,25073
12518,25074
12518,25075
12518,25076
12518,25077
12518,25078
12518,25079
12518,25080
12518,25081
12518,25082
12518,25083
12518,25084
12518,25085
12518,25086
12518,25087
12518,25088
12518,25089
12518,25090
12518,25091
12518,25092
12518,25093
12518,25094
12518,25095
12518,25096
12518,25097
12518,25098
12518,25099
12518,25100
12518,25101
12518,25102
12518,25103
12518,25104
12518,25105
12518,25106
12518,25107
12518,25108
12518,25109
12518,25110
12518,25111
12518,25112
12518,25113
12518,25114
12518,25115
12518,25116
12518,25117
12518,25118
12518,25119
12518,25120
12518,25121
12518,25122
12518,25123
12518,25124
12518,25125
12518,25126
12518,25127
12518,25128
12518,25129
12518,25130
12518,25131
12518,25132
12518,25133
12518,25134
12518,25135
12518,25136
12518,25137
12518,25138
12518,25139
12518,25140
12518,25141
12518,25142
12518,25143
12518,25144
12518,25145
12518,25146
12518,25147
12518,25148
12518,25149
12518,25150
12518,25151
12518,25152
12518,25153
12518,25154
12518,25155
12518,25156
12518,25157
12518,25158
12518,25159
12518,25160
12518,25161
12518,25162
12518,25163
12518,25164
12518,25165
12518,25166
12518,25167
12518,25168
12518,25169
12518,25170
12518,25171
12518,25172
12518,25173
12518,25174
12518,25175
12518,25176
12518,25177
12518,25178
12518,25179
12518,25180
12518,25181
12518,25182
12518,25183
12518,25184
12518,25185
12518,25186
12518,25187
12518,25188
12518,25189
12518,25190
12518,25191
12518,25192
12518,25193
12518,25194
12518,25195
12518,25196
12518,25197
12518,25198
12518,25199
12518,25200
12518,25201
12518,25202
12518,25203
12518,25204
12518,25205
12518,25206
12518,25207
12518,25208
12518,25209
12518,25210
12518,25211
12518,25212
12518,25213
12518,25214
12518,25215
12518,25216
12518,25217
12518,25218
12519,24997
12519,24998
12519,24999
12519,25000
12519,25001
12519,25002
12519,25003
12519,25004
12519,25005
12519,25006
12519,25007
12519,25008
12519,25009
12519,25010
12519,25011
12519,25012
12519,25013
12519,25014
12519,25015
12519,25016
12519,25017
12519,25018
12519,25019
12519,25020
12519,25021
12519,25022
12519,25023
12519,25024
12519,25025
12519,25026
12519,25027
12519,25028
12519,25029
12519,25030
12519,25031
12519,25032
12519,25033
12519,25034
12519,25035
12519,25036
12519,25037
12519,25038
12519,25039
12519,25040
12519,25041
12519,25042
12519,25043
12519,25044
12519,25045
12519,25046
12519,25047
12519,25048
12519,25049
12519,25050
12519,25051
12519,25052
12519,25053
12519,25054
12519,25055
12519,25056
12519,25057
12519,25058
12519,25059
12519,25060
12519,25061
12519,25062
12519,25063
12519,25064
12519,25065
12519,25066
12519,25067
12519,25068
12519,25069
12519,25070
12519,25071
12519,25072
12519,25073
12519,25074
12519,25075
12519,25076
12519,25077
12519,25078
12519,25079
12519,25080
12519,25081
12519,25082
12519,25083
12519,25084
12519,25085
12519,25086
12519,25087
12519,25088
12519,25089
12519,25090
12519,25091
12519,25092
12519,25093
12519,25094
12519,25095
12519,25096
12519,25097
12519,25098
12519,25099
12519,25100
12519,25101
12519,25102
12519,25103
12519,25104
12519,25105
12519,25106
12519,25107
12519,25108
12519,25109
12519,25110
12519,25111
12519,25112
12519,25113
12519,25114
12519,25115
12519,25116
12519,25117
12519,25118
12519,25119
12519,25120
12519,25121
12519,25122
12519,25123
12519,25124
12519,25125
12519,25126
12519,25127
12519,25128
12519,25129
12519,25130
12519,25131
12519,25132
12519,25133
12519,25134
12519,25135
12519,25136
12519,25137
12519,25138
12519,25139
12519,25140
12519,25141
12519,25142
12519,25143
12519,25144
12519,25145
12519,25146
12519,25147
12519,25148
12519,25149
12519,25150
12519,25151
12519,25152
12519,25153
12519,25154
12519,25155
12519,25156
12519,25157
12519,25158
12519,25159
12519,25160
12519,25161
12519,25162
12519,25163
12519,25164
12519,25165
12519,25166
12519,25167
12519,25168
12519,25169
12519,25170
12519,25171
12519,25172
12519,25173
12519,25174
12519,25175
12519,25176
12519,25177
12519,25178
12519,25179
12519,25180
12519,25181
12519,25182
12519,25183
12519,25184
12519,25185
12519,25186
12519,25187
12519,25188
12519,25189
12519,25190
12519,25191
12519,25192
12519,25193
12519,25194
12519,25195
12519,25196
12519,25197
12519,25198
12519,25199
12519,25200
12519,25201
12519,25202
12519,25203
12519,25204
12519,25205
12519,25206
12519,25207
12519,25208
12519,25209
12519,25210
12519,25211
12519,25212
12519,25213
12519,25214
12519,25215
12519,25216
12519,25217
12519,25218
12520,24996
12520,24997
12520,24998
12520,24999
12520,25000
12520,25001
12520,25002
12520,25003
12520,25004
12520,25005
12520,25006
12520,25007
12520,25008
12520,25009
12520,25010
12520,25011
12520,25012
12520,25013
12520,25014
12520,25015
12520,25016
12520,25017
12520,25018
12520,25019
12520,25020
12520,25021
12520,25022
12520,25023
12520,25024
12520,25025
12520,25026
12520,25027
12520,25028
12520,25029
12520,25030
12520,25031
12520,25032
12520,25033
12520,25034
12520,25035
12520,25036
12520,25037
12520,25038
12520,25039
12520,25040
12520,25041
12520,25042
12520,25043
12520,25044
12520,25045
12520,25046
12520,25047
12520,25048
12520,25049
12520,25050
12520,25051
12520,25052
12520,25053
12520,25054
12520,25055
12520,25056
12520,25057
12520,25058
12520,25059
12520,25060
12520,25061
12520,25062
12520,25063
12520,25064
12520,25065
12520,25066
12520,25067
12520,25068
12520,25069
12520,25070
12520,25071
12520,25072
12520,25073
12520,25074
12520,25075
12520,25076
12520,25077
12520,25078
12520,25079
12520,25080
12520,25081
12520,25082
12520,25083
12520,25084
12520,25085
12520,25086
12520,25087
12520,25088
12520,25089
12520,25090
12520,25091
12520,25092
12520,25093
12520,25094
12520,25095
12520,25096
12520,25097
12520,25098
12520,25099
12520,25100
12520,25101
12520,25102
12520,25103
12520,25104
12520,25105
12520,25106
12520,25107
12520,25108
12520,25109
12520,25110
12520,25111
12520,25112
12520,25113
12520,25114
12520,25115
12520,25116
12520,25117
12520,25118
12520,25119
12520,25120
12520,25121
12520,25122
12520,25123
12520,25124
12520,25125
12520,25126
12520,25127
12520,25128
12520,25129
12520,25130
12520,25131
12520,25132
12520,25133
12520,25134
12520,25135
12520,25136
12520,25137
12520,25138
12520,25139
12520,25140
12520,25141
12520,25142
12520,25143
12520,25144
12520,25145
12520,25146
12520,25147
12520,25148
12520,25149
12520,25150
12520,25151
12520,25152
12520,25153
12520,25154
12520,25155
12520,25156
12520,25157
12520,25158
12520,25159
12520,25160
12520,25161
12520,25162
12520,25163
12520,25164
12520,25165
12520,25166
12520,25167
12520,25168
12520,25169
12520,25170
12520,25171
12520,25172
12520,25173
12520,25174
12520,25175
12520,25176
12520,25177
12520,25178
12520,25179
12520,25180
12520,25181
12520,25182
12520,25183
12520,25184
12520,25185
12520,25186
12520,25187
12520,25188
12520,25189
12520,25190
12520,25191
12520,25192
12520,25193
12520,25194
12520,25195
12520,25196
12520,25197
12520,25198
12520,25199
12520,25200
12520,25201
12520,25202
12520,25203
12520,25204
12520,25205
12520,25206
12520,25207
12520,25208
12520,25209
12520,25210
12520,25211
12520,25212
12520,25213
12520,25214
12520,25215
12520,25216
12520,25217
12521,24995
12521,24996
12521,24997
12521,24998
12521,24999
12521,25000
12521,25001
12521,25002
12521,25003
12521,25004
12521,25005
12521,25006
12521,25007
12521,25008
12521,25009
12521,25010
12521,25011
12521,25012
12521,25013
12521,25014
12521,25015
12521,25016
12521,25017
12521,25018
12521,25019
12521,25020
12521,25021
12521,25022
12521,25023
12521,25024
12521,25025
12521,25026
12521,25027
12521,25028
12521,25029
12521,25030
12521,25031
12521,25032
12521,25033
12521,25034
12521,25035
12521,25036
12521,25037
12521,25038
12521,25039
12521,25040
12521,25041
12521,25042
12521,25043
12521,25044
12521,25045
12521,25046
12521,25047
12521,25048
12521,25049
12521,25050
12521,25051
12521,25052
12521,25053
12521,25054
12521,25055
12521,25056
12521,25057
12521,25058
12521,25059
12521,25060
12521,25061
12521,25062
12521,25063
12521,25064
12521,25065
12521,25066
12521,25067
12521,25068
12521,25069
12521,25070
12521,25071
12521,25072
12521,25073
12521,25074
12521,25075
12521,25076
12521,25077
12521,25078
12521,25079
12521,25080
12521,25081
12521,25082
12521,25083
12521,25084
12521,25085
12521,25086
12521,25087
12521,25088
12521,25089
12521,25090
12521,25091
12521,25092
12521,25093
12521,25094
12521,25095
12521,25096
12521,25097
12521,25098
12521,25099
12521,25100
12521,25101
12521,25102
12521,25103
12521,25104
12521,25105
12521,25106
12521,25107
12521,25108
12521,25109
12521,25110
12521,25111
12521,25112
12521,25113
12521,25114
12521,25115
12521,25116
12521,25117
12521,25118
12521,25119
12521,25120
12521,25121
12521,25122
12521,25123
12521,25124
12521,25125
12521,25126
12521,25127
12521,25128
12521,25129
12521,25130
12521,25131
12521,25132
12521,25133
12521,25134
12521,25135
12521,25136
12521,25137
12521,25138
12521,25139
12521,25140
12521,25141
12521,25142
12521,25143
12521,25144
12521,25145
12521,25146
12521,25147
12521,25148
12521,25149
12521,25150
12521,25151
12521,25152
12521,25153
12521,25154
12521,25155
12521,25156
12521,25157
12521,25158
12521,25159
12521,25160
12521,25161
12521,25162
12521,25163
12521,25164
12521,25165
12521,25166
12521,25167
12521,25168
12521,25169
12521,25170
12521,25171
12521,25172
12521,25173
12521,25174
12521,25175
12521,25176
12521,25177
12521,25178
12521,25179
12521,25180
12521,25181
12521,25182
12521,25183
12521,25184
12521,25185
12521,25186
12521,25187
12521,25188
12521,25189
12521,25190
12521,25191
12521,25192
12521,25193
12521,25194
12521,25195
12521,25196
12521,25197
12521,25198
12521,25199
12521,25200
12521,25201
12521,25202
12521,25203
12521,25204
12521,25205
12521,25206
12521,25207
12521,25208
12521,25209
12521,25210
12521,25211
12521,25212
12521,25213
12521,25214
12521,25215
12521,25216
12521,25217
12522,24995
12522,24996
12522,24997
12522,24998
12522,24999
12522,25000
12522,25001
12522,25002
12522,25003
12522,25004
12522,25005
12522,25006
12522,25007
12522,25008
12522,25009
12522,25010
12522,25011
12522,25012
12522,25013
12522,25014
12522,25015
12522,25016
12522,25017
12522,25018
12522,25019
12522,25020
12522,25021
12522,25022
12522,25023
12522,25024
12522,25025
12522,25026
12522,25027
12522,25028
12522,25029
12522,25030
12522,25031
12522,25032
12522,25033
12522,25034
12522,25035
12522,25036
12522,25037
12522,25038
12522,25039
12522,25040
12522,25041
12522,25042
12522,25043
12522,25044
12522,25045
12522,25046
12522,25047
12522,25048
12522,25049
12522,25050
12522,25051
12522,25052
12522,25053
12522,25054
12522,25055
12522,25056
12522,25057
12522,25058
12522,25059
12522,25060
12522,25061
12522,25062
12522,25063
12522,25064
12522,25065
12522,25066
12522,25067
12522,25068
12522,25069
12522,25070
12522,25071
12522,25072
12522,25073
12522,25074
12522,25075
12522,25076
12522,25077
12522,25078
12522,25079
12522,25080
12522,25081
12522,25082
12522,25083
12522,25084
12522,25085
12522,25086
12522,25087
12522,25088
12522,25089
12522,25090
12522,25091
12522,25092
12522,25093
12522,25094
12522,25095
12522,25096
12522,25097
12522,25098
12522,25099
12522,25100
12522,25101
12522,25102
12522,25103
12522,25104
12522,25105
12522,25106
12522,25107
12522,25108
12522,25109
12522,25110
12522,25111
12522,25112
12522,25113
12522,25114
12522,25115
12522,25116
12522,25117
12522,25118
12522,25119
12522,25120
12522,25121
12522,25122
12522,25123
12522,25124
12522,25125
12522,25126
12522,25127
12522,25128
12522,25129
12522,25130
12522,25131
12522,25132
12522,25133
12522,25134
12522,25135
12522,25136
12522,25137
12522,25138
12522,25139
12522,25140
12522,25141
12522,25142
12522,25143
12522,25144
12522,25145
12522,25146
12522,25147
12522,25148
12522,25149
12522,25150
12522,25151
12522,25152
12522,25153
12522,25154
12522,25155
12522,25156
12522,25157
12522,25158
12522,25159
12522,25160
12522,25161
12522,25162
12522,25163
12522,25164
12522,25165
12522,25166
12522,25167
12522,25168
12522,25169
12522,25170
12522,25171
12522,25172
12522,25173
12522,25174
12522,25175
12522,25176
12522,25177
12522,25178
12522,25179
12522,25180
12522,25181
12522,25182
12522,25183
12522,25184
12522,25185
12522,25186
12522,25187
12522,25188
12522,25189
12522,25190
12522,25191
12522,25192
12522,25193
12522,25194
12522,25195
12522,25196
12522,25197
12522,25198
12522,25199
12522,25200
12522,25201
12522,25202
12522,25203
12522,25204
12522,25205
12522,25206
12522,25207
12522,25208
12522,25209
12522,25210
12522,25211
12522,25212
12522,25213
12522,25214
12522,25215
12522,25216
12522,25217
12523,24994
12523,24995
12523,24996
12523,24997
12523,24998
12523,24999
12523,25000
12523,25001
12523,25002
12523,25003
12523,25004
12523,25005
12523,25006
12523,25007
12523,25008
12523,25009
12523,25010
12523,25011
12523,25012
12523,25013
12523,25014
12523,25015
12523,25016
12523,25017
12523,25018
12523,25019
12523,25020
12523,25021
12523,25022
12523,25023
12523,25024
12523,25025
12523,25026
12523,25027
12523,25028
12523,25029
12523,25030
12523,25031
12523,25032
12523,25033
12523,25034
12523,25035
12523,25036
12523,25037
12523,25038
12523,25039
12523,25040
12523,25041
12523,25042
12523,25043
12523,25044
12523,25045
12523,25046
12523,25047
12523,25048
12523,25049
12523,25050
12523,25051
12523,25052
12523,25053
12523,25054
12523,25055
12523,25056
12523,25057
12523,25058
12523,25059
12523,25060
12523,25061
12523,25062
12523,25063
12523,25064
12523,25065
12523,25066
12523,25067
12523,25068
12523,25069
12523,25070
12523,25071
12523,25072
12523,25073
12523,25074
12523,25075
12523,25076
12523,25077
12523,25078
12523,25079
12523,25080
12523,25081
12523,25082
12523,25083
12523,25084
12523,25085
12523,25086
12523,25087
12523,25088
12523,25089
12523,25090
12523,25091
12523,25092
12523,25093
12523,25094
12523,25095
12523,25096
12523,25097
12523,25098
12523,25099
12523,25100
12523,25101
12523,25102
12523,25103
12523,25104
12523,25105
12523,25106
12523,25107
12523,25108
12523,25109
12523,25110
12523,25111
12523,25112
12523,25113
12523,25114
12523,25115
12523,25116
12523,25117
12523,25118
12523,25119
12523,25120
12523,25121
12523,25122
12523,25123
12523,25124
12523,25125
12523,25126
12523,25127
12523,25128
12523,25129
12523,25130
12523,25131
12523,25132
12523,25133
12523,25134
12523,25135
12523,25136
12523,25137
12523,25138
12523,25139
12523,25140
12523,25141
12523,25142
12523,25143
12523,25144
12523,25145
12523,25146
12523,25147
12523,25148
12523,25149
12523,25150
12523,25151
12523,25152
12523,25153
12523,25154
12523,25155
12523,25156
12523,25157
12523,25158
12523,25159
12523,25160
12523,25161
12523,25162
12523,25163
12523,25164
12523,25165
12523,25166
12523,25167
12523,25168
12523,25169
12523,25170
12523,25171
12523,25172
12523,25173
12523,25174
12523,25175
12523,25176
12523,25177
12523,25178
12523,25179
12523,25180
12523,25181
12523,25182
12523,25183
12523,25184
12523,25185
12523,25186
12523,25187
12523,25188
12523,25189
12523,25190
12523,25191
12523,25192
12523,25193
12523,25194
12523,25195
12523,25196
12523,25197
12523,25198
12523,25199
12523,25200
12523,25201
12523,25202
12523,25203
12523,25204
12523,25205
12523,25206
12523,25207
12523,25208
12523,25209
12523,25210
12523,25211
12523,25212
12523,25213
12523,25214
12523,25215
12523,25216
12524,24994
12524,24995
12524,24996
12524,24997
12524,24998
12524,24999
12524,25000
12524,25001
12524,25002
12524,25003
12524,25004
12524,25005
12524,25006
12524,25007
12524,25008
12524,25009
12524,25010
12524,25011
12524,25012
12524,25013
12524,25014
12524,25015
12524,25016
12524,25017
12524,25018
12524,25019
12524,25020
12524,25021
12524,25022
12524,25023
12524,25024
12524,25025
12524,25026
12524,25027
12524,25028
12524,25029
12524,25030
12524,25031
12524,25032
12524,25033
12524,25034
12524,25035
12524,25036
12524,25037
12524,25038
12524,25039
12524,25040
12524,25041
12524,25042
12524,25043
12524,25044
12524,25045
12524,25046
12524,25047
12524,25048
12524,25049
12524,25050
12524,25051
12524,25052
12524,25053
12524,25054
12524,25055
12524,25056
12524,25057
12524,25058
12524,25059
12524,25060
12524,25061
12524,25062
12524,25063
12524,25064
12524,25065
12524,25066
12524,25067
12524,25068
12524,25069
12524,25070
12524,25071
12524,25072
12524,25073
12524,25074
12524,25075
12524,25076
12524,25077
12524,25078
12524,25079
12524,25080
12524,25081
12524,25082
12524,25083
12524,25084
12524,25085
12524,25086
12524,25087
12524,25088
12524,25089
12524,25090
12524,25091
12524,25092
12524,25093
12524,25094
12524,25095
12524,25096
12524,25097
12524,25098
12524,25099
12524,25100
12524,25101
12524,25102
12524,25103
12524,25104
12524,25105
12524,25106
12524,25107
12524,25108
12524,25109
12524,25110
12524,25111
12524,25112
12524,25113
12524,25114
12524,25115
12524,25116
12524,25117
12524,25118
12524,25119
12524,25120
12524,25121
12524,25122
12524,25123
12524,25124
12524,25125
12524,25126
12524,25127
12524,25128
12524,25129
12524,25130
12524,25131
12524,25132
12524,25133
12524,25134
12524,25135
12524,25136
12524,25137
12524,25138
12524,25139
12524,25140
12524,25141
12524,25142
12524,25143
12524,25144
12524,25145
12524,25146
12524,25147
12524,25148
12524,25149
12524,25150
12524,25151
12524,25152
12524,25153
12524,25154
12524,25155
12524,25156
12524,25157
12524,25158
12524,25159
12524,25160
12524,25161
12524,25162
12524,25163
12524,25164
12524,25165
12524,25166
12524,25167
12524,25168
12524,25169
12524,25170
12524,25171
12524,25172
12524,25173
12524,25174
12524,25175
12524,25176
12524,25177
12524,25178
12524,25179
12524,25180
12524,25181
12524,25182
12524,25183
12524,25184
12524,25185
12524,25186
12524,25187
12524,25188
12524,25189
12524,25190
12524,25191
12524,25192
12524,25193
12524,25194
12524,25195
12524,25196
12524,25197
12524,25198
12524,25199
12524,25200
12524,25201
12524,25202
12524,25203
12524,25204
12524,25205
12524,25206
12524,25207
12524,25208
12524,25209
12524,25210
12524,25211
12524,25212
12524,25213
12524,25214
12524,25215
12525,24994
12525,24995
12525,24996
12525,24997
12525,24998
12525,24999
12525,25000
12525,25001
12525,25002
12525,25003
12525,25004
12525,25005
12525,25006
12525,25007
12525,25008
12525,25009
12525,25010
12525,25011
12525,25012
12525,25013
12525,25014
12525,25015
12525,25016
12525,25017
12525,25018
12525,25019
12525,25020
12525,25021
12525,25022
12525,25023
12525,25024
12525,25025
12525,25026
12525,25027
12525,25028
12525,25029
12525,25030
12525,25031
12525,25032
12525,25033
12525,25034
12525,25035
12525,25036
12525,25037
12525,25038
12525,25039
12525,25040
12525,25041
12525,25042
12525,25043
12525,25044
12525,25045
12525,25046
12525,25047
12525,25048
12525,25049
12525,25050
12525,25051
12525,25052
12525,25053
12525,25054
12525,25055
12525,25056
12525,25057
12525,25058
12525,25059
12525,25060
12525,25061
12525,25062
12525,25063
12525,25064
12525,25065
12525,25066
12525,25067
12525,25068
12525,25069
12525,25070
12525,25071
12525,25072
12525,25073
12525,25074
12525,25075
12525,25076
12525,25077
12525,25078
12525,25079
12525,25080
12525,25081
12525,25082
12525,25083
12525,25084
12525,25085
12525,25086
12525,25087
12525,25088
12525,25089
12525,25090
12525,25091
12525,25092
12525,25093
12525,25094
12525,25095
12525,25096
12525,25097
12525,25098
12525,25099
12525,25100
12525,25101
12525,25102
12525,25103
12525,25104
12525,25105
12525,25106
12525,25107
12525,25108
12525,25109
12525,25110
12525,25111
12525,25112
12525,25113
12525,25114
12525,25115
12525,25116
12525,25117
12525,25118
12525,25119
12525,25120
12525,25121
12525,25122
12525,25123
12525,25124
12525,25125
12525,25126
12525,25127
12525,25128
12525,25129
12525,25130
12525,25131
12525,25132
12525,25133
12525,25134
12525,25135
12525,25136
12525,25137
12525,25138
12525,25139
12525,25140
12525,25141
12525,25142
12525,25143
12525,25144
12525,25145
12525,25146
12525,25147
12525,25148
12525,25149
12525,25150
12525,25151
12525,25152
12525,25153
12525,25154
12525,25155
12525,25156
12525,25157
12525,25158
12525,25159
12525,25160
12525,25161
12525,25162
12525,25163
12525,25164
12525,25165
12525,25166
12525,25167
12525,25168
12525,25169
12525,25170
12525,25171
12525,25172
12525,25173
12525,25174
12525,25175
12525,25176
12525,25177
12525,25178
12525,25179
12525,25180
12525,25181
12525,25182
12525,25183
12525,25184
12525,25185
12525,25186
12525,25187
12525,25188
12525,25189
12525,25190
12525,25191
12525,25192
12525,25193
12525,25194
12525,25195
12525,25196
12525,25197
12525,25198
12525,25199
12525,25200
12525,25201
12525,25202
12525,25203
12525,25204
12525,25205
12525,25206
12525,25207
12525,25208
12525,25209
12525,25210
12525,25211
12525,25212
12526,24993
12526,24994
12526,24995
12526,24996
12526,24997
12526,24998
12526,24999
12526,25000
12526,25001
12526,25002
12526,25003
12526,25004
12526,25005
12526,25006
12526,25