"X","Y"
19930,16916
19930,16917
19930,16918
19931,16913
19931,16914
19931,16915
19931,16916
19931,16917
19931,16918
19931,16919
19931,16920
19932,16911
19932,16912
19932,16913
19932,16914
19932,16915
19932,16916
19932,16917
19932,16918
19932,16919
19932,16920
19932,16921
19933,16910
19933,16911
19933,16912
19933,16913
19933,16914
19933,16915
19933,16916
19933,16917
19933,16918
19933,16919
19933,16920
19933,16921
19933,16922
19934,16909
19934,16910
19934,16911
19934,16912
19934,16913
19934,16914
19934,16915
19934,16916
19934,16917
19934,16918
19934,16919
19934,16920
19934,16921
19934,16922
19935,16909
19935,16910
19935,16911
19935,16912
19935,16913
19935,16914
19935,16915
19935,16916
19935,16917
19935,16918
19935,16919
19935,16920
19935,16921
19935,16922
19935,16923
19936,16908
19936,16909
19936,16910
19936,16911
19936,16912
19936,16913
19936,16914
19936,16915
19936,16916
19936,16917
19936,16918
19936,16919
19936,16920
19936,16921
19936,16922
19936,16923
19937,16908
19937,16909
19937,16910
19937,16911
19937,16912
19937,16913
19937,16914
19937,16915
19937,16916
19937,16917
19937,16918
19937,16919
19937,16920
19937,16921
19937,16922
19937,16923
19938,16908
19938,16909
19938,16910
19938,16911
19938,16912
19938,16913
19938,16914
19938,16915
19938,16916
19938,16917
19938,16918
19938,16919
19938,16920
19938,16921
19938,16922
19939,16907
19939,16908
19939,16909
19939,16910
19939,16911
19939,16912
19939,16913
19939,16914
19939,16915
19939,16916
19939,16917
19939,16918
19939,16919
19939,16920
19939,16921
19939,16922
19939,16923
19940,16906
19940,16907
19940,16908
19940,16909
19940,16910
19940,16911
19940,16912
19940,16913
19940,16914
19940,16915
19940,16916
19940,16917
19940,16918
19940,16919
19940,16920
19940,16921
19940,16922
19940,16923
19940,16924
19941,16905
19941,16906
19941,16907
19941,16908
19941,16909
19941,16910
19941,16911
19941,16912
19941,16913
19941,16914
19941,16915
19941,16916
19941,16917
19941,16918
19941,16919
19941,16920
19941,16921
19941,16922
19941,16923
19941,16924
19941,16925
19941,16926
19942,16903
19942,16904
19942,16905
19942,16906
19942,16907
19942,16908
19942,16909
19942,16910
19942,16911
19942,16912
19942,16913
19942,16914
19942,16915
19942,16916
19942,16917
19942,16918
19942,16919
19942,16920
19942,16921
19942,16922
19942,16923
19942,16924
19942,16925
19942,16926
19942,16927
19942,16928
19942,16929
19942,16932
19943,16900
19943,16901
19943,16902
19943,16903
19943,16904
19943,16905
19943,16906
19943,16907
19943,16908
19943,16909
19943,16910
19943,16911
19943,16912
19943,16913
19943,16914
19943,16915
19943,16916
19943,16917
19943,16918
19943,16919
19943,16920
19943,16921
19943,16922
19943,16923
19943,16924
19943,16925
19943,16926
19943,16927
19943,16928
19943,16929
19943,16930
19943,16931
19943,16932
19943,16933
19943,16934
19944,16898
19944,16899
19944,16900
19944,16901
19944,16902
19944,16903
19944,16904
19944,16905
19944,16906
19944,16907
19944,16908
19944,16909
19944,16910
19944,16911
19944,16912
19944,16913
19944,16914
19944,16915
19944,16916
19944,16917
19944,16918
19944,16919
19944,16920
19944,16921
19944,16922
19944,16923
19944,16924
19944,16925
19944,16926
19944,16927
19944,16928
19944,16929
19944,16930
19944,16931
19944,16932
19944,16933
19944,16934
19944,16935
19945,16897
19945,16898
19945,16899
19945,16900
19945,16901
19945,16902
19945,16903
19945,16904
19945,16905
19945,16906
19945,16907
19945,16908
19945,16909
19945,16910
19945,16911
19945,16912
19945,16913
19945,16914
19945,16915
19945,16916
19945,16917
19945,16918
19945,16919
19945,16920
19945,16921
19945,16922
19945,16923
19945,16924
19945,16925
19945,16926
19945,16927
19945,16928
19945,16929
19945,16930
19945,16931
19945,16932
19945,16933
19945,16934
19945,16935
19945,16936
19946,16896
19946,16897
19946,16898
19946,16899
19946,16900
19946,16901
19946,16902
19946,16903
19946,16904
19946,16905
19946,16906
19946,16907
19946,16908
19946,16909
19946,16910
19946,16911
19946,16912
19946,16913
19946,16914
19946,16915
19946,16916
19946,16917
19946,16918
19946,16919
19946,16920
19946,16921
19946,16922
19946,16923
19946,16924
19946,16925
19946,16926
19946,16927
19946,16928
19946,16929
19946,16930
19946,16931
19946,16932
19946,16933
19946,16934
19946,16935
19946,16936
19947,16896
19947,16897
19947,16898
19947,16899
19947,16900
19947,16901
19947,16902
19947,16903
19947,16904
19947,16905
19947,16906
19947,16907
19947,16908
19947,16909
19947,16910
19947,16911
19947,16912
19947,16913
19947,16914
19947,16915
19947,16916
19947,16917
19947,16918
19947,16919
19947,16920
19947,16921
19947,16922
19947,16923
19947,16924
19947,16925
19947,16926
19947,16927
19947,16928
19947,16929
19947,16930
19947,16931
19947,16932
19947,16933
19947,16934
19947,16935
19947,16936
19947,16937
19948,16896
19948,16897
19948,16898
19948,16899
19948,16900
19948,16901
19948,16902
19948,16903
19948,16904
19948,16905
19948,16906
19948,16907
19948,16908
19948,16909
19948,16910
19948,16911
19948,16912
19948,16913
19948,16914
19948,16915
19948,16916
19948,16917
19948,16918
19948,16919
19948,16920
19948,16921
19948,16922
19948,16923
19948,16924
19948,16925
19948,16926
19948,16927
19948,16928
19948,16929
19948,16930
19948,16931
19948,16932
19948,16933
19948,16934
19948,16935
19948,16936
19949,16895
19949,16896
19949,16897
19949,16898
19949,16899
19949,16900
19949,16901
19949,16902
19949,16903
19949,16904
19949,16905
19949,16906
19949,16907
19949,16908
19949,16909
19949,16910
19949,16911
19949,16912
19949,16913
19949,16914
19949,16915
19949,16916
19949,16917
19949,16918
19949,16919
19949,16920
19949,16921
19949,16922
19949,16923
19949,16924
19949,16925
19949,16926
19949,16927
19949,16928
19949,16929
19949,16930
19949,16931
19949,16932
19949,16933
19949,16934
19949,16935
19949,16936
19949,16937
19950,16895
19950,16896
19950,16897
19950,16898
19950,16899
19950,16900
19950,16901
19950,16902
19950,16903
19950,16904
19950,16905
19950,16906
19950,16907
19950,16908
19950,16909
19950,16910
19950,16911
19950,16912
19950,16913
19950,16914
19950,16915
19950,16916
19950,16917
19950,16918
19950,16919
19950,16920
19950,16921
19950,16922
19950,16923
19950,16924
19950,16925
19950,16926
19950,16927
19950,16928
19950,16929
19950,16930
19950,16931
19950,16932
19950,16933
19950,16934
19950,16935
19950,16936
19950,16937
19951,16895
19951,16896
19951,16897
19951,16898
19951,16899
19951,16900
19951,16901
19951,16902
19951,16903
19951,16904
19951,16905
19951,16906
19951,16907
19951,16908
19951,16909
19951,16910
19951,16911
19951,16912
19951,16913
19951,16914
19951,16915
19951,16916
19951,16917
19951,16918
19951,16919
19951,16920
19951,16921
19951,16922
19951,16923
19951,16924
19951,16925
19951,16926
19951,16927
19951,16928
19951,16929
19951,16930
19951,16931
19951,16932
19951,16933
19951,16934
19951,16935
19951,16936
19952,16895
19952,16896
19952,16897
19952,16898
19952,16899
19952,16900
19952,16901
19952,16902
19952,16903
19952,16904
19952,16905
19952,16906
19952,16907
19952,16908
19952,16909
19952,16910
19952,16911
19952,16912
19952,16913
19952,16914
19952,16915
19952,16916
19952,16917
19952,16918
19952,16919
19952,16920
19952,16921
19952,16922
19952,16923
19952,16924
19952,16925
19952,16926
19952,16927
19952,16928
19952,16929
19952,16930
19952,16931
19952,16932
19952,16933
19952,16934
19952,16935
19952,16936
19953,16895
19953,16896
19953,16897
19953,16898
19953,16899
19953,16900
19953,16901
19953,16902
19953,16903
19953,16904
19953,16905
19953,16906
19953,16907
19953,16908
19953,16909
19953,16910
19953,16911
19953,16912
19953,16913
19953,16914
19953,16915
19953,16916
19953,16917
19953,16918
19953,16919
19953,16920
19953,16921
19953,16922
19953,16923
19953,16924
19953,16925
19953,16926
19953,16927
19953,16928
19953,16929
19953,16930
19953,16931
19953,16932
19953,16933
19953,16934
19953,16935
19953,16936
19954,16894
19954,16895
19954,16896
19954,16897
19954,16898
19954,16899
19954,16900
19954,16901
19954,16902
19954,16903
19954,16904
19954,16905
19954,16906
19954,16907
19954,16908
19954,16909
19954,16910
19954,16911
19954,16912
19954,16913
19954,16914
19954,16915
19954,16916
19954,16917
19954,16918
19954,16919
19954,16920
19954,16921
19954,16922
19954,16923
19954,16924
19954,16925
19954,16926
19954,16927
19954,16928
19954,16929
19954,16930
19954,16931
19954,16932
19954,16933
19954,16934
19954,16935
19954,16936
19955,16892
19955,16893
19955,16894
19955,16895
19955,16896
19955,16897
19955,16898
19955,16899
19955,16900
19955,16901
19955,16902
19955,16903
19955,16904
19955,16905
19955,16906
19955,16907
19955,16908
19955,16909
19955,16910
19955,16911
19955,16912
19955,16913
19955,16914
19955,16915
19955,16916
19955,16917
19955,16918
19955,16919
19955,16920
19955,16921
19955,16922
19955,16923
19955,16924
19955,16925
19955,16926
19955,16927
19955,16928
19955,16929
19955,16930
19955,16931
19955,16932
19955,16933
19955,16934
19955,16935
19956,16883
19956,16885
19956,16886
19956,16887
19956,16890
19956,16891
19956,16892
19956,16893
19956,16894
19956,16895
19956,16896
19956,16897
19956,16898
19956,16899
19956,16900
19956,16901
19956,16902
19956,16903
19956,16904
19956,16905
19956,16906
19956,16907
19956,16908
19956,16909
19956,16910
19956,16911
19956,16912
19956,16913
19956,16914
19956,16915
19956,16916
19956,16917
19956,16918
19956,16919
19956,16920
19956,16921
19956,16922
19956,16923
19956,16924
19956,16925
19956,16926
19956,16927
19956,16928
19956,16929
19956,16930
19956,16931
19956,16932
19956,16933
19956,16934
19956,16935
19956,16936
19957,16880
19957,16881
19957,16882
19957,16883
19957,16884
19957,16885
19957,16886
19957,16887
19957,16888
19957,16889
19957,16890
19957,16891
19957,16892
19957,16893
19957,16894
19957,16895
19957,16896
19957,16897
19957,16898
19957,16899
19957,16900
19957,16901
19957,16902
19957,16903
19957,16904
19957,16905
19957,16906
19957,16907
19957,16908
19957,16909
19957,16910
19957,16911
19957,16912
19957,16913
19957,16914
19957,16915
19957,16916
19957,16917
19957,16918
19957,16919
19957,16920
19957,16921
19957,16922
19957,16923
19957,16924
19957,16925
19957,16926
19957,16927
19957,16928
19957,16929
19957,16930
19957,16931
19957,16932
19957,16933
19957,16934
19957,16935
19957,16936
19958,16879
19958,16880
19958,16881
19958,16882
19958,16883
19958,16884
19958,16885
19958,16886
19958,16887
19958,16888
19958,16889
19958,16890
19958,16891
19958,16892
19958,16893
19958,16894
19958,16895
19958,16896
19958,16897
19958,16898
19958,16899
19958,16900
19958,16901
19958,16902
19958,16903
19958,16904
19958,16905
19958,16906
19958,16907
19958,16908
19958,16909
19958,16910
19958,16911
19958,16912
19958,16913
19958,16914
19958,16915
19958,16916
19958,16917
19958,16918
19958,16919
19958,16920
19958,16921
19958,16922
19958,16923
19958,16924
19958,16925
19958,16926
19958,16927
19958,16928
19958,16929
19958,16930
19958,16931
19958,16932
19958,16933
19958,16934
19958,16935
19958,16936
19959,16878
19959,16879
19959,16880
19959,16881
19959,16882
19959,16883
19959,16884
19959,16885
19959,16886
19959,16887
19959,16888
19959,16889
19959,16890
19959,16891
19959,16892
19959,16893
19959,16894
19959,16895
19959,16896
19959,16897
19959,16898
19959,16899
19959,16900
19959,16901
19959,16902
19959,16903
19959,16904
19959,16905
19959,16906
19959,16907
19959,16908
19959,16909
19959,16910
19959,16911
19959,16912
19959,16913
19959,16914
19959,16915
19959,16916
19959,16917
19959,16918
19959,16919
19959,16920
19959,16921
19959,16922
19959,16923
19959,16924
19959,16925
19959,16926
19959,16927
19959,16928
19959,16929
19959,16930
19959,16931
19959,16932
19959,16933
19959,16934
19959,16935
19959,16936
19959,16937
19960,16877
19960,16878
19960,16879
19960,16880
19960,16881
19960,16882
19960,16883
19960,16884
19960,16885
19960,16886
19960,16887
19960,16888
19960,16889
19960,16890
19960,16891
19960,16892
19960,16893
19960,16894
19960,16895
19960,16896
19960,16897
19960,16898
19960,16899
19960,16900
19960,16901
19960,16902
19960,16903
19960,16904
19960,16905
19960,16906
19960,16907
19960,16908
19960,16909
19960,16910
19960,16911
19960,16912
19960,16913
19960,16914
19960,16915
19960,16916
19960,16917
19960,16918
19960,16919
19960,16920
19960,16921
19960,16922
19960,16923
19960,16924
19960,16925
19960,16926
19960,16927
19960,16928
19960,16929
19960,16930
19960,16931
19960,16932
19960,16933
19960,16934
19960,16935
19960,16936
19960,16937
19960,16938
19961,16876
19961,16877
19961,16878
19961,16879
19961,16880
19961,16881
19961,16882
19961,16883
19961,16884
19961,16885
19961,16886
19961,16887
19961,16888
19961,16889
19961,16890
19961,16891
19961,16892
19961,16893
19961,16894
19961,16895
19961,16896
19961,16897
19961,16898
19961,16899
19961,16900
19961,16901
19961,16902
19961,16903
19961,16904
19961,16905
19961,16906
19961,16907
19961,16908
19961,16909
19961,16910
19961,16911
19961,16912
19961,16913
19961,16914
19961,16915
19961,16916
19961,16917
19961,16918
19961,16919
19961,16920
19961,16921
19961,16922
19961,16923
19961,16924
19961,16925
19961,16926
19961,16927
19961,16928
19961,16929
19961,16930
19961,16931
19961,16932
19961,16933
19961,16934
19961,16935
19961,16936
19961,16937
19961,16938
19961,16939
19962,16875
19962,16876
19962,16877
19962,16878
19962,16879
19962,16880
19962,16881
19962,16882
19962,16883
19962,16884
19962,16885
19962,16886
19962,16887
19962,16888
19962,16889
19962,16890
19962,16891
19962,16892
19962,16893
19962,16894
19962,16895
19962,16896
19962,16897
19962,16898
19962,16899
19962,16900
19962,16901
19962,16902
19962,16903
19962,16904
19962,16905
19962,16906
19962,16907
19962,16908
19962,16909
19962,16910
19962,16911
19962,16912
19962,16913
19962,16914
19962,16915
19962,16916
19962,16917
19962,16918
19962,16919
19962,16920
19962,16921
19962,16922
19962,16923
19962,16924
19962,16925
19962,16926
19962,16927
19962,16928
19962,16929
19962,16930
19962,16931
19962,16932
19962,16933
19962,16934
19962,16935
19962,16936
19962,16937
19962,16938
19962,16939
19962,16940
19963,16875
19963,16876
19963,16877
19963,16878
19963,16879
19963,16880
19963,16881
19963,16882
19963,16883
19963,16884
19963,16885
19963,16886
19963,16887
19963,16888
19963,16889
19963,16890
19963,16891
19963,16892
19963,16893
19963,16894
19963,16895
19963,16896
19963,16897
19963,16898
19963,16899
19963,16900
19963,16901
19963,16902
19963,16903
19963,16904
19963,16905
19963,16906
19963,16907
19963,16908
19963,16909
19963,16910
19963,16911
19963,16912
19963,16913
19963,16914
19963,16915
19963,16916
19963,16917
19963,16918
19963,16919
19963,16920
19963,16921
19963,16922
19963,16923
19963,16924
19963,16925
19963,16926
19963,16927
19963,16928
19963,16929
19963,16930
19963,16931
19963,16932
19963,16933
19963,16934
19963,16935
19963,16936
19963,16937
19963,16938
19963,16939
19963,16940
19963,16941
19964,16875
19964,16876
19964,16877
19964,16878
19964,16879
19964,16880
19964,16881
19964,16882
19964,16883
19964,16884
19964,16885
19964,16886
19964,16887
19964,16888
19964,16889
19964,16890
19964,16891
19964,16892
19964,16893
19964,16894
19964,16895
19964,16896
19964,16897
19964,16898
19964,16899
19964,16900
19964,16901
19964,16902
19964,16903
19964,16904
19964,16905
19964,16906
19964,16907
19964,16908
19964,16909
19964,16910
19964,16911
19964,16912
19964,16913
19964,16914
19964,16915
19964,16916
19964,16917
19964,16918
19964,16919
19964,16920
19964,16921
19964,16922
19964,16923
19964,16924
19964,16925
19964,16926
19964,16927
19964,16928
19964,16929
19964,16930
19964,16931
19964,16932
19964,16933
19964,16934
19964,16935
19964,16936
19964,16937
19964,16938
19964,16939
19964,16940
19964,16941
19964,16942
19965,16874
19965,16875
19965,16876
19965,16877
19965,16878
19965,16879
19965,16880
19965,16881
19965,16882
19965,16883
19965,16884
19965,16885
19965,16886
19965,16887
19965,16888
19965,16889
19965,16890
19965,16891
19965,16892
19965,16893
19965,16894
19965,16895
19965,16896
19965,16897
19965,16898
19965,16899
19965,16900
19965,16901
19965,16902
19965,16903
19965,16904
19965,16905
19965,16906
19965,16907
19965,16908
19965,16909
19965,16910
19965,16911
19965,16912
19965,16913
19965,16914
19965,16915
19965,16916
19965,16917
19965,16918
19965,16919
19965,16920
19965,16921
19965,16922
19965,16923
19965,16924
19965,16925
19965,16926
19965,16927
19965,16928
19965,16929
19965,16930
19965,16931
19965,16932
19965,16933
19965,16934
19965,16935
19965,16936
19965,16937
19965,16938
19965,16939
19965,16940
19965,16941
19965,16942
19965,16943
19965,16945
19966,16874
19966,16875
19966,16876
19966,16877
19966,16878
19966,16879
19966,16880
19966,16881
19966,16882
19966,16883
19966,16884
19966,16885
19966,16886
19966,16887
19966,16888
19966,16889
19966,16890
19966,16891
19966,16892
19966,16893
19966,16894
19966,16895
19966,16896
19966,16897
19966,16898
19966,16899
19966,16900
19966,16901
19966,16902
19966,16903
19966,16904
19966,16905
19966,16906
19966,16907
19966,16908
19966,16909
19966,16910
19966,16911
19966,16912
19966,16913
19966,16914
19966,16915
19966,16916
19966,16917
19966,16918
19966,16919
19966,16920
19966,16921
19966,16922
19966,16923
19966,16924
19966,16925
19966,16926
19966,16927
19966,16928
19966,16929
19966,16930
19966,16931
19966,16932
19966,16933
19966,16934
19966,16935
19966,16936
19966,16937
19966,16938
19966,16939
19966,16940
19966,16941
19966,16942
19966,16943
19966,16944
19966,16945
19966,16946
19966,16947
19966,16948
19967,16872
19967,16873
19967,16874
19967,16875
19967,16876
19967,16877
19967,16878
19967,16879
19967,16880
19967,16881
19967,16882
19967,16883
19967,16884
19967,16885
19967,16886
19967,16887
19967,16888
19967,16889
19967,16890
19967,16891
19967,16892
19967,16893
19967,16894
19967,16895
19967,16896
19967,16897
19967,16898
19967,16899
19967,16900
19967,16901
19967,16902
19967,16903
19967,16904
19967,16905
19967,16906
19967,16907
19967,16908
19967,16909
19967,16910
19967,16911
19967,16912
19967,16913
19967,16914
19967,16915
19967,16916
19967,16917
19967,16918
19967,16919
19967,16920
19967,16921
19967,16922
19967,16923
19967,16924
19967,16925
19967,16926
19967,16927
19967,16928
19967,16929
19967,16930
19967,16931
19967,16932
19967,16933
19967,16934
19967,16935
19967,16936
19967,16937
19967,16938
19967,16939
19967,16940
19967,16941
19967,16942
19967,16943
19967,16944
19967,16945
19967,16946
19967,16947
19967,16948
19967,16949
19967,16950
19968,16870
19968,16871
19968,16872
19968,16873
19968,16874
19968,16875
19968,16876
19968,16877
19968,16878
19968,16879
19968,16880
19968,16881
19968,16882
19968,16883
19968,16884
19968,16885
19968,16886
19968,16887
19968,16888
19968,16889
19968,16890
19968,16891
19968,16892
19968,16893
19968,16894
19968,16895
19968,16896
19968,16897
19968,16898
19968,16899
19968,16900
19968,16901
19968,16902
19968,16903
19968,16904
19968,16905
19968,16906
19968,16907
19968,16908
19968,16909
19968,16910
19968,16911
19968,16912
19968,16913
19968,16914
19968,16915
19968,16916
19968,16917
19968,16918
19968,16919
19968,16920
19968,16921
19968,16922
19968,16923
19968,16924
19968,16925
19968,16926
19968,16927
19968,16928
19968,16929
19968,16930
19968,16931
19968,16932
19968,16933
19968,16934
19968,16935
19968,16936
19968,16937
19968,16938
19968,16939
19968,16940
19968,16941
19968,16942
19968,16943
19968,16944
19968,16945
19968,16946
19968,16947
19968,16948
19968,16949
19968,16950
19968,16951
19968,16952
19969,16868
19969,16869
19969,16870
19969,16871
19969,16872
19969,16873
19969,16874
19969,16875
19969,16876
19969,16877
19969,16878
19969,16879
19969,16880
19969,16881
19969,16882
19969,16883
19969,16884
19969,16885
19969,16886
19969,16887
19969,16888
19969,16889
19969,16890
19969,16891
19969,16892
19969,16893
19969,16894
19969,16895
19969,16896
19969,16897
19969,16898
19969,16899
19969,16900
19969,16901
19969,16902
19969,16903
19969,16904
19969,16905
19969,16906
19969,16907
19969,16908
19969,16909
19969,16910
19969,16911
19969,16912
19969,16913
19969,16914
19969,16915
19969,16916
19969,16917
19969,16918
19969,16919
19969,16920
19969,16921
19969,16922
19969,16923
19969,16924
19969,16925
19969,16926
19969,16927
19969,16928
19969,16929
19969,16930
19969,16931
19969,16932
19969,16933
19969,16934
19969,16935
19969,16936
19969,16937
19969,16938
19969,16939
19969,16940
19969,16941
19969,16942
19969,16943
19969,16944
19969,16945
19969,16946
19969,16947
19969,16948
19969,16949
19969,16950
19969,16951
19969,16952
19969,16953
19970,16865
19970,16866
19970,16867
19970,16868
19970,16869
19970,16870
19970,16871
19970,16872
19970,16873
19970,16874
19970,16875
19970,16876
19970,16877
19970,16878
19970,16879
19970,16880
19970,16881
19970,16882
19970,16883
19970,16884
19970,16885
19970,16886
19970,16887
19970,16888
19970,16889
19970,16890
19970,16891
19970,16892
19970,16893
19970,16894
19970,16895
19970,16896
19970,16897
19970,16898
19970,16899
19970,16900
19970,16901
19970,16902
19970,16903
19970,16904
19970,16905
19970,16906
19970,16907
19970,16908
19970,16909
19970,16910
19970,16911
19970,16912
19970,16913
19970,16914
19970,16915
19970,16916
19970,16917
19970,16918
19970,16919
19970,16920
19970,16921
19970,16922
19970,16923
19970,16924
19970,16925
19970,16926
19970,16927
19970,16928
19970,16929
19970,16930
19970,16931
19970,16932
19970,16933
19970,16934
19970,16935
19970,16936
19970,16937
19970,16938
19970,16939
19970,16940
19970,16941
19970,16942
19970,16943
19970,16944
19970,16945
19970,16946
19970,16947
19970,16948
19970,16949
19970,16950
19970,16951
19970,16952
19970,16953
19970,16954
19970,16955
19970,16957
19971,16864
19971,16865
19971,16866
19971,16867
19971,16868
19971,16869
19971,16870
19971,16871
19971,16872
19971,16873
19971,16874
19971,16875
19971,16876
19971,16877
19971,16878
19971,16879
19971,16880
19971,16881
19971,16882
19971,16883
19971,16884
19971,16885
19971,16886
19971,16887
19971,16888
19971,16889
19971,16890
19971,16891
19971,16892
19971,16893
19971,16894
19971,16895
19971,16896
19971,16897
19971,16898
19971,16899
19971,16900
19971,16901
19971,16902
19971,16903
19971,16904
19971,16905
19971,16906
19971,16907
19971,16908
19971,16909
19971,16910
19971,16911
19971,16912
19971,16913
19971,16914
19971,16915
19971,16916
19971,16917
19971,16918
19971,16919
19971,16920
19971,16921
19971,16922
19971,16923
19971,16924
19971,16925
19971,16926
19971,16927
19971,16928
19971,16929
19971,16930
19971,16931
19971,16932
19971,16933
19971,16934
19971,16935
19971,16936
19971,16937
19971,16938
19971,16939
19971,16940
19971,16941
19971,16942
19971,16943
19971,16944
19971,16945
19971,16946
19971,16947
19971,16948
19971,16949
19971,16950
19971,16951
19971,16952
19971,16953
19971,16954
19971,16955
19971,16956
19971,16957
19971,16958
19971,16959
19971,16960
19971,16961
19972,16862
19972,16863
19972,16864
19972,16865
19972,16866
19972,16867
19972,16868
19972,16869
19972,16870
19972,16871
19972,16872
19972,16873
19972,16874
19972,16875
19972,16876
19972,16877
19972,16878
19972,16879
19972,16880
19972,16881
19972,16882
19972,16883
19972,16884
19972,16885
19972,16886
19972,16887
19972,16888
19972,16889
19972,16890
19972,16891
19972,16892
19972,16893
19972,16894
19972,16895
19972,16896
19972,16897
19972,16898
19972,16899
19972,16900
19972,16901
19972,16902
19972,16903
19972,16904
19972,16905
19972,16906
19972,16907
19972,16908
19972,16909
19972,16910
19972,16911
19972,16912
19972,16913
19972,16914
19972,16915
19972,16916
19972,16917
19972,16918
19972,16919
19972,16920
19972,16921
19972,16922
19972,16923
19972,16924
19972,16925
19972,16926
19972,16927
19972,16928
19972,16929
19972,16930
19972,16931
19972,16932
19972,16933
19972,16934
19972,16935
19972,16936
19972,16937
19972,16938
19972,16939
19972,16940
19972,16941
19972,16942
19972,16943
19972,16944
19972,16945
19972,16946
19972,16947
19972,16948
19972,16949
19972,16950
19972,16951
19972,16952
19972,16953
19972,16954
19972,16955
19972,16956
19972,16957
19972,16958
19972,16959
19972,16960
19972,16961
19972,16962
19972,16963
19972,16964
19973,16861
19973,16862
19973,16863
19973,16864
19973,16865
19973,16866
19973,16867
19973,16868
19973,16869
19973,16870
19973,16871
19973,16872
19973,16873
19973,16874
19973,16875
19973,16876
19973,16877
19973,16878
19973,16879
19973,16880
19973,16881
19973,16882
19973,16883
19973,16884
19973,16885
19973,16886
19973,16887
19973,16888
19973,16889
19973,16890
19973,16891
19973,16892
19973,16893
19973,16894
19973,16895
19973,16896
19973,16897
19973,16898
19973,16899
19973,16900
19973,16901
19973,16902
19973,16903
19973,16904
19973,16905
19973,16906
19973,16907
19973,16908
19973,16909
19973,16910
19973,16911
19973,16912
19973,16913
19973,16914
19973,16915
19973,16916
19973,16917
19973,16918
19973,16919
19973,16920
19973,16921
19973,16922
19973,16923
19973,16924
19973,16925
19973,16926
19973,16927
19973,16928
19973,16929
19973,16930
19973,16931
19973,16932
19973,16933
19973,16934
19973,16935
19973,16936
19973,16937
19973,16938
19973,16939
19973,16940
19973,16941
19973,16942
19973,16943
19973,16944
19973,16945
19973,16946
19973,16947
19973,16948
19973,16949
19973,16950
19973,16951
19973,16952
19973,16953
19973,16954
19973,16955
19973,16956
19973,16957
19973,16958
19973,16959
19973,16960
19973,16961
19973,16962
19973,16963
19973,16964
19973,16965
19973,16966
19974,16860
19974,16861
19974,16862
19974,16863
19974,16864
19974,16865
19974,16866
19974,16867
19974,16868
19974,16869
19974,16870
19974,16871
19974,16872
19974,16873
19974,16874
19974,16875
19974,16876
19974,16877
19974,16878
19974,16879
19974,16880
19974,16881
19974,16882
19974,16883
19974,16884
19974,16885
19974,16886
19974,16887
19974,16888
19974,16889
19974,16890
19974,16891
19974,16892
19974,16893
19974,16894
19974,16895
19974,16896
19974,16897
19974,16898
19974,16899
19974,16900
19974,16901
19974,16902
19974,16903
19974,16904
19974,16905
19974,16906
19974,16907
19974,16908
19974,16909
19974,16910
19974,16911
19974,16912
19974,16913
19974,16914
19974,16915
19974,16916
19974,16917
19974,16918
19974,16919
19974,16920
19974,16921
19974,16922
19974,16923
19974,16924
19974,16925
19974,16926
19974,16927
19974,16928
19974,16929
19974,16930
19974,16931
19974,16932
19974,16933
19974,16934
19974,16935
19974,16936
19974,16937
19974,16938
19974,16939
19974,16940
19974,16941
19974,16942
19974,16943
19974,16944
19974,16945
19974,16946
19974,16947
19974,16948
19974,16949
19974,16950
19974,16951
19974,16952
19974,16953
19974,16954
19974,16955
19974,16956
19974,16957
19974,16958
19974,16959
19974,16960
19974,16961
19974,16962
19974,16963
19974,16964
19974,16965
19974,16966
19974,16967
19974,16968
19975,16858
19975,16859
19975,16860
19975,16861
19975,16862
19975,16863
19975,16864
19975,16865
19975,16866
19975,16867
19975,16868
19975,16869
19975,16870
19975,16871
19975,16872
19975,16873
19975,16874
19975,16875
19975,16876
19975,16877
19975,16878
19975,16879
19975,16880
19975,16881
19975,16882
19975,16883
19975,16884
19975,16885
19975,16886
19975,16887
19975,16888
19975,16889
19975,16890
19975,16891
19975,16892
19975,16893
19975,16894
19975,16895
19975,16896
19975,16897
19975,16898
19975,16899
19975,16900
19975,16901
19975,16902
19975,16903
19975,16904
19975,16905
19975,16906
19975,16907
19975,16908
19975,16909
19975,16910
19975,16911
19975,16912
19975,16913
19975,16914
19975,16915
19975,16916
19975,16917
19975,16918
19975,16919
19975,16920
19975,16921
19975,16922
19975,16923
19975,16924
19975,16925
19975,16926
19975,16927
19975,16928
19975,16929
19975,16930
19975,16931
19975,16932
19975,16933
19975,16934
19975,16935
19975,16936
19975,16937
19975,16938
19975,16939
19975,16940
19975,16941
19975,16942
19975,16943
19975,16944
19975,16945
19975,16946
19975,16947
19975,16948
19975,16949
19975,16950
19975,16951
19975,16952
19975,16953
19975,16954
19975,16955
19975,16956
19975,16957
19975,16958
19975,16959
19975,16960
19975,16961
19975,16962
19975,16963
19975,16964
19975,16965
19975,16966
19975,16967
19975,16968
19975,16969
19976,16857
19976,16858
19976,16859
19976,16860
19976,16861
19976,16862
19976,16863
19976,16864
19976,16865
19976,16866
19976,16867
19976,16868
19976,16869
19976,16870
19976,16871
19976,16872
19976,16873
19976,16874
19976,16875
19976,16876
19976,16877
19976,16878
19976,16879
19976,16880
19976,16881
19976,16882
19976,16883
19976,16884
19976,16885
19976,16886
19976,16887
19976,16888
19976,16889
19976,16890
19976,16891
19976,16892
19976,16893
19976,16894
19976,16895
19976,16896
19976,16897
19976,16898
19976,16899
19976,16900
19976,16901
19976,16902
19976,16903
19976,16904
19976,16905
19976,16906
19976,16907
19976,16908
19976,16909
19976,16910
19976,16911
19976,16912
19976,16913
19976,16914
19976,16915
19976,16916
19976,16917
19976,16918
19976,16919
19976,16920
19976,16921
19976,16922
19976,16923
19976,16924
19976,16925
19976,16926
19976,16927
19976,16928
19976,16929
19976,16930
19976,16931
19976,16932
19976,16933
19976,16934
19976,16935
19976,16936
19976,16937
19976,16938
19976,16939
19976,16940
19976,16941
19976,16942
19976,16943
19976,16944
19976,16945
19976,16946
19976,16947
19976,16948
19976,16949
19976,16950
19976,16951
19976,16952
19976,16953
19976,16954
19976,16955
19976,16956
19976,16957
19976,16958
19976,16959
19976,16960
19976,16961
19976,16962
19976,16963
19976,16964
19976,16965
19976,16966
19976,16967
19976,16968
19976,16969
19976,16970
19977,16856
19977,16857
19977,16858
19977,16859
19977,16860
19977,16861
19977,16862
19977,16863
19977,16864
19977,16865
19977,16866
19977,16867
19977,16868
19977,16869
19977,16870
19977,16871
19977,16872
19977,16873
19977,16874
19977,16875
19977,16876
19977,16877
19977,16878
19977,16879
19977,16880
19977,16881
19977,16882
19977,16883
19977,16884
19977,16885
19977,16886
19977,16887
19977,16888
19977,16889
19977,16890
19977,16891
19977,16892
19977,16893
19977,16894
19977,16895
19977,16896
19977,16897
19977,16898
19977,16899
19977,16900
19977,16901
19977,16902
19977,16903
19977,16904
19977,16905
19977,16906
19977,16907
19977,16908
19977,16909
19977,16910
19977,16911
19977,16912
19977,16913
19977,16914
19977,16915
19977,16916
19977,16917
19977,16918
19977,16919
19977,16920
19977,16921
19977,16922
19977,16923
19977,16924
19977,16925
19977,16926
19977,16927
19977,16928
19977,16929
19977,16930
19977,16931
19977,16932
19977,16933
19977,16934
19977,16935
19977,16936
19977,16937
19977,16938
19977,16939
19977,16940
19977,16941
19977,16942
19977,16943
19977,16944
19977,16945
19977,16946
19977,16947
19977,16948
19977,16949
19977,16950
19977,16951
19977,16952
19977,16953
19977,16954
19977,16955
19977,16956
19977,16957
19977,16958
19977,16959
19977,16960
19977,16961
19977,16962
19977,16963
19977,16964
19977,16965
19977,16966
19977,16967
19977,16968
19977,16969
19977,16970
19977,16971
19978,16855
19978,16856
19978,16857
19978,16858
19978,16859
19978,16860
19978,16861
19978,16862
19978,16863
19978,16864
19978,16865
19978,16866
19978,16867
19978,16868
19978,16869
19978,16870
19978,16871
19978,16872
19978,16873
19978,16874
19978,16875
19978,16876
19978,16877
19978,16878
19978,16879
19978,16880
19978,16881
19978,16882
19978,16883
19978,16884
19978,16885
19978,16886
19978,16887
19978,16888
19978,16889
19978,16890
19978,16891
19978,16892
19978,16893
19978,16894
19978,16895
19978,16896
19978,16897
19978,16898
19978,16899
19978,16900
19978,16901
19978,16902
19978,16903
19978,16904
19978,16905
19978,16906
19978,16907
19978,16908
19978,16909
19978,16910
19978,16911
19978,16912
19978,16913
19978,16914
19978,16915
19978,16916
19978,16917
19978,16918
19978,16919
19978,16920
19978,16921
19978,16922
19978,16923
19978,16924
19978,16925
19978,16926
19978,16927
19978,16928
19978,16929
19978,16930
19978,16931
19978,16932
19978,16933
19978,16934
19978,16935
19978,16936
19978,16937
19978,16938
19978,16939
19978,16940
19978,16941
19978,16942
19978,16943
19978,16944
19978,16945
19978,16946
19978,16947
19978,16948
19978,16949
19978,16950
19978,16951
19978,16952
19978,16953
19978,16954
19978,16955
19978,16956
19978,16957
19978,16958
19978,16959
19978,16960
19978,16961
19978,16962
19978,16963
19978,16964
19978,16965
19978,16966
19978,16967
19978,16968
19978,16969
19978,16970
19978,16971
19979,16854
19979,16855
19979,16856
19979,16857
19979,16858
19979,16859
19979,16860
19979,16861
19979,16862
19979,16863
19979,16864
19979,16865
19979,16866
19979,16867
19979,16868
19979,16869
19979,16870
19979,16871
19979,16872
19979,16873
19979,16874
19979,16875
19979,16876
19979,16877
19979,16878
19979,16879
19979,16880
19979,16881
19979,16882
19979,16883
19979,16884
19979,16885
19979,16886
19979,16887
19979,16888
19979,16889
19979,16890
19979,16891
19979,16892
19979,16893
19979,16894
19979,16895
19979,16896
19979,16897
19979,16898
19979,16899
19979,16900
19979,16901
19979,16902
19979,16903
19979,16904
19979,16905
19979,16906
19979,16907
19979,16908
19979,16909
19979,16910
19979,16911
19979,16912
19979,16913
19979,16914
19979,16915
19979,16916
19979,16917
19979,16918
19979,16919
19979,16920
19979,16921
19979,16922
19979,16923
19979,16924
19979,16925
19979,16926
19979,16927
19979,16928
19979,16929
19979,16930
19979,16931
19979,16932
19979,16933
19979,16934
19979,16935
19979,16936
19979,16937
19979,16938
19979,16939
19979,16940
19979,16941
19979,16942
19979,16943
19979,16944
19979,16945
19979,16946
19979,16947
19979,16948
19979,16949
19979,16950
19979,16951
19979,16952
19979,16953
19979,16954
19979,16955
19979,16956
19979,16957
19979,16958
19979,16959
19979,16960
19979,16961
19979,16962
19979,16963
19979,16964
19979,16965
19979,16966
19979,16967
19979,16968
19979,16969
19979,16970
19979,16971
19979,16972
19980,16853
19980,16854
19980,16855
19980,16856
19980,16857
19980,16858
19980,16859
19980,16860
19980,16861
19980,16862
19980,16863
19980,16864
19980,16865
19980,16866
19980,16867
19980,16868
19980,16869
19980,16870
19980,16871
19980,16872
19980,16873
19980,16874
19980,16875
19980,16876
19980,16877
19980,16878
19980,16879
19980,16880
19980,16881
19980,16882
19980,16883
19980,16884
19980,16885
19980,16886
19980,16887
19980,16888
19980,16889
19980,16890
19980,16891
19980,16892
19980,16893
19980,16894
19980,16895
19980,16896
19980,16897
19980,16898
19980,16899
19980,16900
19980,16901
19980,16902
19980,16903
19980,16904
19980,16905
19980,16906
19980,16907
19980,16908
19980,16909
19980,16910
19980,16911
19980,16912
19980,16913
19980,16914
19980,16915
19980,16916
19980,16917
19980,16918
19980,16919
19980,16920
19980,16921
19980,16922
19980,16923
19980,16924
19980,16925
19980,16926
19980,16927
19980,16928
19980,16929
19980,16930
19980,16931
19980,16932
19980,16933
19980,16934
19980,16935
19980,16936
19980,16937
19980,16938
19980,16939
19980,16940
19980,16941
19980,16942
19980,16943
19980,16944
19980,16945
19980,16946
19980,16947
19980,16948
19980,16949
19980,16950
19980,16951
19980,16952
19980,16953
19980,16954
19980,16955
19980,16956
19980,16957
19980,16958
19980,16959
19980,16960
19980,16961
19980,16962
19980,16963
19980,16964
19980,16965
19980,16966
19980,16967
19980,16968
19980,16969
19980,16970
19980,16971
19980,16972
19980,16973
19981,16853
19981,16854
19981,16855
19981,16856
19981,16857
19981,16858
19981,16859
19981,16860
19981,16861
19981,16862
19981,16863
19981,16864
19981,16865
19981,16866
19981,16867
19981,16868
19981,16869
19981,16870
19981,16871
19981,16872
19981,16873
19981,16874
19981,16875
19981,16876
19981,16877
19981,16878
19981,16879
19981,16880
19981,16881
19981,16882
19981,16883
19981,16884
19981,16885
19981,16886
19981,16887
19981,16888
19981,16889
19981,16890
19981,16891
19981,16892
19981,16893
19981,16894
19981,16895
19981,16896
19981,16897
19981,16898
19981,16899
19981,16900
19981,16901
19981,16902
19981,16903
19981,16904
19981,16905
19981,16906
19981,16907
19981,16908
19981,16909
19981,16910
19981,16911
19981,16912
19981,16913
19981,16914
19981,16915
19981,16916
19981,16917
19981,16918
19981,16919
19981,16920
19981,16921
19981,16922
19981,16923
19981,16924
19981,16925
19981,16926
19981,16927
19981,16928
19981,16929
19981,16930
19981,16931
19981,16932
19981,16933
19981,16934
19981,16935
19981,16936
19981,16937
19981,16938
19981,16939
19981,16940
19981,16941
19981,16942
19981,16943
19981,16944
19981,16945
19981,16946
19981,16947
19981,16948
19981,16949
19981,16950
19981,16951
19981,16952
19981,16953
19981,16954
19981,16955
19981,16956
19981,16957
19981,16958
19981,16959
19981,16960
19981,16961
19981,16962
19981,16963
19981,16964
19981,16965
19981,16966
19981,16967
19981,16968
19981,16969
19981,16970
19981,16971
19981,16972
19981,16973
19981,16974
19982,16850
19982,16851
19982,16852
19982,16853
19982,16854
19982,16855
19982,16856
19982,16857
19982,16858
19982,16859
19982,16860
19982,16861
19982,16862
19982,16863
19982,16864
19982,16865
19982,16866
19982,16867
19982,16868
19982,16869
19982,16870
19982,16871
19982,16872
19982,16873
19982,16874
19982,16875
19982,16876
19982,16877
19982,16878
19982,16879
19982,16880
19982,16881
19982,16882
19982,16883
19982,16884
19982,16885
19982,16886
19982,16887
19982,16888
19982,16889
19982,16890
19982,16891
19982,16892
19982,16893
19982,16894
19982,16895
19982,16896
19982,16897
19982,16898
19982,16899
19982,16900
19982,16901
19982,16902
19982,16903
19982,16904
19982,16905
19982,16906
19982,16907
19982,16908
19982,16909
19982,16910
19982,16911
19982,16912
19982,16913
19982,16914
19982,16915
19982,16916
19982,16917
19982,16918
19982,16919
19982,16920
19982,16921
19982,16922
19982,16923
19982,16924
19982,16925
19982,16926
19982,16927
19982,16928
19982,16929
19982,16930
19982,16931
19982,16932
19982,16933
19982,16934
19982,16935
19982,16936
19982,16937
19982,16938
19982,16939
19982,16940
19982,16941
19982,16942
19982,16943
19982,16944
19982,16945
19982,16946
19982,16947
19982,16948
19982,16949
19982,16950
19982,16951
19982,16952
19982,16953
19982,16954
19982,16955
19982,16956
19982,16957
19982,16958
19982,16959
19982,16960
19982,16961
19982,16962
19982,16963
19982,16964
19982,16965
19982,16966
19982,16967
19982,16968
19982,16969
19982,16970
19982,16971
19982,16972
19982,16973
19982,16974
19983,16849
19983,16850
19983,16851
19983,16852
19983,16853
19983,16854
19983,16855
19983,16856
19983,16857
19983,16858
19983,16859
19983,16860
19983,16861
19983,16862
19983,16863
19983,16864
19983,16865
19983,16866
19983,16867
19983,16868
19983,16869
19983,16870
19983,16871
19983,16872
19983,16873
19983,16874
19983,16875
19983,16876
19983,16877
19983,16878
19983,16879
19983,16880
19983,16881
19983,16882
19983,16883
19983,16884
19983,16885
19983,16886
19983,16887
19983,16888
19983,16889
19983,16890
19983,16891
19983,16892
19983,16893
19983,16894
19983,16895
19983,16896
19983,16897
19983,16898
19983,16899
19983,16900
19983,16901
19983,16902
19983,16903
19983,16904
19983,16905
19983,16906
19983,16907
19983,16908
19983,16909
19983,16910
19983,16911
19983,16912
19983,16913
19983,16914
19983,16915
19983,16916
19983,16917
19983,16918
19983,16919
19983,16920
19983,16921
19983,16922
19983,16923
19983,16924
19983,16925
19983,16926
19983,16927
19983,16928
19983,16929
19983,16930
19983,16931
19983,16932
19983,16933
19983,16934
19983,16935
19983,16936
19983,16937
19983,16938
19983,16939
19983,16940
19983,16941
19983,16942
19983,16943
19983,16944
19983,16945
19983,16946
19983,16947
19983,16948
19983,16949
19983,16950
19983,16951
19983,16952
19983,16953
19983,16954
19983,16955
19983,16956
19983,16957
19983,16958
19983,16959
19983,16960
19983,16961
19983,16962
19983,16963
19983,16964
19983,16965
19983,16966
19983,16967
19983,16968
19983,16969
19983,16970
19983,16971
19983,16972
19983,16973
19983,16974
19983,16975
19984,16848
19984,16849
19984,16850
19984,16851
19984,16852
19984,16853
19984,16854
19984,16855
19984,16856
19984,16857
19984,16858
19984,16859
19984,16860
19984,16861
19984,16862
19984,16863
19984,16864
19984,16865
19984,16866
19984,16867
19984,16868
19984,16869
19984,16870
19984,16871
19984,16872
19984,16873
19984,16874
19984,16875
19984,16876
19984,16877
19984,16878
19984,16879
19984,16880
19984,16881
19984,16882
19984,16883
19984,16884
19984,16885
19984,16886
19984,16887
19984,16888
19984,16889
19984,16890
19984,16891
19984,16892
19984,16893
19984,16894
19984,16895
19984,16896
19984,16897
19984,16898
19984,16899
19984,16900
19984,16901
19984,16902
19984,16903
19984,16904
19984,16905
19984,16906
19984,16907
19984,16908
19984,16909
19984,16910
19984,16911
19984,16912
19984,16913
19984,16914
19984,16915
19984,16916
19984,16917
19984,16918
19984,16919
19984,16920
19984,16921
19984,16922
19984,16923
19984,16924
19984,16925
19984,16926
19984,16927
19984,16928
19984,16929
19984,16930
19984,16931
19984,16932
19984,16933
19984,16934
19984,16935
19984,16936
19984,16937
19984,16938
19984,16939
19984,16940
19984,16941
19984,16942
19984,16943
19984,16944
19984,16945
19984,16946
19984,16947
19984,16948
19984,16949
19984,16950
19984,16951
19984,16952
19984,16953
19984,16954
19984,16955
19984,16956
19984,16957
19984,16958
19984,16959
19984,16960
19984,16961
19984,16962
19984,16963
19984,16964
19984,16965
19984,16966
19984,16967
19984,16968
19984,16969
19984,16970
19984,16971
19984,16972
19984,16973
19984,16974
19984,16975
19985,16847
19985,16848
19985,16849
19985,16850
19985,16851
19985,16852
19985,16853
19985,16854
19985,16855
19985,16856
19985,16857
19985,16858
19985,16859
19985,16860
19985,16861
19985,16862
19985,16863
19985,16864
19985,16865
19985,16866
19985,16867
19985,16868
19985,16869
19985,16870
19985,16871
19985,16872
19985,16873
19985,16874
19985,16875
19985,16876
19985,16877
19985,16878
19985,16879
19985,16880
19985,16881
19985,16882
19985,16883
19985,16884
19985,16885
19985,16886
19985,16887
19985,16888
19985,16889
19985,16890
19985,16891
19985,16892
19985,16893
19985,16894
19985,16895
19985,16896
19985,16897
19985,16898
19985,16899
19985,16900
19985,16901
19985,16902
19985,16903
19985,16904
19985,16905
19985,16906
19985,16907
19985,16908
19985,16909
19985,16910
19985,16911
19985,16912
19985,16913
19985,16914
19985,16915
19985,16916
19985,16917
19985,16918
19985,16919
19985,16920
19985,16921
19985,16922
19985,16923
19985,16924
19985,16925
19985,16926
19985,16927
19985,16928
19985,16929
19985,16930
19985,16931
19985,16932
19985,16933
19985,16934
19985,16935
19985,16936
19985,16937
19985,16938
19985,16939
19985,16940
19985,16941
19985,16942
19985,16943
19985,16944
19985,16945
19985,16946
19985,16947
19985,16948
19985,16949
19985,16950
19985,16951
19985,16952
19985,16953
19985,16954
19985,16955
19985,16956
19985,16957
19985,16958
19985,16959
19985,16960
19985,16961
19985,16962
19985,16963
19985,16964
19985,16965
19985,16966
19985,16967
19985,16968
19985,16969
19985,16970
19985,16971
19985,16972
19985,16973
19985,16974
19985,16975
19986,16846
19986,16847
19986,16848
19986,16849
19986,16850
19986,16851
19986,16852
19986,16853
19986,16854
19986,16855
19986,16856
19986,16857
19986,16858
19986,16859
19986,16860
19986,16861
19986,16862
19986,16863
19986,16864
19986,16865
19986,16866
19986,16867
19986,16868
19986,16869
19986,16870
19986,16871
19986,16872
19986,16873
19986,16874
19986,16875
19986,16876
19986,16877
19986,16878
19986,16879
19986,16880
19986,16881
19986,16882
19986,16883
19986,16884
19986,16885
19986,16886
19986,16887
19986,16888
19986,16889
19986,16890
19986,16891
19986,16892
19986,16893
19986,16894
19986,16895
19986,16896
19986,16897
19986,16898
19986,16899
19986,16900
19986,16901
19986,16902
19986,16903
19986,16904
19986,16905
19986,16906
19986,16907
19986,16908
19986,16909
19986,16910
19986,16911
19986,16912
19986,16913
19986,16914
19986,16915
19986,16916
19986,16917
19986,16918
19986,16919
19986,16920
19986,16921
19986,16922
19986,16923
19986,16924
19986,16925
19986,16926
19986,16927
19986,16928
19986,16929
19986,16930
19986,16931
19986,16932
19986,16933
19986,16934
19986,16935
19986,16936
19986,16937
19986,16938
19986,16939
19986,16940
19986,16941
19986,16942
19986,16943
19986,16944
19986,16945
19986,16946
19986,16947
19986,16948
19986,16949
19986,16950
19986,16951
19986,16952
19986,16953
19986,16954
19986,16955
19986,16956
19986,16957
19986,16958
19986,16959
19986,16960
19986,16961
19986,16962
19986,16963
19986,16964
19986,16965
19986,16966
19986,16967
19986,16968
19986,16969
19986,16970
19986,16971
19986,16972
19986,16973
19986,16974
19986,16975
19986,16976
19987,16846
19987,16847
19987,16848
19987,16849
19987,16850
19987,16851
19987,16852
19987,16853
19987,16854
19987,16855
19987,16856
19987,16857
19987,16858
19987,16859
19987,16860
19987,16861
19987,16862
19987,16863
19987,16864
19987,16865
19987,16866
19987,16867
19987,16868
19987,16869
19987,16870
19987,16871
19987,16872
19987,16873
19987,16874
19987,16875
19987,16876
19987,16877
19987,16878
19987,16879
19987,16880
19987,16881
19987,16882
19987,16883
19987,16884
19987,16885
19987,16886
19987,16887
19987,16888
19987,16889
19987,16890
19987,16891
19987,16892
19987,16893
19987,16894
19987,16895
19987,16896
19987,16897
19987,16898
19987,16899
19987,16900
19987,16901
19987,16902
19987,16903
19987,16904
19987,16905
19987,16906
19987,16907
19987,16908
19987,16909
19987,16910
19987,16911
19987,16912
19987,16913
19987,16914
19987,16915
19987,16916
19987,16917
19987,16918
19987,16919
19987,16920
19987,16921
19987,16922
19987,16923
19987,16924
19987,16925
19987,16926
19987,16927
19987,16928
19987,16929
19987,16930
19987,16931
19987,16932
19987,16933
19987,16934
19987,16935
19987,16936
19987,16937
19987,16938
19987,16939
19987,16940
19987,16941
19987,16942
19987,16943
19987,16944
19987,16945
19987,16946
19987,16947
19987,16948
19987,16949
19987,16950
19987,16951
19987,16952
19987,16953
19987,16954
19987,16955
19987,16956
19987,16957
19987,16958
19987,16959
19987,16960
19987,16961
19987,16962
19987,16963
19987,16964
19987,16965
19987,16966
19987,16967
19987,16968
19987,16969
19987,16970
19987,16971
19987,16972
19987,16973
19987,16974
19987,16975
19987,16976
19988,16845
19988,16846
19988,16847
19988,16848
19988,16849
19988,16850
19988,16851
19988,16852
19988,16853
19988,16854
19988,16855
19988,16856
19988,16857
19988,16858
19988,16859
19988,16860
19988,16861
19988,16862
19988,16863
19988,16864
19988,16865
19988,16866
19988,16867
19988,16868
19988,16869
19988,16870
19988,16871
19988,16872
19988,16873
19988,16874
19988,16875
19988,16876
19988,16877
19988,16878
19988,16879
19988,16880
19988,16881
19988,16882
19988,16883
19988,16884
19988,16885
19988,16886
19988,16887
19988,16888
19988,16889
19988,16890
19988,16891
19988,16892
19988,16893
19988,16894
19988,16895
19988,16896
19988,16897
19988,16898
19988,16899
19988,16900
19988,16901
19988,16902
19988,16903
19988,16904
19988,16905
19988,16906
19988,16907
19988,16908
19988,16909
19988,16910
19988,16911
19988,16912
19988,16913
19988,16914
19988,16915
19988,16916
19988,16917
19988,16918
19988,16919
19988,16920
19988,16921
19988,16922
19988,16923
19988,16924
19988,16925
19988,16926
19988,16927
19988,16928
19988,16929
19988,16930
19988,16931
19988,16932
19988,16933
19988,16934
19988,16935
19988,16936
19988,16937
19988,16938
19988,16939
19988,16940
19988,16941
19988,16942
19988,16943
19988,16944
19988,16945
19988,16946
19988,16947
19988,16948
19988,16949
19988,16950
19988,16951
19988,16952
19988,16953
19988,16954
19988,16955
19988,16956
19988,16957
19988,16958
19988,16959
19988,16960
19988,16961
19988,16962
19988,16963
19988,16964
19988,16965
19988,16966
19988,16967
19988,16968
19988,16969
19988,16970
19988,16971
19988,16972
19988,16973
19988,16974
19988,16975
19988,16976
19988,16977
19989,16845
19989,16846
19989,16847
19989,16848
19989,16849
19989,16850
19989,16851
19989,16852
19989,16853
19989,16854
19989,16855
19989,16856
19989,16857
19989,16858
19989,16859
19989,16860
19989,16861
19989,16862
19989,16863
19989,16864
19989,16865
19989,16866
19989,16867
19989,16868
19989,16869
19989,16870
19989,16871
19989,16872
19989,16873
19989,16874
19989,16875
19989,16876
19989,16877
19989,16878
19989,16879
19989,16880
19989,16881
19989,16882
19989,16883
19989,16884
19989,16885
19989,16886
19989,16887
19989,16888
19989,16889
19989,16890
19989,16891
19989,16892
19989,16893
19989,16894
19989,16895
19989,16896
19989,16897
19989,16898
19989,16899
19989,16900
19989,16901
19989,16902
19989,16903
19989,16904
19989,16905
19989,16906
19989,16907
19989,16908
19989,16909
19989,16910
19989,16911
19989,16912
19989,16913
19989,16914
19989,16915
19989,16916
19989,16917
19989,16918
19989,16919
19989,16920
19989,16921
19989,16922
19989,16923
19989,16924
19989,16925
19989,16926
19989,16927
19989,16928
19989,16929
19989,16930
19989,16931
19989,16932
19989,16933
19989,16934
19989,16935
19989,16936
19989,16937
19989,16938
19989,16939
19989,16940
19989,16941
19989,16942
19989,16943
19989,16944
19989,16945
19989,16946
19989,16947
19989,16948
19989,16949
19989,16950
19989,16951
19989,16952
19989,16953
19989,16954
19989,16955
19989,16956
19989,16957
19989,16958
19989,16959
19989,16960
19989,16961
19989,16962
19989,16963
19989,16964
19989,16965
19989,16966
19989,16967
19989,16968
19989,16969
19989,16970
19989,16971
19989,16972
19989,16973
19989,16974
19989,16975
19989,16976
19989,16977
19989,16978
19990,16844
19990,16845
19990,16846
19990,16847
19990,16848
19990,16849
19990,16850
19990,16851
19990,16852
19990,16853
19990,16854
19990,16855
19990,16856
19990,16857
19990,16858
19990,16859
19990,16860
19990,16861
19990,16862
19990,16863
19990,16864
19990,16865
19990,16866
19990,16867
19990,16868
19990,16869
19990,16870
19990,16871
19990,16872
19990,16873
19990,16874
19990,16875
19990,16876
19990,16877
19990,16878
19990,16879
19990,16880
19990,16881
19990,16882
19990,16883
19990,16884
19990,16885
19990,16886
19990,16887
19990,16888
19990,16889
19990,16890
19990,16891
19990,16892
19990,16893
19990,16894
19990,16895
19990,16896
19990,16897
19990,16898
19990,16899
19990,16900
19990,16901
19990,16902
19990,16903
19990,16904
19990,16905
19990,16906
19990,16907
19990,16908
19990,16909
19990,16910
19990,16911
19990,16912
19990,16913
19990,16914
19990,16915
19990,16916
19990,16917
19990,16918
19990,16919
19990,16920
19990,16921
19990,16922
19990,16923
19990,16924
19990,16925
19990,16926
19990,16927
19990,16928
19990,16929
19990,16930
19990,16931
19990,16932
19990,16933
19990,16934
19990,16935
19990,16936
19990,16937
19990,16938
19990,16939
19990,16940
19990,16941
19990,16942
19990,16943
19990,16944
19990,16945
19990,16946
19990,16947
19990,16948
19990,16949
19990,16950
19990,16951
19990,16952
19990,16953
19990,16954
19990,16955
19990,16956
19990,16957
19990,16958
19990,16959
19990,16960
19990,16961
19990,16962
19990,16963
19990,16964
19990,16965
19990,16966
19990,16967
19990,16968
19990,16969
19990,16970
19990,16971
19990,16972
19990,16973
19990,16974
19990,16975
19990,16976
19990,16977
19990,16978
19990,16979
19991,16843
19991,16844
19991,16845
19991,16846
19991,16847
19991,16848
19991,16849
19991,16850
19991,16851
19991,16852
19991,16853
19991,16854
19991,16855
19991,16856
19991,16857
19991,16858
19991,16859
19991,16860
19991,16861
19991,16862
19991,16863
19991,16864
19991,16865
19991,16866
19991,16867
19991,16868
19991,16869
19991,16870
19991,16871
19991,16872
19991,16873
19991,16874
19991,16875
19991,16876
19991,16877
19991,16878
19991,16879
19991,16880
19991,16881
19991,16882
19991,16883
19991,16884
19991,16885
19991,16886
19991,16887
19991,16888
19991,16889
19991,16890
19991,16891
19991,16892
19991,16893
19991,16894
19991,16895
19991,16896
19991,16897
19991,16898
19991,16899
19991,16900
19991,16901
19991,16902
19991,16903
19991,16904
19991,16905
19991,16906
19991,16907
19991,16908
19991,16909
19991,16910
19991,16911
19991,16912
19991,16913
19991,16914
19991,16915
19991,16916
19991,16917
19991,16918
19991,16919
19991,16920
19991,16921
19991,16922
19991,16923
19991,16924
19991,16925
19991,16926
19991,16927
19991,16928
19991,16929
19991,16930
19991,16931
19991,16932
19991,16933
19991,16934
19991,16935
19991,16936
19991,16937
19991,16938
19991,16939
19991,16940
19991,16941
19991,16942
19991,16943
19991,16944
19991,16945
19991,16946
19991,16947
19991,16948
19991,16949
19991,16950
19991,16951
19991,16952
19991,16953
19991,16954
19991,16955
19991,16956
19991,16957
19991,16958
19991,16959
19991,16960
19991,16961
19991,16962
19991,16963
19991,16964
19991,16965
19991,16966
19991,16967
19991,16968
19991,16969
19991,16970
19991,16971
19991,16972
19991,16973
19991,16974
19991,16975
19991,16976
19991,16977
19991,16978
19991,16979
19992,16842
19992,16843
19992,16844
19992,16845
19992,16846
19992,16847
19992,16848
19992,16849
19992,16850
19992,16851
19992,16852
19992,16853
19992,16854
19992,16855
19992,16856
19992,16857
19992,16858
19992,16859
19992,16860
19992,16861
19992,16862
19992,16863
19992,16864
19992,16865
19992,16866
19992,16867
19992,16868
19992,16869
19992,16870
19992,16871
19992,16872
19992,16873
19992,16874
19992,16875
19992,16876
19992,16877
19992,16878
19992,16879
19992,16880
19992,16881
19992,16882
19992,16883
19992,16884
19992,16885
19992,16886
19992,16887
19992,16888
19992,16889
19992,16890
19992,16891
19992,16892
19992,16893
19992,16894
19992,16895
19992,16896
19992,16897
19992,16898
19992,16899
19992,16900
19992,16901
19992,16902
19992,16903
19992,16904
19992,16905
19992,16906
19992,16907
19992,16908
19992,16909
19992,16910
19992,16911
19992,16912
19992,16913
19992,16914
19992,16915
19992,16916
19992,16917
19992,16918
19992,16919
19992,16920
19992,16921
19992,16922
19992,16923
19992,16924
19992,16925
19992,16926
19992,16927
19992,16928
19992,16929
19992,16930
19992,16931
19992,16932
19992,16933
19992,16934
19992,16935
19992,16936
19992,16937
19992,16938
19992,16939
19992,16940
19992,16941
19992,16942
19992,16943
19992,16944
19992,16945
19992,16946
19992,16947
19992,16948
19992,16949
19992,16950
19992,16951
19992,16952
19992,16953
19992,16954
19992,16955
19992,16956
19992,16957
19992,16958
19992,16959
19992,16960
19992,16961
19992,16962
19992,16963
19992,16964
19992,16965
19992,16966
19992,16967
19992,16968
19992,16969
19992,16970
19992,16971
19992,16972
19992,16973
19992,16974
19992,16975
19992,16976
19992,16977
19992,16978
19992,16979
19993,16840
19993,16841
19993,16842
19993,16843
19993,16844
19993,16845
19993,16846
19993,16847
19993,16848
19993,16849
19993,16850
19993,16851
19993,16852
19993,16853
19993,16854
19993,16855
19993,16856
19993,16857
19993,16858
19993,16859
19993,16860
19993,16861
19993,16862
19993,16863
19993,16864
19993,16865
19993,16866
19993,16867
19993,16868
19993,16869
19993,16870
19993,16871
19993,16872
19993,16873
19993,16874
19993,16875
19993,16876
19993,16877
19993,16878
19993,16879
19993,16880
19993,16881
19993,16882
19993,16883
19993,16884
19993,16885
19993,16886
19993,16887
19993,16888
19993,16889
19993,16890
19993,16891
19993,16892
19993,16893
19993,16894
19993,16895
19993,16896
19993,16897
19993,16898
19993,16899
19993,16900
19993,16901
19993,16902
19993,16903
19993,16904
19993,16905
19993,16906
19993,16907
19993,16908
19993,16909
19993,16910
19993,16911
19993,16912
19993,16913
19993,16914
19993,16915
19993,16916
19993,16917
19993,16918
19993,16919
19993,16920
19993,16921
19993,16922
19993,16923
19993,16924
19993,16925
19993,16926
19993,16927
19993,16928
19993,16929
19993,16930
19993,16931
19993,16932
19993,16933
19993,16934
19993,16935
19993,16936
19993,16937
19993,16938
19993,16939
19993,16940
19993,16941
19993,16942
19993,16943
19993,16944
19993,16945
19993,16946
19993,16947
19993,16948
19993,16949
19993,16950
19993,16951
19993,16952
19993,16953
19993,16954
19993,16955
19993,16956
19993,16957
19993,16958
19993,16959
19993,16960
19993,16961
19993,16962
19993,16963
19993,16964
19993,16965
19993,16966
19993,16967
19993,16968
19993,16969
19993,16970
19993,16971
19993,16972
19993,16973
19993,16974
19993,16975
19993,16976
19993,16977
19993,16978
19993,16979
19993,16980
19994,16839
19994,16840
19994,16841
19994,16842
19994,16843
19994,16844
19994,16845
19994,16846
19994,16847
19994,16848
19994,16849
19994,16850
19994,16851
19994,16852
19994,16853
19994,16854
19994,16855
19994,16856
19994,16857
19994,16858
19994,16859
19994,16860
19994,16861
19994,16862
19994,16863
19994,16864
19994,16865
19994,16866
19994,16867
19994,16868
19994,16869
19994,16870
19994,16871
19994,16872
19994,16873
19994,16874
19994,16875
19994,16876
19994,16877
19994,16878
19994,16879
19994,16880
19994,16881
19994,16882
19994,16883
19994,16884
19994,16885
19994,16886
19994,16887
19994,16888
19994,16889
19994,16890
19994,16891
19994,16892
19994,16893
19994,16894
19994,16895
19994,16896
19994,16897
19994,16898
19994,16899
19994,16900
19994,16901
19994,16902
19994,16903
19994,16904
19994,16905
19994,16906
19994,16907
19994,16908
19994,16909
19994,16910
19994,16911
19994,16912
19994,16913
19994,16914
19994,16915
19994,16916
19994,16917
19994,16918
19994,16919
19994,16920
19994,16921
19994,16922
19994,16923
19994,16924
19994,16925
19994,16926
19994,16927
19994,16928
19994,16929
19994,16930
19994,16931
19994,16932
19994,16933
19994,16934
19994,16935
19994,16936
19994,16937
19994,16938
19994,16939
19994,16940
19994,16941
19994,16942
19994,16943
19994,16944
19994,16945
19994,16946
19994,16947
19994,16948
19994,16949
19994,16950
19994,16951
19994,16952
19994,16953
19994,16954
19994,16955
19994,16956
19994,16957
19994,16958
19994,16959
19994,16960
19994,16961
19994,16962
19994,16963
19994,16964
19994,16965
19994,16966
19994,16967
19994,16968
19994,16969
19994,16970
19994,16971
19994,16972
19994,16973
19994,16974
19994,16975
19994,16976
19994,16977
19994,16978
19994,16979
19994,16980
19994,16981
19995,16838
19995,16839
19995,16840
19995,16841
19995,16842
19995,16843
19995,16844
19995,16845
19995,16846
19995,16847
19995,16848
19995,16849
19995,16850
19995,16851
19995,16852
19995,16853
19995,16854
19995,16855
19995,16856
19995,16857
19995,16858
19995,16859
19995,16860
19995,16861
19995,16862
19995,16863
19995,16864
19995,16865
19995,16866
19995,16867
19995,16868
19995,16869
19995,16870
19995,16871
19995,16872
19995,16873
19995,16874
19995,16875
19995,16876
19995,16877
19995,16878
19995,16879
19995,16880
19995,16881
19995,16882
19995,16883
19995,16884
19995,16885
19995,16886
19995,16887
19995,16888
19995,16889
19995,16890
19995,16891
19995,16892
19995,16893
19995,16894
19995,16895
19995,16896
19995,16897
19995,16898
19995,16899
19995,16900
19995,16901
19995,16902
19995,16903
19995,16904
19995,16905
19995,16906
19995,16907
19995,16908
19995,16909
19995,16910
19995,16911
19995,16912
19995,16913
19995,16914
19995,16915
19995,16916
19995,16917
19995,16918
19995,16919
19995,16920
19995,16921
19995,16922
19995,16923
19995,16924
19995,16925
19995,16926
19995,16927
19995,16928
19995,16929
19995,16930
19995,16931
19995,16932
19995,16933
19995,16934
19995,16935
19995,16936
19995,16937
19995,16938
19995,16939
19995,16940
19995,16941
19995,16942
19995,16943
19995,16944
19995,16945
19995,16946
19995,16947
19995,16948
19995,16949
19995,16950
19995,16951
19995,16952
19995,16953
19995,16954
19995,16955
19995,16956
19995,16957
19995,16958
19995,16959
19995,16960
19995,16961
19995,16962
19995,16963
19995,16964
19995,16965
19995,16966
19995,16967
19995,16968
19995,16969
19995,16970
19995,16971
19995,16972
19995,16973
19995,16974
19995,16975
19995,16976
19995,16977
19995,16978
19995,16979
19995,16980
19995,16981
19996,16837
19996,16838
19996,16839
19996,16840
19996,16841
19996,16842
19996,16843
19996,16844
19996,16845
19996,16846
19996,16847
19996,16848
19996,16849
19996,16850
19996,16851
19996,16852
19996,16853
19996,16854
19996,16855
19996,16856
19996,16857
19996,16858
19996,16859
19996,16860
19996,16861
19996,16862
19996,16863
19996,16864
19996,16865
19996,16866
19996,16867
19996,16868
19996,16869
19996,16870
19996,16871
19996,16872
19996,16873
19996,16874
19996,16875
19996,16876
19996,16877
19996,16878
19996,16879
19996,16880
19996,16881
19996,16882
19996,16883
19996,16884
19996,16885
19996,16886
19996,16887
19996,16888
19996,16889
19996,16890
19996,16891
19996,16892
19996,16893
19996,16894
19996,16895
19996,16896
19996,16897
19996,16898
19996,16899
19996,16900
19996,16901
19996,16902
19996,16903
19996,16904
19996,16905
19996,16906
19996,16907
19996,16908
19996,16909
19996,16910
19996,16911
19996,16912
19996,16913
19996,16914
19996,16915
19996,16916
19996,16917
19996,16918
19996,16919
19996,16920
19996,16921
19996,16922
19996,16923
19996,16924
19996,16925
19996,16926
19996,16927
19996,16928
19996,16929
19996,16930
19996,16931
19996,16932
19996,16933
19996,16934
19996,16935
19996,16936
19996,16937
19996,16938
19996,16939
19996,16940
19996,16941
19996,16942
19996,16943
19996,16944
19996,16945
19996,16946
19996,16947
19996,16948
19996,16949
19996,16950
19996,16951
19996,16952
19996,16953
19996,16954
19996,16955
19996,16956
19996,16957
19996,16958
19996,16959
19996,16960
19996,16961
19996,16962
19996,16963
19996,16964
19996,16965
19996,16966
19996,16967
19996,16968
19996,16969
19996,16970
19996,16971
19996,16972
19996,16973
19996,16974
19996,16975
19996,16976
19996,16977
19996,16978
19996,16979
19996,16980
19996,16981
19997,16836
19997,16837
19997,16838
19997,16839
19997,16840
19997,16841
19997,16842
19997,16843
19997,16844
19997,16845
19997,16846
19997,16847
19997,16848
19997,16849
19997,16850
19997,16851
19997,16852
19997,16853
19997,16854
19997,16855
19997,16856
19997,16857
19997,16858
19997,16859
19997,16860
19997,16861
19997,16862
19997,16863
19997,16864
19997,16865
19997,16866
19997,16867
19997,16868
19997,16869
19997,16870
19997,16871
19997,16872
19997,16873
19997,16874
19997,16875
19997,16876
19997,16877
19997,16878
19997,16879
19997,16880
19997,16881
19997,16882
19997,16883
19997,16884
19997,16885
19997,16886
19997,16887
19997,16888
19997,16889
19997,16890
19997,16891
19997,16892
19997,16893
19997,16894
19997,16895
19997,16896
19997,16897
19997,16898
19997,16899
19997,16900
19997,16901
19997,16902
19997,16903
19997,16904
19997,16905
19997,16906
19997,16907
19997,16908
19997,16909
19997,16910
19997,16911
19997,16912
19997,16913
19997,16914
19997,16915
19997,16916
19997,16917
19997,16918
19997,16919
19997,16920
19997,16921
19997,16922
19997,16923
19997,16924
19997,16925
19997,16926
19997,16927
19997,16928
19997,16929
19997,16930
19997,16931
19997,16932
19997,16933
19997,16934
19997,16935
19997,16936
19997,16937
19997,16938
19997,16939
19997,16940
19997,16941
19997,16942
19997,16943
19997,16944
19997,16945
19997,16946
19997,16947
19997,16948
19997,16949
19997,16950
19997,16951
19997,16952
19997,16953
19997,16954
19997,16955
19997,16956
19997,16957
19997,16958
19997,16959
19997,16960
19997,16961
19997,16962
19997,16963
19997,16964
19997,16965
19997,16966
19997,16967
19997,16968
19997,16969
19997,16970
19997,16971
19997,16972
19997,16973
19997,16974
19997,16975
19997,16976
19997,16977
19997,16978
19997,16979
19997,16980
19997,16981
19997,16982
19998,16835
19998,16836
19998,16837
19998,16838
19998,16839
19998,16840
19998,16841
19998,16842
19998,16843
19998,16844
19998,16845
19998,16846
19998,16847
19998,16848
19998,16849
19998,16850
19998,16851
19998,16852
19998,16853
19998,16854
19998,16855
19998,16856
19998,16857
19998,16858
19998,16859
19998,16860
19998,16861
19998,16862
19998,16863
19998,16864
19998,16865
19998,16866
19998,16867
19998,16868
19998,16869
19998,16870
19998,16871
19998,16872
19998,16873
19998,16874
19998,16875
19998,16876
19998,16877
19998,16878
19998,16879
19998,16880
19998,16881
19998,16882
19998,16883
19998,16884
19998,16885
19998,16886
19998,16887
19998,16888
19998,16889
19998,16890
19998,16891
19998,16892
19998,16893
19998,16894
19998,16895
19998,16896
19998,16897
19998,16898
19998,16899
19998,16900
19998,16901
19998,16902
19998,16903
19998,16904
19998,16905
19998,16906
19998,16907
19998,16908
19998,16909
19998,16910
19998,16911
19998,16912
19998,16913
19998,16914
19998,16915
19998,16916
19998,16917
19998,16918
19998,16919
19998,16920
19998,16921
19998,16922
19998,16923
19998,16924
19998,16925
19998,16926
19998,16927
19998,16928
19998,16929
19998,16930
19998,16931
19998,16932
19998,16933
19998,16934
19998,16935
19998,16936
19998,16937
19998,16938
19998,16939
19998,16940
19998,16941
19998,16942
19998,16943
19998,16944
19998,16945
19998,16946
19998,16947
19998,16948
19998,16949
19998,16950
19998,16951
19998,16952
19998,16953
19998,16954
19998,16955
19998,16956
19998,16957
19998,16958
19998,16959
19998,16960
19998,16961
19998,16962
19998,16963
19998,16964
19998,16965
19998,16966
19998,16967
19998,16968
19998,16969
19998,16970
19998,16971
19998,16972
19998,16973
19998,16974
19998,16975
19998,16976
19998,16977
19998,16978
19998,16979
19998,16980
19998,16981
19999,16834
19999,16835
19999,16836
19999,16837
19999,16838
19999,16839
19999,16840
19999,16841
19999,16842
19999,16843
19999,16844
19999,16845
19999,16846
19999,16847
19999,16848
19999,16849
19999,16850
19999,16851
19999,16852
19999,16853
19999,16854
19999,16855
19999,16856
19999,16857
19999,16858
19999,16859
19999,16860
19999,16861
19999,16862
19999,16863
19999,16864
19999,16865
19999,16866
19999,16867
19999,16868
19999,16869
19999,16870
19999,16871
19999,16872
19999,16873
19999,16874
19999,16875
19999,16876
19999,16877
19999,16878
19999,16879
19999,16880
19999,16881
19999,16882
19999,16883
19999,16884
19999,16885
19999,16886
19999,16887
19999,16888
19999,16889
19999,16890
19999,16891
19999,16892
19999,16893
19999,16894
19999,16895
19999,16896
19999,16897
19999,16898
19999,16899
19999,16900
19999,16901
19999,16902
19999,16903
19999,16904
19999,16905
19999,16906
19999,16907
19999,16908
19999,16909
19999,16910
19999,16911
19999,16912
19999,16913
19999,16914
19999,16915
19999,16916
19999,16917
19999,16918
19999,16919
19999,16920
19999,16921
19999,16922
19999,16923
19999,16924
19999,16925
19999,16926
19999,16927
19999,16928
19999,16929
19999,16930
19999,16931
19999,16932
19999,16933
19999,16934
19999,16935
19999,16936
19999,16937
19999,16938
19999,16939
19999,16940
19999,16941
19999,16942
19999,16943
19999,16944
19999,16945
19999,16946
19999,16947
19999,16948
19999,16949
19999,16950
19999,16951
19999,16952
19999,16953
19999,16954
19999,16955
19999,16956
19999,16957
19999,16958
19999,16959
19999,16960
19999,16961
19999,16962
19999,16963
19999,16964
19999,16965
19999,16966
19999,16967
19999,16968
19999,16969
19999,16970
19999,16971
19999,16972
19999,16973
19999,16974
19999,16975
19999,16976
19999,16977
19999,16978
19999,16979
19999,16980
19999,16981
19999,16982
20000,16833
20000,16834
20000,16835
20000,16836
20000,16837
20000,16838
20000,16839
20000,16840
20000,16841
20000,16842
20000,16843
20000,16844
20000,16845
20000,16846
20000,16847
20000,16848
20000,16849
20000,16850
20000,16851
20000,16852
20000,16853
20000,16854
20000,16855
20000,16856
20000,16857
20000,16858
20000,16859
20000,16860
20000,16861
20000,16862
20000,16863
20000,16864
20000,16865
20000,16866
20000,16867
20000,16868
20000,16869
20000,16870
20000,16871
20000,16872
20000,16873
20000,16874
20000,16875
20000,16876
20000,16877
20000,16878
20000,16879
20000,16880
20000,16881
20000,16882
20000,16883
20000,16884
20000,16885
20000,16886
20000,16887
20000,16888
20000,16889
20000,16890
20000,16891
20000,16892
20000,16893
20000,16894
20000,16895
20000,16896
20000,16897
20000,16898
20000,16899
20000,16900
20000,16901
20000,16902
20000,16903
20000,16904
20000,16905
20000,16906
20000,16907
20000,16908
20000,16909
20000,16910
20000,16911
20000,16912
20000,16913
20000,16914
20000,16915
20000,16916
20000,16917
20000,16918
20000,16919
20000,16920
20000,16921
20000,16922
20000,16923
20000,16924
20000,16925
20000,16926
20000,16927
20000,16928
20000,16929
20000,16930
20000,16931
20000,16932
20000,16933
20000,16934
20000,16935
20000,16936
20000,16937
20000,16938
20000,16939
20000,16940
20000,16941
20000,16942
20000,16943
20000,16944
20000,16945
20000,16946
20000,16947
20000,16948
20000,16949
20000,16950
20000,16951
20000,16952
20000,16953
20000,16954
20000,16955
20000,16956
20000,16957
20000,16958
20000,16959
20000,16960
20000,16961
20000,16962
20000,16963
20000,16964
20000,16965
20000,16966
20000,16967
20000,16968
20000,16969
20000,16970
20000,16971
20000,16972
20000,16973
20000,16974
20000,16975
20000,16976
20000,16977
20000,16978
20000,16979
20000,16980
20000,16981
20000,16982
20001,16832
20001,16833
20001,16834
20001,16835
20001,16836
20001,16837
20001,16838
20001,16839
20001,16840
20001,16841
20001,16842
20001,16843
20001,16844
20001,16845
20001,16846
20001,16847
20001,16848
20001,16849
20001,16850
20001,16851
20001,16852
20001,16853
20001,16854
20001,16855
20001,16856
20001,16857
20001,16858
20001,16859
20001,16860
20001,16861
20001,16862
20001,16863
20001,16864
20001,16865
20001,16866
20001,16867
20001,16868
20001,16869
20001,16870
20001,16871
20001,16872
20001,16873
20001,16874
20001,16875
20001,16876
20001,16877
20001,16878
20001,16879
20001,16880
20001,16881
20001,16882
20001,16883
20001,16884
20001,16885
20001,16886
20001,16887
20001,16888
20001,16889
20001,16890
20001,16891
20001,16892
20001,16893
20001,16894
20001,16895
20001,16896
20001,16897
20001,16898
20001,16899
20001,16900
20001,16901
20001,16902
20001,16903
20001,16904
20001,16905
20001,16906
20001,16907
20001,16908
20001,16909
20001,16910
20001,16911
20001,16912
20001,16913
20001,16914
20001,16915
20001,16916
20001,16917
20001,16918
20001,16919
20001,16920
20001,16921
20001,16922
20001,16923
20001,16924
20001,16925
20001,16926
20001,16927
20001,16928
20001,16929
20001,16930
20001,16931
20001,16932
20001,16933
20001,16934
20001,16935
20001,16936
20001,16937
20001,16938
20001,16939
20001,16940
20001,16941
20001,16942
20001,16943
20001,16944
20001,16945
20001,16946
20001,16947
20001,16948
20001,16949
20001,16950
20001,16951
20001,16952
20001,16953
20001,16954
20001,16955
20001,16956
20001,16957
20001,16958
20001,16959
20001,16960
20001,16961
20001,16962
20001,16963
20001,16964
20001,16965
20001,16966
20001,16967
20001,16968
20001,16969
20001,16970
20001,16971
20001,16972
20001,16973
20001,16974
20001,16975
20001,16976
20001,16977
20001,16978
20001,16979
20001,16980
20001,16981
20001,16982
20001,16983
20001,16984
20001,16985
20002,16831
20002,16832
20002,16833
20002,16834
20002,16835
20002,16836
20002,16837
20002,16838
20002,16839
20002,16840
20002,16841
20002,16842
20002,16843
20002,16844
20002,16845
20002,16846
20002,16847
20002,16848
20002,16849
20002,16850
20002,16851
20002,16852
20002,16853
20002,16854
20002,16855
20002,16856
20002,16857
20002,16858
20002,16859
20002,16860
20002,16861
20002,16862
20002,16863
20002,16864
20002,16865
20002,16866
20002,16867
20002,16868
20002,16869
20002,16870
20002,16871
20002,16872
20002,16873
20002,16874
20002,16875
20002,16876
20002,16877
20002,16878
20002,16879
20002,16880
20002,16881
20002,16882
20002,16883
20002,16884
20002,16885
20002,16886
20002,16887
20002,16888
20002,16889
20002,16890
20002,16891
20002,16892
20002,16893
20002,16894
20002,16895
20002,16896
20002,16897
20002,16898
20002,16899
20002,16900
20002,16901
20002,16902
20002,16903
20002,16904
20002,16905
20002,16906
20002,16907
20002,16908
20002,16909
20002,16910
20002,16911
20002,16912
20002,16913
20002,16914
20002,16915
20002,16916
20002,16917
20002,16918
20002,16919
20002,16920
20002,16921
20002,16922
20002,16923
20002,16924
20002,16925
20002,16926
20002,16927
20002,16928
20002,16929
20002,16930
20002,16931
20002,16932
20002,16933
20002,16934
20002,16935
20002,16936
20002,16937
20002,16938
20002,16939
20002,16940
20002,16941
20002,16942
20002,16943
20002,16944
20002,16945
20002,16946
20002,16947
20002,16948
20002,16949
20002,16950
20002,16951
20002,16952
20002,16953
20002,16954
20002,16955
20002,16956
20002,16957
20002,16958
20002,16959
20002,16960
20002,16961
20002,16962
20002,16963
20002,16964
20002,16965
20002,16966
20002,16967
20002,16968
20002,16969
20002,16970
20002,16971
20002,16972
20002,16973
20002,16974
20002,16975
20002,16976
20002,16977
20002,16978
20002,16979
20002,16980
20002,16981
20002,16982
20002,16983
20002,16984
20002,16985
20002,16986
20002,16987
20002,16988
20003,16830
20003,16831
20003,16832
20003,16833
20003,16834
20003,16835
20003,16836
20003,16837
20003,16838
20003,16839
20003,16840
20003,16841
20003,16842
20003,16843
20003,16844
20003,16845
20003,16846
20003,16847
20003,16848
20003,16849
20003,16850
20003,16851
20003,16852
20003,16853
20003,16854
20003,16855
20003,16856
20003,16857
20003,16858
20003,16859
20003,16860
20003,16861
20003,16862
20003,16863
20003,16864
20003,16865
20003,16866
20003,16867
20003,16868
20003,16869
20003,16870
20003,16871
20003,16872
20003,16873
20003,16874
20003,16875
20003,16876
20003,16877
20003,16878
20003,16879
20003,16880
20003,16881
20003,16882
20003,16883
20003,16884
20003,16885
20003,16886
20003,16887
20003,16888
20003,16889
20003,16890
20003,16891
20003,16892
20003,16893
20003,16894
20003,16895
20003,16896
20003,16897
20003,16898
20003,16899
20003,16900
20003,16901
20003,16902
20003,16903
20003,16904
20003,16905
20003,16906
20003,16907
20003,16908
20003,16909
20003,16910
20003,16911
20003,16912
20003,16913
20003,16914
20003,16915
20003,16916
20003,16917
20003,16918
20003,16919
20003,16920
20003,16921
20003,16922
20003,16923
20003,16924
20003,16925
20003,16926
20003,16927
20003,16928
20003,16929
20003,16930
20003,16931
20003,16932
20003,16933
20003,16934
20003,16935
20003,16936
20003,16937
20003,16938
20003,16939
20003,16940
20003,16941
20003,16942
20003,16943
20003,16944
20003,16945
20003,16946
20003,16947
20003,16948
20003,16949
20003,16950
20003,16951
20003,16952
20003,16953
20003,16954
20003,16955
20003,16956
20003,16957
20003,16958
20003,16959
20003,16960
20003,16961
20003,16962
20003,16963
20003,16964
20003,16965
20003,16966
20003,16967
20003,16968
20003,16969
20003,16970
20003,16971
20003,16972
20003,16973
20003,16974
20003,16975
20003,16976
20003,16977
20003,16978
20003,16979
20003,16980
20003,16981
20003,16982
20003,16983
20003,16984
20003,16985
20003,16986
20003,16987
20003,16988
20003,16989
20003,16990
20003,16991
20004,16830
20004,16831
20004,16832
20004,16833
20004,16834
20004,16835
20004,16836
20004,16837
20004,16838
20004,16839
20004,16840
20004,16841
20004,16842
20004,16843
20004,16844
20004,16845
20004,16846
20004,16847
20004,16848
20004,16849
20004,16850
20004,16851
20004,16852
20004,16853
20004,16854
20004,16855
20004,16856
20004,16857
20004,16858
20004,16859
20004,16860
20004,16861
20004,16862
20004,16863
20004,16864
20004,16865
20004,16866
20004,16867
20004,16868
20004,16869
20004,16870
20004,16871
20004,16872
20004,16873
20004,16874
20004,16875
20004,16876
20004,16877
20004,16878
20004,16879
20004,16880
20004,16881
20004,16882
20004,16883
20004,16884
20004,16885
20004,16886
20004,16887
20004,16888
20004,16889
20004,16890
20004,16891
20004,16892
20004,16893
20004,16894
20004,16895
20004,16896
20004,16897
20004,16898
20004,16899
20004,16900
20004,16901
20004,16902
20004,16903
20004,16904
20004,16905
20004,16906
20004,16907
20004,16908
20004,16909
20004,16910
20004,16911
20004,16912
20004,16913
20004,16914
20004,16915
20004,16916
20004,16917
20004,16918
20004,16919
20004,16920
20004,16921
20004,16922
20004,16923
20004,16924
20004,16925
20004,16926
20004,16927
20004,16928
20004,16929
20004,16930
20004,16931
20004,16932
20004,16933
20004,16934
20004,16935
20004,16936
20004,16937
20004,16938
20004,16939
20004,16940
20004,16941
20004,16942
20004,16943
20004,16944
20004,16945
20004,16946
20004,16947
20004,16948
20004,16949
20004,16950
20004,16951
20004,16952
20004,16953
20004,16954
20004,16955
20004,16956
20004,16957
20004,16958
20004,16959
20004,16960
20004,16961
20004,16962
20004,16963
20004,16964
20004,16965
20004,16966
20004,16967
20004,16968
20004,16969
20004,16970
20004,16971
20004,16972
20004,16973
20004,16974
20004,16975
20004,16976
20004,16977
20004,16978
20004,16979
20004,16980
20004,16981
20004,16982
20004,16983
20004,16984
20004,16985
20004,16986
20004,16987
20004,16988
20004,16989
20004,16990
20004,16991
20004,16992
20004,16993
20005,16829
20005,16830
20005,16831
20005,16832
20005,16833
20005,16834
20005,16835
20005,16836
20005,16837
20005,16838
20005,16839
20005,16840
20005,16841
20005,16842
20005,16843
20005,16844
20005,16845
20005,16846
20005,16847
20005,16848
20005,16849
20005,16850
20005,16851
20005,16852
20005,16853
20005,16854
20005,16855
20005,16856
20005,16857
20005,16858
20005,16859
20005,16860
20005,16861
20005,16862
20005,16863
20005,16864
20005,16865
20005,16866
20005,16867
20005,16868
20005,16869
20005,16870
20005,16871
20005,16872
20005,16873
20005,16874
20005,16875
20005,16876
20005,16877
20005,16878
20005,16879
20005,16880
20005,16881
20005,16882
20005,16883
20005,16884
20005,16885
20005,16886
20005,16887
20005,16888
20005,16889
20005,16890
20005,16891
20005,16892
20005,16893
20005,16894
20005,16895
20005,16896
20005,16897
20005,16898
20005,16899
20005,16900
20005,16901
20005,16902
20005,16903
20005,16904
20005,16905
20005,16906
20005,16907
20005,16908
20005,16909
20005,16910
20005,16911
20005,16912
20005,16913
20005,16914
20005,16915
20005,16916
20005,16917
20005,16918
20005,16919
20005,16920
20005,16921
20005,16922
20005,16923
20005,16924
20005,16925
20005,16926
20005,16927
20005,16928
20005,16929
20005,16930
20005,16931
20005,16932
20005,16933
20005,16934
20005,16935
20005,16936
20005,16937
20005,16938
20005,16939
20005,16940
20005,16941
20005,16942
20005,16943
20005,16944
20005,16945
20005,16946
20005,16947
20005,16948
20005,16949
20005,16950
20005,16951
20005,16952
20005,16953
20005,16954
20005,16955
20005,16956
20005,16957
20005,16958
20005,16959
20005,16960
20005,16961
20005,16962
20005,16963
20005,16964
20005,16965
20005,16966
20005,16967
20005,16968
20005,16969
20005,16970
20005,16971
20005,16972
20005,16973
20005,16974
20005,16975
20005,16976
20005,16977
20005,16978
20005,16979
20005,16980
20005,16981
20005,16982
20005,16983
20005,16984
20005,16985
20005,16986
20005,16987
20005,16988
20005,16989
20005,16990
20005,16991
20005,16992
20005,16993
20005,16994
20006,16829
20006,16830
20006,16831
20006,16832
20006,16833
20006,16834
20006,16835
20006,16836
20006,16837
20006,16838
20006,16839
20006,16840
20006,16841
20006,16842
20006,16843
20006,16844
20006,16845
20006,16846
20006,16847
20006,16848
20006,16849
20006,16850
20006,16851
20006,16852
20006,16853
20006,16854
20006,16855
20006,16856
20006,16857
20006,16858
20006,16859
20006,16860
20006,16861
20006,16862
20006,16863
20006,16864
20006,16865
20006,16866
20006,16867
20006,16868
20006,16869
20006,16870
20006,16871
20006,16872
20006,16873
20006,16874
20006,16875
20006,16876
20006,16877
20006,16878
20006,16879
20006,16880
20006,16881
20006,16882
20006,16883
20006,16884
20006,16885
20006,16886
20006,16887
20006,16888
20006,16889
20006,16890
20006,16891
20006,16892
20006,16893
20006,16894
20006,16895
20006,16896
20006,16897
20006,16898
20006,16899
20006,16900
20006,16901
20006,16902
20006,16903
20006,16904
20006,16905
20006,16906
20006,16907
20006,16908
20006,16909
20006,16910
20006,16911
20006,16912
20006,16913
20006,16914
20006,16915
20006,16916
20006,16917
20006,16918
20006,16919
20006,16920
20006,16921
20006,16922
20006,16923
20006,16924
20006,16925
20006,16926
20006,16927
20006,16928
20006,16929
20006,16930
20006,16931
20006,16932
20006,16933
20006,16934
20006,16935
20006,16936
20006,16937
20006,16938
20006,16939
20006,16940
20006,16941
20006,16942
20006,16943
20006,16944
20006,16945
20006,16946
20006,16947
20006,16948
20006,16949
20006,16950
20006,16951
20006,16952
20006,16953
20006,16954
20006,16955
20006,16956
20006,16957
20006,16958
20006,16959
20006,16960
20006,16961
20006,16962
20006,16963
20006,16964
20006,16965
20006,16966
20006,16967
20006,16968
20006,16969
20006,16970
20006,16971
20006,16972
20006,16973
20006,16974
20006,16975
20006,16976
20006,16977
20006,16978
20006,16979
20006,16980
20006,16981
20006,16982
20006,16983
20006,16984
20006,16985
20006,16986
20006,16987
20006,16988
20006,16989
20006,16990
20006,16991
20006,16992
20006,16993
20006,16994
20006,16995
20006,16996
20007,16827
20007,16828
20007,16829
20007,16830
20007,16831
20007,16832
20007,16833
20007,16834
20007,16835
20007,16836
20007,16837
20007,16838
20007,16839
20007,16840
20007,16841
20007,16842
20007,16843
20007,16844
20007,16845
20007,16846
20007,16847
20007,16848
20007,16849
20007,16850
20007,16851
20007,16852
20007,16853
20007,16854
20007,16855
20007,16856
20007,16857
20007,16858
20007,16859
20007,16860
20007,16861
20007,16862
20007,16863
20007,16864
20007,16865
20007,16866
20007,16867
20007,16868
20007,16869
20007,16870
20007,16871
20007,16872
20007,16873
20007,16874
20007,16875
20007,16876
20007,16877
20007,16878
20007,16879
20007,16880
20007,16881
20007,16882
20007,16883
20007,16884
20007,16885
20007,16886
20007,16887
20007,16888
20007,16889
20007,16890
20007,16891
20007,16892
20007,16893
20007,16894
20007,16895
20007,16896
20007,16897
20007,16898
20007,16899
20007,16900
20007,16901
20007,16902
20007,16903
20007,16904
20007,16905
20007,16906
20007,16907
20007,16908
20007,16909
20007,16910
20007,16911
20007,16912
20007,16913
20007,16914
20007,16915
20007,16916
20007,16917
20007,16918
20007,16919
20007,16920
20007,16921
20007,16922
20007,16923
20007,16924
20007,16925
20007,16926
20007,16927
20007,16928
20007,16929
20007,16930
20007,16931
20007,16932
20007,16933
20007,16934
20007,16935
20007,16936
20007,16937
20007,16938
20007,16939
20007,16940
20007,16941
20007,16942
20007,16943
20007,16944
20007,16945
20007,16946
20007,16947
20007,16948
20007,16949
20007,16950
20007,16951
20007,16952
20007,16953
20007,16954
20007,16955
20007,16956
20007,16957
20007,16958
20007,16959
20007,16960
20007,16961
20007,16962
20007,16963
20007,16964
20007,16965
20007,16966
20007,16967
20007,16968
20007,16969
20007,16970
20007,16971
20007,16972
20007,16973
20007,16974
20007,16975
20007,16976
20007,16977
20007,16978
20007,16979
20007,16980
20007,16981
20007,16982
20007,16983
20007,16984
20007,16985
20007,16986
20007,16987
20007,16988
20007,16989
20007,16990
20007,16991
20007,16992
20007,16993
20007,16994
20007,16995
20007,16996
20007,16997
20008,16825
20008,16826
20008,16827
20008,16828
20008,16829
20008,16830
20008,16831
20008,16832
20008,16833
20008,16834
20008,16835
20008,16836
20008,16837
20008,16838
20008,16839
20008,16840
20008,16841
20008,16842
20008,16843
20008,16844
20008,16845
20008,16846
20008,16847
20008,16848
20008,16849
20008,16850
20008,16851
20008,16852
20008,16853
20008,16854
20008,16855
20008,16856
20008,16857
20008,16858
20008,16859
20008,16860
20008,16861
20008,16862
20008,16863
20008,16864
20008,16865
20008,16866
20008,16867
20008,16868
20008,16869
20008,16870
20008,16871
20008,16872
20008,16873
20008,16874
20008,16875
20008,16876
20008,16877
20008,16878
20008,16879
20008,16880
20008,16881
20008,16882
20008,16883
20008,16884
20008,16885
20008,16886
20008,16887
20008,16888
20008,16889
20008,16890
20008,16891
20008,16892
20008,16893
20008,16894
20008,16895
20008,16896
20008,16897
20008,16898
20008,16899
20008,16900
20008,16901
20008,16902
20008,16903
20008,16904
20008,16905
20008,16906
20008,16907
20008,16908
20008,16909
20008,16910
20008,16911
20008,16912
20008,16913
20008,16914
20008,16915
20008,16916
20008,16917
20008,16918
20008,16919
20008,16920
20008,16921
20008,16922
20008,16923
20008,16924
20008,16925
20008,16926
20008,16927
20008,16928
20008,16929
20008,16930
20008,16931
20008,16932
20008,16933
20008,16934
20008,16935
20008,16936
20008,16937
20008,16938
20008,16939
20008,16940
20008,16941
20008,16942
20008,16943
20008,16944
20008,16945
20008,16946
20008,16947
20008,16948
20008,16949
20008,16950
20008,16951
20008,16952
20008,16953
20008,16954
20008,16955
20008,16956
20008,16957
20008,16958
20008,16959
20008,16960
20008,16961
20008,16962
20008,16963
20008,16964
20008,16965
20008,16966
20008,16967
20008,16968
20008,16969
20008,16970
20008,16971
20008,16972
20008,16973
20008,16974
20008,16975
20008,16976
20008,16977
20008,16978
20008,16979
20008,16980
20008,16981
20008,16982
20008,16983
20008,16984
20008,16985
20008,16986
20008,16987
20008,16988
20008,16989
20008,16990
20008,16991
20008,16992
20008,16993
20008,16994
20008,16995
20008,16996
20008,16997
20008,16998
20009,16824
20009,16825
20009,16826
20009,16827
20009,16828
20009,16829
20009,16830
20009,16831
20009,16832
20009,16833
20009,16834
20009,16835
20009,16836
20009,16837
20009,16838
20009,16839
20009,16840
20009,16841
20009,16842
20009,16843
20009,16844
20009,16845
20009,16846
20009,16847
20009,16848
20009,16849
20009,16850
20009,16851
20009,16852
20009,16853
20009,16854
20009,16855
20009,16856
20009,16857
20009,16858
20009,16859
20009,16860
20009,16861
20009,16862
20009,16863
20009,16864
20009,16865
20009,16866
20009,16867
20009,16868
20009,16869
20009,16870
20009,16871
20009,16872
20009,16873
20009,16874
20009,16875
20009,16876
20009,16877
20009,16878
20009,16879
20009,16880
20009,16881
20009,16882
20009,16883
20009,16884
20009,16885
20009,16886
20009,16887
20009,16888
20009,16889
20009,16890
20009,16891
20009,16892
20009,16893
20009,16894
20009,16895
20009,16896
20009,16897
20009,16898
20009,16899
20009,16900
20009,16901
20009,16902
20009,16903
20009,16904
20009,16905
20009,16906
20009,16907
20009,16908
20009,16909
20009,16910
20009,16911
20009,16912
20009,16913
20009,16914
20009,16915
20009,16916
20009,16917
20009,16918
20009,16919
20009,16920
20009,16921
20009,16922
20009,16923
20009,16924
20009,16925
20009,16926
20009,16927
20009,16928
20009,16929
20009,16930
20009,16931
20009,16932
20009,16933
20009,16934
20009,16935
20009,16936
20009,16937
20009,16938
20009,16939
20009,16940
20009,16941
20009,16942
20009,16943
20009,16944
20009,16945
20009,16946
20009,16947
20009,16948
20009,16949
20009,16950
20009,16951
20009,16952
20009,16953
20009,16954
20009,16955
20009,16956
20009,16957
20009,16958
20009,16959
20009,16960
20009,16961
20009,16962
20009,16963
20009,16964
20009,16965
20009,16966
20009,16967
20009,16968
20009,16969
20009,16970
20009,16971
20009,16972
20009,16973
20009,16974
20009,16975
20009,16976
20009,16977
20009,16978
20009,16979
20009,16980
20009,16981
20009,16982
20009,16983
20009,16984
20009,16985
20009,16986
20009,16987
20009,16988
20009,16989
20009,16990
20009,16991
20009,16992
20009,16993
20009,16994
20009,16995
20009,16996
20009,16997
20009,16998
20010,16823
20010,16824
20010,16825
20010,16826
20010,16827
20010,16828
20010,16829
20010,16830
20010,16831
20010,16832
20010,16833
20010,16834
20010,16835
20010,16836
20010,16837
20010,16838
20010,16839
20010,16840
20010,16841
20010,16842
20010,16843
20010,16844
20010,16845
20010,16846
20010,16847
20010,16848
20010,16849
20010,16850
20010,16851
20010,16852
20010,16853
20010,16854
20010,16855
20010,16856
20010,16857
20010,16858
20010,16859
20010,16860
20010,16861
20010,16862
20010,16863
20010,16864
20010,16865
20010,16866
20010,16867
20010,16868
20010,16869
20010,16870
20010,16871
20010,16872
20010,16873
20010,16874
20010,16875
20010,16876
20010,16877
20010,16878
20010,16879
20010,16880
20010,16881
20010,16882
20010,16883
20010,16884
20010,16885
20010,16886
20010,16887
20010,16888
20010,16889
20010,16890
20010,16891
20010,16892
20010,16893
20010,16894
20010,16895
20010,16896
20010,16897
20010,16898
20010,16899
20010,16900
20010,16901
20010,16902
20010,16903
20010,16904
20010,16905
20010,16906
20010,16907
20010,16908
20010,16909
20010,16910
20010,16911
20010,16912
20010,16913
20010,16914
20010,16915
20010,16916
20010,16917
20010,16918
20010,16919
20010,16920
20010,16921
20010,16922
20010,16923
20010,16924
20010,16925
20010,16926
20010,16927
20010,16928
20010,16929
20010,16930
20010,16931
20010,16932
20010,16933
20010,16934
20010,16935
20010,16936
20010,16937
20010,16938
20010,16939
20010,16940
20010,16941
20010,16942
20010,16943
20010,16944
20010,16945
20010,16946
20010,16947
20010,16948
20010,16949
20010,16950
20010,16951
20010,16952
20010,16953
20010,16954
20010,16955
20010,16956
20010,16957
20010,16958
20010,16959
20010,16960
20010,16961
20010,16962
20010,16963
20010,16964
20010,16965
20010,16966
20010,16967
20010,16968
20010,16969
20010,16970
20010,16971
20010,16972
20010,16973
20010,16974
20010,16975
20010,16976
20010,16977
20010,16978
20010,16979
20010,16980
20010,16981
20010,16982
20010,16983
20010,16984
20010,16985
20010,16986
20010,16987
20010,16988
20010,16989
20010,16990
20010,16991
20010,16992
20010,16993
20010,16994
20010,16995
20010,16996
20010,16997
20010,16998
20011,16822
20011,16823
20011,16824
20011,16825
20011,16826
20011,16827
20011,16828
20011,16829
20011,16830
20011,16831
20011,16832
20011,16833
20011,16834
20011,16835
20011,16836
20011,16837
20011,16838
20011,16839
20011,16840
20011,16841
20011,16842
20011,16843
20011,16844
20011,16845
20011,16846
20011,16847
20011,16848
20011,16849
20011,16850
20011,16851
20011,16852
20011,16853
20011,16854
20011,16855
20011,16856
20011,16857
20011,16858
20011,16859
20011,16860
20011,16861
20011,16862
20011,16863
20011,16864
20011,16865
20011,16866
20011,16867
20011,16868
20011,16869
20011,16870
20011,16871
20011,16872
20011,16873
20011,16874
20011,16875
20011,16876
20011,16877
20011,16878
20011,16879
20011,16880
20011,16881
20011,16882
20011,16883
20011,16884
20011,16885
20011,16886
20011,16887
20011,16888
20011,16889
20011,16890
20011,16891
20011,16892
20011,16893
20011,16894
20011,16895
20011,16896
20011,16897
20011,16898
20011,16899
20011,16900
20011,16901
20011,16902
20011,16903
20011,16904
20011,16905
20011,16906
20011,16907
20011,16908
20011,16909
20011,16910
20011,16911
20011,16912
20011,16913
20011,16914
20011,16915
20011,16916
20011,16917
20011,16918
20011,16919
20011,16920
20011,16921
20011,16922
20011,16923
20011,16924
20011,16925
20011,16926
20011,16927
20011,16928
20011,16929
20011,16930
20011,16931
20011,16932
20011,16933
20011,16934
20011,16935
20011,16936
20011,16937
20011,16938
20011,16939
20011,16940
20011,16941
20011,16942
20011,16943
20011,16944
20011,16945
20011,16946
20011,16947
20011,16948
20011,16949
20011,16950
20011,16951
20011,16952
20011,16953
20011,16954
20011,16955
20011,16956
20011,16957
20011,16958
20011,16959
20011,16960
20011,16961
20011,16962
20011,16963
20011,16964
20011,16965
20011,16966
20011,16967
20011,16968
20011,16969
20011,16970
20011,16971
20011,16972
20011,16973
20011,16974
20011,16975
20011,16976
20011,16977
20011,16978
20011,16979
20011,16980
20011,16981
20011,16982
20011,16983
20011,16984
20011,16985
20011,16986
20011,16987
20011,16988
20011,16989
20011,16990
20011,16991
20011,16992
20011,16993
20011,16994
20011,16995
20011,16996
20011,16997
20011,16998
20011,16999
20012,16821
20012,16822
20012,16823
20012,16824
20012,16825
20012,16826
20012,16827
20012,16828
20012,16829
20012,16830
20012,16831
20012,16832
20012,16833
20012,16834
20012,16835
20012,16836
20012,16837
20012,16838
20012,16839
20012,16840
20012,16841
20012,16842
20012,16843
20012,16844
20012,16845
20012,16846
20012,16847
20012,16848
20012,16849
20012,16850
20012,16851
20012,16852
20012,16853
20012,16854
20012,16855
20012,16856
20012,16857
20012,16858
20012,16859
20012,16860
20012,16861
20012,16862
20012,16863
20012,16864
20012,16865
20012,16866
20012,16867
20012,16868
20012,16869
20012,16870
20012,16871
20012,16872
20012,16873
20012,16874
20012,16875
20012,16876
20012,16877
20012,16878
20012,16879
20012,16880
20012,16881
20012,16882
20012,16883
20012,16884
20012,16885
20012,16886
20012,16887
20012,16888
20012,16889
20012,16890
20012,16891
20012,16892
20012,16893
20012,16894
20012,16895
20012,16896
20012,16897
20012,16898
20012,16899
20012,16900
20012,16901
20012,16902
20012,16903
20012,16904
20012,16905
20012,16906
20012,16907
20012,16908
20012,16909
20012,16910
20012,16911
20012,16912
20012,16913
20012,16914
20012,16915
20012,16916
20012,16917
20012,16918
20012,16919
20012,16920
20012,16921
20012,16922
20012,16923
20012,16924
20012,16925
20012,16926
20012,16927
20012,16928
20012,16929
20012,16930
20012,16931
20012,16932
20012,16933
20012,16934
20012,16935
20012,16936
20012,16937
20012,16938
20012,16939
20012,16940
20012,16941
20012,16942
20012,16943
20012,16944
20012,16945
20012,16946
20012,16947
20012,16948
20012,16949
20012,16950
20012,16951
20012,16952
20012,16953
20012,16954
20012,16955
20012,16956
20012,16957
20012,16958
20012,16959
20012,16960
20012,16961
20012,16962
20012,16963
20012,16964
20012,16965
20012,16966
20012,16967
20012,16968
20012,16969
20012,16970
20012,16971
20012,16972
20012,16973
20012,16974
20012,16975
20012,16976
20012,16977
20012,16978
20012,16979
20012,16980
20012,16981
20012,16982
20012,16983
20012,16984
20012,16985
20012,16986
20012,16987
20012,16988
20012,16989
20012,16990
20012,16991
20012,16992
20012,16993
20012,16994
20012,16995
20012,16996
20012,16997
20012,16998
20012,16999
20012,17000
20013,16819
20013,16820
20013,16821
20013,16822
20013,16823
20013,16824
20013,16825
20013,16826
20013,16827
20013,16828
20013,16829
20013,16830
20013,16831
20013,16832
20013,16833
20013,16834
20013,16835
20013,16836
20013,16837
20013,16838
20013,16839
20013,16840
20013,16841
20013,16842
20013,16843
20013,16844
20013,16845
20013,16846
20013,16847
20013,16848
20013,16849
20013,16850
20013,16851
20013,16852
20013,16853
20013,16854
20013,16855
20013,16856
20013,16857
20013,16858
20013,16859
20013,16860
20013,16861
20013,16862
20013,16863
20013,16864
20013,16865
20013,16866
20013,16867
20013,16868
20013,16869
20013,16870
20013,16871
20013,16872
20013,16873
20013,16874
20013,16875
20013,16876
20013,16877
20013,16878
20013,16879
20013,16880
20013,16881
20013,16882
20013,16883
20013,16884
20013,16885
20013,16886
20013,16887
20013,16888
20013,16889
20013,16890
20013,16891
20013,16892
20013,16893
20013,16894
20013,16895
20013,16896
20013,16897
20013,16898
20013,16899
20013,16900
20013,16901
20013,16902
20013,16903
20013,16904
20013,16905
20013,16906
20013,16907
20013,16908
20013,16909
20013,16910
20013,16911
20013,16912
20013,16913
20013,16914
20013,16915
20013,16916
20013,16917
20013,16918
20013,16919
20013,16920
20013,16921
20013,16922
20013,16923
20013,16924
20013,16925
20013,16926
20013,16927
20013,16928
20013,16929
20013,16930
20013,16931
20013,16932
20013,16933
20013,16934
20013,16935
20013,16936
20013,16937
20013,16938
20013,16939
20013,16940
20013,16941
20013,16942
20013,16943
20013,16944
20013,16945
20013,16946
20013,16947
20013,16948
20013,16949
20013,16950
20013,16951
20013,16952
20013,16953
20013,16954
20013,16955
20013,16956
20013,16957
20013,16958
20013,16959
20013,16960
20013,16961
20013,16962
20013,16963
20013,16964
20013,16965
20013,16966
20013,16967
20013,16968
20013,16969
20013,16970
20013,16971
20013,16972
20013,16973
20013,16974
20013,16975
20013,16976
20013,16977
20013,16978
20013,16979
20013,16980
20013,16981
20013,16982
20013,16983
20013,16984
20013,16985
20013,16986
20013,16987
20013,16988
20013,16989
20013,16990
20013,16991
20013,16992
20013,16993
20013,16994
20013,16995
20013,16996
20013,16997
20013,16998
20013,16999
20013,17000
20013,17001
20014,16818
20014,16819
20014,16820
20014,16821
20014,16822
20014,16823
20014,16824
20014,16825
20014,16826
20014,16827
20014,16828
20014,16829
20014,16830
20014,16831
20014,16832
20014,16833
20014,16834
20014,16835
20014,16836
20014,16837
20014,16838
20014,16839
20014,16840
20014,16841
20014,16842
20014,16843
20014,16844
20014,16845
20014,16846
20014,16847
20014,16848
20014,16849
20014,16850
20014,16851
20014,16852
20014,16853
20014,16854
20014,16855
20014,16856
20014,16857
20014,16858
20014,16859
20014,16860
20014,16861
20014,16862
20014,16863
20014,16864
20014,16865
20014,16866
20014,16867
20014,16868
20014,16869
20014,16870
20014,16871
20014,16872
20014,16873
20014,16874
20014,16875
20014,16876
20014,16877
20014,16878
20014,16879
20014,16880
20014,16881
20014,16882
20014,16883
20014,16884
20014,16885
20014,16886
20014,16887
20014,16888
20014,16889
20014,16890
20014,16891
20014,16892
20014,16893
20014,16894
20014,16895
20014,16896
20014,16897
20014,16898
20014,16899
20014,16900
20014,16901
20014,16902
20014,16903
20014,16904
20014,16905
20014,16906
20014,16907
20014,16908
20014,16909
20014,16910
20014,16911
20014,16912
20014,16913
20014,16914
20014,16915
20014,16916
20014,16917
20014,16918
20014,16919
20014,16920
20014,16921
20014,16922
20014,16923
20014,16924
20014,16925
20014,16926
20014,16927
20014,16928
20014,16929
20014,16930
20014,16931
20014,16932
20014,16933
20014,16934
20014,16935
20014,16936
20014,16937
20014,16938
20014,16939
20014,16940
20014,16941
20014,16942
20014,16943
20014,16944
20014,16945
20014,16946
20014,16947
20014,16948
20014,16949
20014,16950
20014,16951
20014,16952
20014,16953
20014,16954
20014,16955
20014,16956
20014,16957
20014,16958
20014,16959
20014,16960
20014,16961
20014,16962
20014,16963
20014,16964
20014,16965
20014,16966
20014,16967
20014,16968
20014,16969
20014,16970
20014,16971
20014,16972
20014,16973
20014,16974
20014,16975
20014,16976
20014,16977
20014,16978
20014,16979
20014,16980
20014,16981
20014,16982
20014,16983
20014,16984
20014,16985
20014,16986
20014,16987
20014,16988
20014,16989
20014,16990
20014,16991
20014,16992
20014,16993
20014,16994
20014,16995
20014,16996
20014,16997
20014,16998
20014,16999
20014,17000
20014,17001
20014,17002
20015,16817
20015,16818
20015,16819
20015,16820
20015,16821
20015,16822
20015,16823
20015,16824
20015,16825
20015,16826
20015,16827
20015,16828
20015,16829
20015,16830
20015,16831
20015,16832
20015,16833
20015,16834
20015,16835
20015,16836
20015,16837
20015,16838
20015,16839
20015,16840
20015,16841
20015,16842
20015,16843
20015,16844
20015,16845
20015,16846
20015,16847
20015,16848
20015,16849
20015,16850
20015,16851
20015,16852
20015,16853
20015,16854
20015,16855
20015,16856
20015,16857
20015,16858
20015,16859
20015,16860
20015,16861
20015,16862
20015,16863
20015,16864
20015,16865
20015,16866
20015,16867
20015,16868
20015,16869
20015,16870
20015,16871
20015,16872
20015,16873
20015,16874
20015,16875
20015,16876
20015,16877
20015,16878
20015,16879
20015,16880
20015,16881
20015,16882
20015,16883
20015,16884
20015,16885
20015,16886
20015,16887
20015,16888
20015,16889
20015,16890
20015,16891
20015,16892
20015,16893
20015,16894
20015,16895
20015,16896
20015,16897
20015,16898
20015,16899
20015,16900
20015,16901
20015,16902
20015,16903
20015,16904
20015,16905
20015,16906
20015,16907
20015,16908
20015,16909
20015,16910
20015,16911
20015,16912
20015,16913
20015,16914
20015,16915
20015,16916
20015,16917
20015,16918
20015,16919
20015,16920
20015,16921
20015,16922
20015,16923
20015,16924
20015,16925
20015,16926
20015,16927
20015,16928
20015,16929
20015,16930
20015,16931
20015,16932
20015,16933
20015,16934
20015,16935
20015,16936
20015,16937
20015,16938
20015,16939
20015,16940
20015,16941
20015,16942
20015,16943
20015,16944
20015,16945
20015,16946
20015,16947
20015,16948
20015,16949
20015,16950
20015,16951
20015,16952
20015,16953
20015,16954
20015,16955
20015,16956
20015,16957
20015,16958
20015,16959
20015,16960
20015,16961
20015,16962
20015,16963
20015,16964
20015,16965
20015,16966
20015,16967
20015,16968
20015,16969
20015,16970
20015,16971
20015,16972
20015,16973
20015,16974
20015,16975
20015,16976
20015,16977
20015,16978
20015,16979
20015,16980
20015,16981
20015,16982
20015,16983
20015,16984
20015,16985
20015,16986
20015,16987
20015,16988
20015,16989
20015,16990
20015,16991
20015,16992
20015,16993
20015,16994
20015,16995
20015,16996
20015,16997
20015,16998
20015,16999
20015,17000
20015,17001
20015,17002
20016,16816
20016,16817
20016,16818
20016,16819
20016,16820
20016,16821
20016,16822
20016,16823
20016,16824
20016,16825
20016,16826
20016,16827
20016,16828
20016,16829
20016,16830
20016,16831
20016,16832
20016,16833
20016,16834
20016,16835
20016,16836
20016,16837
20016,16838
20016,16839
20016,16840
20016,16841
20016,16842
20016,16843
20016,16844
20016,16845
20016,16846
20016,16847
20016,16848
20016,16849
20016,16850
20016,16851
20016,16852
20016,16853
20016,16854
20016,16855
20016,16856
20016,16857
20016,16858
20016,16859
20016,16860
20016,16861
20016,16862
20016,16863
20016,16864
20016,16865
20016,16866
20016,16867
20016,16868
20016,16869
20016,16870
20016,16871
20016,16872
20016,16873
20016,16874
20016,16875
20016,16876
20016,16877
20016,16878
20016,16879
20016,16880
20016,16881
20016,16882
20016,16883
20016,16884
20016,16885
20016,16886
20016,16887
20016,16888
20016,16889
20016,16890
20016,16891
20016,16892
20016,16893
20016,16894
20016,16895
20016,16896
20016,16897
20016,16898
20016,16899
20016,16900
20016,16901
20016,16902
20016,16903
20016,16904
20016,16905
20016,16906
20016,16907
20016,16908
20016,16909
20016,16910
20016,16911
20016,16912
20016,16913
20016,16914
20016,16915
20016,16916
20016,16917
20016,16918
20016,16919
20016,16920
20016,16921
20016,16922
20016,16923
20016,16924
20016,16925
20016,16926
20016,16927
20016,16928
20016,16929
20016,16930
20016,16931
20016,16932
20016,16933
20016,16934
20016,16935
20016,16936
20016,16937
20016,16938
20016,16939
20016,16940
20016,16941
20016,16942
20016,16943
20016,16944
20016,16945
20016,16946
20016,16947
20016,16948
20016,16949
20016,16950
20016,16951
20016,16952
20016,16953
20016,16954
20016,16955
20016,16956
20016,16957
20016,16958
20016,16959
20016,16960
20016,16961
20016,16962
20016,16963
20016,16964
20016,16965
20016,16966
20016,16967
20016,16968
20016,16969
20016,16970
20016,16971
20016,16972
20016,16973
20016,16974
20016,16975
20016,16976
20016,16977
20016,16978
20016,16979
20016,16980
20016,16981
20016,16982
20016,16983
20016,16984
20016,16985
20016,16986
20016,16987
20016,16988
20016,16989
20016,16990
20016,16991
20016,16992
20016,16993
20016,16994
20016,16995
20016,16996
20016,16997
20016,16998
20016,16999
20016,17000
20016,17001
20016,17002
20017,16815
20017,16816
20017,16817
20017,16818
20017,16819
20017,16820
20017,16821
20017,16822
20017,16823
20017,16824
20017,16825
20017,16826
20017,16827
20017,16828
20017,16829
20017,16830
20017,16831
20017,16832
20017,16833
20017,16834
20017,16835
20017,16836
20017,16837
20017,16838
20017,16839
20017,16840
20017,16841
20017,16842
20017,16843
20017,16844
20017,16845
20017,16846
20017,16847
20017,16848
20017,16849
20017,16850
20017,16851
20017,16852
20017,16853
20017,16854
20017,16855
20017,16856
20017,16857
20017,16858
20017,16859
20017,16860
20017,16861
20017,16862
20017,16863
20017,16864
20017,16865
20017,16866
20017,16867
20017,16868
20017,16869
20017,16870
20017,16871
20017,16872
20017,16873
20017,16874
20017,16875
20017,16876
20017,16877
20017,16878
20017,16879
20017,16880
20017,16881
20017,16882
20017,16883
20017,16884
20017,16885
20017,16886
20017,16887
20017,16888
20017,16889
20017,16890
20017,16891
20017,16892
20017,16893
20017,16894
20017,16895
20017,16896
20017,16897
20017,16898
20017,16899
20017,16900
20017,16901
20017,16902
20017,16903
20017,16904
20017,16905
20017,16906
20017,16907
20017,16908
20017,16909
20017,16910
20017,16911
20017,16912
20017,16913
20017,16914
20017,16915
20017,16916
20017,16917
20017,16918
20017,16919
20017,16920
20017,16921
20017,16922
20017,16923
20017,16924
20017,16925
20017,16926
20017,16927
20017,16928
20017,16929
20017,16930
20017,16931
20017,16932
20017,16933
20017,16934
20017,16935
20017,16936
20017,16937
20017,16938
20017,16939
20017,16940
20017,16941
20017,16942
20017,16943
20017,16944
20017,16945
20017,16946
20017,16947
20017,16948
20017,16949
20017,16950
20017,16951
20017,16952
20017,16953
20017,16954
20017,16955
20017,16956
20017,16957
20017,16958
20017,16959
20017,16960
20017,16961
20017,16962
20017,16963
20017,16964
20017,16965
20017,16966
20017,16967
20017,16968
20017,16969
20017,16970
20017,16971
20017,16972
20017,16973
20017,16974
20017,16975
20017,16976
20017,16977
20017,16978
20017,16979
20017,16980
20017,16981
20017,16982
20017,16983
20017,16984
20017,16985
20017,16986
20017,16987
20017,16988
20017,16989
20017,16990
20017,16991
20017,16992
20017,16993
20017,16994
20017,16995
20017,16996
20017,16997
20017,16998
20017,16999
20017,17000
20017,17001
20017,17002
20017,17003
20018,16814
20018,16815
20018,16816
20018,16817
20018,16818
20018,16819
20018,16820
20018,16821
20018,16822
20018,16823
20018,16824
20018,16825
20018,16826
20018,16827
20018,16828
20018,16829
20018,16830
20018,16831
20018,16832
20018,16833
20018,16834
20018,16835
20018,16836
20018,16837
20018,16838
20018,16839
20018,16840
20018,16841
20018,16842
20018,16843
20018,16844
20018,16845
20018,16846
20018,16847
20018,16848
20018,16849
20018,16850
20018,16851
20018,16852
20018,16853
20018,16854
20018,16855
20018,16856
20018,16857
20018,16858
20018,16859
20018,16860
20018,16861
20018,16862
20018,16863
20018,16864
20018,16865
20018,16866
20018,16867
20018,16868
20018,16869
20018,16870
20018,16871
20018,16872
20018,16873
20018,16874
20018,16875
20018,16876
20018,16877
20018,16878
20018,16879
20018,16880
20018,16881
20018,16882
20018,16883
20018,16884
20018,16885
20018,16886
20018,16887
20018,16888
20018,16889
20018,16890
20018,16891
20018,16892
20018,16893
20018,16894
20018,16895
20018,16896
20018,16897
20018,16898
20018,16899
20018,16900
20018,16901
20018,16902
20018,16903
20018,16904
20018,16905
20018,16906
20018,16907
20018,16908
20018,16909
20018,16910
20018,16911
20018,16912
20018,16913
20018,16914
20018,16915
20018,16916
20018,16917
20018,16918
20018,16919
20018,16920
20018,16921
20018,16922
20018,16923
20018,16924
20018,16925
20018,16926
20018,16927
20018,16928
20018,16929
20018,16930
20018,16931
20018,16932
20018,16933
20018,16934
20018,16935
20018,16936
20018,16937
20018,16938
20018,16939
20018,16940
20018,16941
20018,16942
20018,16943
20018,16944
20018,16945
20018,16946
20018,16947
20018,16948
20018,16949
20018,16950
20018,16951
20018,16952
20018,16953
20018,16954
20018,16955
20018,16956
20018,16957
20018,16958
20018,16959
20018,16960
20018,16961
20018,16962
20018,16963
20018,16964
20018,16965
20018,16966
20018,16967
20018,16968
20018,16969
20018,16970
20018,16971
20018,16972
20018,16973
20018,16974
20018,16975
20018,16976
20018,16977
20018,16978
20018,16979
20018,16980
20018,16981
20018,16982
20018,16983
20018,16984
20018,16985
20018,16986
20018,16987
20018,16988
20018,16989
20018,16990
20018,16991
20018,16992
20018,16993
20018,16994
20018,16995
20018,16996
20018,16997
20018,16998
20018,16999
20018,17000
20018,17001
20018,17002
20018,17003
20019,16813
20019,16814
20019,16815
20019,16816
20019,16817
20019,16818
20019,16819
20019,16820
20019,16821
20019,16822
20019,16823
20019,16824
20019,16825
20019,16826
20019,16827
20019,16828
20019,16829
20019,16830
20019,16831
20019,16832
20019,16833
20019,16834
20019,16835
20019,16836
20019,16837
20019,16838
20019,16839
20019,16840
20019,16841
20019,16842
20019,16843
20019,16844
20019,16845
20019,16846
20019,16847
20019,16848
20019,16849
20019,16850
20019,16851
20019,16852
20019,16853
20019,16854
20019,16855
20019,16856
20019,16857
20019,16858
20019,16859
20019,16860
20019,16861
20019,16862
20019,16863
20019,16864
20019,16865
20019,16866
20019,16867
20019,16868
20019,16869
20019,16870
20019,16871
20019,16872
20019,16873
20019,16874
20019,16875
20019,16876
20019,16877
20019,16878
20019,16879
20019,16880
20019,16881
20019,16882
20019,16883
20019,16884
20019,16885
20019,16886
20019,16887
20019,16888
20019,16889
20019,16890
20019,16891
20019,16892
20019,16893
20019,16894
20019,16895
20019,16896
20019,16897
20019,16898
20019,16899
20019,16900
20019,16901
20019,16902
20019,16903
20019,16904
20019,16905
20019,16906
20019,16907
20019,16908
20019,16909
20019,16910
20019,16911
20019,16912
20019,16913
20019,16914
20019,16915
20019,16916
20019,16917
20019,16918
20019,16919
20019,16920
20019,16921
20019,16922
20019,16923
20019,16924
20019,16925
20019,16926
20019,16927
20019,16928
20019,16929
20019,16930
20019,16931
20019,16932
20019,16933
20019,16934
20019,16935
20019,16936
20019,16937
20019,16938
20019,16939
20019,16940
20019,16941
20019,16942
20019,16943
20019,16944
20019,16945
20019,16946
20019,16947
20019,16948
20019,16949
20019,16950
20019,16951
20019,16952
20019,16953
20019,16954
20019,16955
20019,16956
20019,16957
20019,16958
20019,16959
20019,16960
20019,16961
20019,16962
20019,16963
20019,16964
20019,16965
20019,16966
20019,16967
20019,16968
20019,16969
20019,16970
20019,16971
20019,16972
20019,16973
20019,16974
20019,16975
20019,16976
20019,16977
20019,16978
20019,16979
20019,16980
20019,16981
20019,16982
20019,16983
20019,16984
20019,16985
20019,16986
20019,16987
20019,16988
20019,16989
20019,16990
20019,16991
20019,16992
20019,16993
20019,16994
20019,16995
20019,16996
20019,16997
20019,16998
20019,16999
20019,17000
20019,17001
20019,17002
20019,17003
20020,16812
20020,16813
20020,16814
20020,16815
20020,16816
20020,16817
20020,16818
20020,16819
20020,16820
20020,16821
20020,16822
20020,16823
20020,16824
20020,16825
20020,16826
20020,16827
20020,16828
20020,16829
20020,16830
20020,16831
20020,16832
20020,16833
20020,16834
20020,16835
20020,16836
20020,16837
20020,16838
20020,16839
20020,16840
20020,16841
20020,16842
20020,16843
20020,16844
20020,16845
20020,16846
20020,16847
20020,16848
20020,16849
20020,16850
20020,16851
20020,16852
20020,16853
20020,16854
20020,16855
20020,16856
20020,16857
20020,16858
20020,16859
20020,16860
20020,16861
20020,16862
20020,16863
20020,16864
20020,16865
20020,16866
20020,16867
20020,16868
20020,16869
20020,16870
20020,16871
20020,16872
20020,16873
20020,16874
20020,16875
20020,16876
20020,16877
20020,16878
20020,16879
20020,16880
20020,16881
20020,16882
20020,16883
20020,16884
20020,16885
20020,16886
20020,16887
20020,16888
20020,16889
20020,16890
20020,16891
20020,16892
20020,16893
20020,16894
20020,16895
20020,16896
20020,16897
20020,16898
20020,16899
20020,16900
20020,16901
20020,16902
20020,16903
20020,16904
20020,16905
20020,16906
20020,16907
20020,16908
20020,16909
20020,16910
20020,16911
20020,16912
20020,16913
20020,16914
20020,16915
20020,16916
20020,16917
20020,16918
20020,16919
20020,16920
20020,16921
20020,16922
20020,16923
20020,16924
20020,16925
20020,16926
20020,16927
20020,16928
20020,16929
20020,16930
20020,16931
20020,16932
20020,16933
20020,16934
20020,16935
20020,16936
20020,16937
20020,16938
20020,16939
20020,16940
20020,16941
20020,16942
20020,16943
20020,16944
20020,16945
20020,16946
20020,16947
20020,16948
20020,16949
20020,16950
20020,16951
20020,16952
20020,16953
20020,16954
20020,16955
20020,16956
20020,16957
20020,16958
20020,16959
20020,16960
20020,16961
20020,16962
20020,16963
20020,16964
20020,16965
20020,16966
20020,16967
20020,16968
20020,16969
20020,16970
20020,16971
20020,16972
20020,16973
20020,16974
20020,16975
20020,16976
20020,16977
20020,16978
20020,16979
20020,16980
20020,16981
20020,16982
20020,16983
20020,16984
20020,16985
20020,16986
20020,16987
20020,16988
20020,16989
20020,16990
20020,16991
20020,16992
20020,16993
20020,16994
20020,16995
20020,16996
20020,16997
20020,16998
20020,16999
20020,17000
20020,17001
20020,17002
20020,17003
20020,17004
20021,16812
20021,16813
20021,16814
20021,16815
20021,16816
20021,16817
20021,16818
20021,16819
20021,16820
20021,16821
20021,16822
20021,16823
20021,16824
20021,16825
20021,16826
20021,16827
20021,16828
20021,16829
20021,16830
20021,16831
20021,16832
20021,16833
20021,16834
20021,16835
20021,16836
20021,16837
20021,16838
20021,16839
20021,16840
20021,16841
20021,16842
20021,16843
20021,16844
20021,16845
20021,16846
20021,16847
20021,16848
20021,16849
20021,16850
20021,16851
20021,16852
20021,16853
20021,16854
20021,16855
20021,16856
20021,16857
20021,16858
20021,16859
20021,16860
20021,16861
20021,16862
20021,16863
20021,16864
20021,16865
20021,16866
20021,16867
20021,16868
20021,16869
20021,16870
20021,16871
20021,16872
20021,16873
20021,16874
20021,16875
20021,16876
20021,16877
20021,16878
20021,16879
20021,16880
20021,16881
20021,16882
20021,16883
20021,16884
20021,16885
20021,16886
20021,16887
20021,16888
20021,16889
20021,16890
20021,16891
20021,16892
20021,16893
20021,16894
20021,16895
20021,16896
20021,16897
20021,16898
20021,16899
20021,16900
20021,16901
20021,16902
20021,16903
20021,16904
20021,16905
20021,16906
20021,16907
20021,16908
20021,16909
20021,16910
20021,16911
20021,16912
20021,16913
20021,16914
20021,16915
20021,16916
20021,16917
20021,16918
20021,16919
20021,16920
20021,16921
20021,16922
20021,16923
20021,16924
20021,16925
20021,16926
20021,16927
20021,16928
20021,16929
20021,16930
20021,16931
20021,16932
20021,16933
20021,16934
20021,16935
20021,16936
20021,16937
20021,16938
20021,16939
20021,16940
20021,16941
20021,16942
20021,16943
20021,16944
20021,16945
20021,16946
20021,16947
20021,16948
20021,16949
20021,16950
20021,16951
20021,16952
20021,16953
20021,16954
20021,16955
20021,16956
20021,16957
20021,16958
20021,16959
20021,16960
20021,16961
20021,16962
20021,16963
20021,16964
20021,16965
20021,16966
20021,16967
20021,16968
20021,16969
20021,16970
20021,16971
20021,16972
20021,16973
20021,16974
20021,16975
20021,16976
20021,16977
20021,16978
20021,16979
20021,16980
20021,16981
20021,16982
20021,16983
20021,16984
20021,16985
20021,16986
20021,16987
20021,16988
20021,16989
20021,16990
20021,16991
20021,16992
20021,16993
20021,16994
20021,16995
20021,16996
20021,16997
20021,16998
20021,16999
20021,17000
20021,17001
20021,17002
20021,17003
20021,17004
20021,17005
20022,16810
20022,16811
20022,16812
20022,16813
20022,16814
20022,16815
20022,16816
20022,16817
20022,16818
20022,16819
20022,16820
20022,16821
20022,16822
20022,16823
20022,16824
20022,16825
20022,16826
20022,16827
20022,16828
20022,16829
20022,16830
20022,16831
20022,16832
20022,16833
20022,16834
20022,16835
20022,16836
20022,16837
20022,16838
20022,16839
20022,16840
20022,16841
20022,16842
20022,16843
20022,16844
20022,16845
20022,16846
20022,16847
20022,16848
20022,16849
20022,16850
20022,16851
20022,16852
20022,16853
20022,16854
20022,16855
20022,16856
20022,16857
20022,16858
20022,16859
20022,16860
20022,16861
20022,16862
20022,16863
20022,16864
20022,16865
20022,16866
20022,16867
20022,16868
20022,16869
20022,16870
20022,16871
20022,16872
20022,16873
20022,16874
20022,16875
20022,16876
20022,16877
20022,16878
20022,16879
20022,16880
20022,16881
20022,16882
20022,16883
20022,16884
20022,16885
20022,16886
20022,16887
20022,16888
20022,16889
20022,16890
20022,16891
20022,16892
20022,16893
20022,16894
20022,16895
20022,16896
20022,16897
20022,16898
20022,16899
20022,16900
20022,16901
20022,16902
20022,16903
20022,16904
20022,16905
20022,16906
20022,16907
20022,16908
20022,16909
20022,16910
20022,16911
20022,16912
20022,16913
20022,16914
20022,16915
20022,16916
20022,16917
20022,16918
20022,16919
20022,16920
20022,16921
20022,16922
20022,16923
20022,16924
20022,16925
20022,16926
20022,16927
20022,16928
20022,16929
20022,16930
20022,16931
20022,16932
20022,16933
20022,16934
20022,16935
20022,16936
20022,16937
20022,16938
20022,16939
20022,16940
20022,16941
20022,16942
20022,16943
20022,16944
20022,16945
20022,16946
20022,16947
20022,16948
20022,16949
20022,16950
20022,16951
20022,16952
20022,16953
20022,16954
20022,16955
20022,16956
20022,16957
20022,16958
20022,16959
20022,16960
20022,16961
20022,16962
20022,16963
20022,16964
20022,16965
20022,16966
20022,16967
20022,16968
20022,16969
20022,16970
20022,16971
20022,16972
20022,16973
20022,16974
20022,16975
20022,16976
20022,16977
20022,16978
20022,16979
20022,16980
20022,16981
20022,16982
20022,16983
20022,16984
20022,16985
20022,16986
20022,16987
20022,16988
20022,16989
20022,16990
20022,16991
20022,16992
20022,16993
20022,16994
20022,16995
20022,16996
20022,16997
20022,16998
20022,16999
20022,17000
20022,17001
20022,17002
20022,17003
20022,17004
20022,17005
20023,16807
20023,16808
20023,16809
20023,16810
20023,16811
20023,16812
20023,16813
20023,16814
20023,16815
20023,16816
20023,16817
20023,16818
20023,16819
20023,16820
20023,16821
20023,16822
20023,16823
20023,16824
20023,16825
20023,16826
20023,16827
20023,16828
20023,16829
20023,16830
20023,16831
20023,16832
20023,16833
20023,16834
20023,16835
20023,16836
20023,16837
20023,16838
20023,16839
20023,16840
20023,16841
20023,16842
20023,16843
20023,16844
20023,16845
20023,16846
20023,16847
20023,16848
20023,16849
20023,16850
20023,16851
20023,16852
20023,16853
20023,16854
20023,16855
20023,16856
20023,16857
20023,16858
20023,16859
20023,16860
20023,16861
20023,16862
20023,16863
20023,16864
20023,16865
20023,16866
20023,16867
20023,16868
20023,16869
20023,16870
20023,16871
20023,16872
20023,16873
20023,16874
20023,16875
20023,16876
20023,16877
20023,16878
20023,16879
20023,16880
20023,16881
20023,16882
20023,16883
20023,16884
20023,16885
20023,16886
20023,16887
20023,16888
20023,16889
20023,16890
20023,16891
20023,16892
20023,16893
20023,16894
20023,16895
20023,16896
20023,16897
20023,16898
20023,16899
20023,16900
20023,16901
20023,16902
20023,16903
20023,16904
20023,16905
20023,16906
20023,16907
20023,16908
20023,16909
20023,16910
20023,16911
20023,16912
20023,16913
20023,16914
20023,16915
20023,16916
20023,16917
20023,16918
20023,16919
20023,16920
20023,16921
20023,16922
20023,16923
20023,16924
20023,16925
20023,16926
20023,16927
20023,16928
20023,16929
20023,16930
20023,16931
20023,16932
20023,16933
20023,16934
20023,16935
20023,16936
20023,16937
20023,16938
20023,16939
20023,16940
20023,16941
20023,16942
20023,16943
20023,16944
20023,16945
20023,16946
20023,16947
20023,16948
20023,16949
20023,16950
20023,16951
20023,16952
20023,16953
20023,16954
20023,16955
20023,16956
20023,16957
20023,16958
20023,16959
20023,16960
20023,16961
20023,16962
20023,16963
20023,16964
20023,16965
20023,16966
20023,16967
20023,16968
20023,16969
20023,16970
20023,16971
20023,16972
20023,16973
20023,16974
20023,16975
20023,16976
20023,16977
20023,16978
20023,16979
20023,16980
20023,16981
20023,16982
20023,16983
20023,16984
20023,16985
20023,16986
20023,16987
20023,16988
20023,16989
20023,16990
20023,16991
20023,16992
20023,16993
20023,16994
20023,16995
20023,16996
20023,16997
20023,16998
20023,16999
20023,17000
20023,17001
20023,17002
20023,17003
20023,17004
20023,17005
20024,16806
20024,16807
20024,16808
20024,16809
20024,16810
20024,16811
20024,16812
20024,16813
20024,16814
20024,16815
20024,16816
20024,16817
20024,16818
20024,16819
20024,16820
20024,16821
20024,16822
20024,16823
20024,16824
20024,16825
20024,16826
20024,16827
20024,16828
20024,16829
20024,16830
20024,16831
20024,16832
20024,16833
20024,16834
20024,16835
20024,16836
20024,16837
20024,16838
20024,16839
20024,16840
20024,16841
20024,16842
20024,16843
20024,16844
20024,16845
20024,16846
20024,16847
20024,16848
20024,16849
20024,16850
20024,16851
20024,16852
20024,16853
20024,16854
20024,16855
20024,16856
20024,16857
20024,16858
20024,16859
20024,16860
20024,16861
20024,16862
20024,16863
20024,16864
20024,16865
20024,16866
20024,16867
20024,16868
20024,16869
20024,16870
20024,16871
20024,16872
20024,16873
20024,16874
20024,16875
20024,16876
20024,16877
20024,16878
20024,16879
20024,16880
20024,16881
20024,16882
20024,16883
20024,16884
20024,16885
20024,16886
20024,16887
20024,16888
20024,16889
20024,16890
20024,16891
20024,16892
20024,16893
20024,16894
20024,16895
20024,16896
20024,16897
20024,16898
20024,16899
20024,16900
20024,16901
20024,16902
20024,16903
20024,16904
20024,16905
20024,16906
20024,16907
20024,16908
20024,16909
20024,16910
20024,16911
20024,16912
20024,16913
20024,16914
20024,16915
20024,16916
20024,16917
20024,16918
20024,16919
20024,16920
20024,16921
20024,16922
20024,16923
20024,16924
20024,16925
20024,16926
20024,16927
20024,16928
20024,16929
20024,16930
20024,16931
20024,16932
20024,16933
20024,16934
20024,16935
20024,16936
20024,16937
20024,16938
20024,16939
20024,16940
20024,16941
20024,16942
20024,16943
20024,16944
20024,16945
20024,16946
20024,16947
20024,16948
20024,16949
20024,16950
20024,16951
20024,16952
20024,16953
20024,16954
20024,16955
20024,16956
20024,16957
20024,16958
20024,16959
20024,16960
20024,16961
20024,16962
20024,16963
20024,16964
20024,16965
20024,16966
20024,16967
20024,16968
20024,16969
20024,16970
20024,16971
20024,16972
20024,16973
20024,16974
20024,16975
20024,16976
20024,16977
20024,16978
20024,16979
20024,16980
20024,16981
20024,16982
20024,16983
20024,16984
20024,16985
20024,16986
20024,16987
20024,16988
20024,16989
20024,16990
20024,16991
20024,16992
20024,16993
20024,16994
20024,16995
20024,16996
20024,16997
20024,16998
20024,16999
20024,17000
20024,17001
20024,17002
20024,17003
20024,17004
20024,17005
20024,17006
20025,16805
20025,16806
20025,16807
20025,16808
20025,16809
20025,16810
20025,16811
20025,16812
20025,16813
20025,16814
20025,16815
20025,16816
20025,16817
20025,16818
20025,16819
20025,16820
20025,16821
20025,16822
20025,16823
20025,16824
20025,16825
20025,16826
20025,16827
20025,16828
20025,16829
20025,16830
20025,16831
20025,16832
20025,16833
20025,16834
20025,16835
20025,16836
20025,16837
20025,16838
20025,16839
20025,16840
20025,16841
20025,16842
20025,16843
20025,16844
20025,16845
20025,16846
20025,16847
20025,16848
20025,16849
20025,16850
20025,16851
20025,16852
20025,16853
20025,16854
20025,16855
20025,16856
20025,16857
20025,16858
20025,16859
20025,16860
20025,16861
20025,16862
20025,16863
20025,16864
20025,16865
20025,16866
20025,16867
20025,16868
20025,16869
20025,16870
20025,16871
20025,16872
20025,16873
20025,16874
20025,16875
20025,16876
20025,16877
20025,16878
20025,16879
20025,16880
20025,16881
20025,16882
20025,16883
20025,16884
20025,16885
20025,16886
20025,16887
20025,16888
20025,16889
20025,16890
20025,16891
20025,16892
20025,16893
20025,16894
20025,16895
20025,16896
20025,16897
20025,16898
20025,16899
20025,16900
20025,16901
20025,16902
20025,16903
20025,16904
20025,16905
20025,16906
20025,16907
20025,16908
20025,16909
20025,16910
20025,16911
20025,16912
20025,16913
20025,16914
20025,16915
20025,16916
20025,16917
20025,16918
20025,16919
20025,16920
20025,16921
20025,16922
20025,16923
20025,16924
20025,16925
20025,16926
20025,16927
20025,16928
20025,16929
20025,16930
20025,16931
20025,16932
20025,16933
20025,16934
20025,16935
20025,16936
20025,16937
20025,16938
20025,16939
20025,16940
20025,16941
20025,16942
20025,16943
20025,16944
20025,16945
20025,16946
20025,16947
20025,16948
20025,16949
20025,16950
20025,16951
20025,16952
20025,16953
20025,16954
20025,16955
20025,16956
20025,16957
20025,16958
20025,16959
20025,16960
20025,16961
20025,16962
20025,16963
20025,16964
20025,16965
20025,16966
20025,16967
20025,16968
20025,16969
20025,16970
20025,16971
20025,16972
20025,16973
20025,16974
20025,16975
20025,16976
20025,16977
20025,16978
20025,16979
20025,16980
20025,16981
20025,16982
20025,16983
20025,16984
20025,16985
20025,16986
20025,16987
20025,16988
20025,16989
20025,16990
20025,16991
20025,16992
20025,16993
20025,16994
20025,16995
20025,16996
20025,16997
20025,16998
20025,16999
20025,17000
20025,17001
20025,17002
20025,17003
20025,17004
20025,17005
20025,17006
20026,16805
20026,16806
20026,16807
20026,16808
20026,16809
20026,16810
20026,16811
20026,16812
20026,16813
20026,16814
20026,16815
20026,16816
20026,16817
20026,16818
20026,16819
20026,16820
20026,16821
20026,16822
20026,16823
20026,16824
20026,16825
20026,16826
20026,16827
20026,16828
20026,16829
20026,16830
20026,16831
20026,16832
20026,16833
20026,16834
20026,16835
20026,16836
20026,16837
20026,16838
20026,16839
20026,16840
20026,16841
20026,16842
20026,16843
20026,16844
20026,16845
20026,16846
20026,16847
20026,16848
20026,16849
20026,16850
20026,16851
20026,16852
20026,16853
20026,16854
20026,16855
20026,16856
20026,16857
20026,16858
20026,16859
20026,16860
20026,16861
20026,16862
20026,16863
20026,16864
20026,16865
20026,16866
20026,16867
20026,16868
20026,16869
20026,16870
20026,16871
20026,16872
20026,16873
20026,16874
20026,16875
20026,16876
20026,16877
20026,16878
20026,16879
20026,16880
20026,16881
20026,16882
20026,16883
20026,16884
20026,16885
20026,16886
20026,16887
20026,16888
20026,16889
20026,16890
20026,16891
20026,16892
20026,16893
20026,16894
20026,16895
20026,16896
20026,16897
20026,16898
20026,16899
20026,16900
20026,16901
20026,16902
20026,16903
20026,16904
20026,16905
20026,16906
20026,16907
20026,16908
20026,16909
20026,16910
20026,16911
20026,16912
20026,16913
20026,16914
20026,16915
20026,16916
20026,16917
20026,16918
20026,16919
20026,16920
20026,16921
20026,16922
20026,16923
20026,16924
20026,16925
20026,16926
20026,16927
20026,16928
20026,16929
20026,16930
20026,16931
20026,16932
20026,16933
20026,16934
20026,16935
20026,16936
20026,16937
20026,16938
20026,16939
20026,16940
20026,16941
20026,16942
20026,16943
20026,16944
20026,16945
20026,16946
20026,16947
20026,16948
20026,16949
20026,16950
20026,16951
20026,16952
20026,16953
20026,16954
20026,16955
20026,16956
20026,16957
20026,16958
20026,16959
20026,16960
20026,16961
20026,16962
20026,16963
20026,16964
20026,16965
20026,16966
20026,16967
20026,16968
20026,16969
20026,16970
20026,16971
20026,16972
20026,16973
20026,16974
20026,16975
20026,16976
20026,16977
20026,16978
20026,16979
20026,16980
20026,16981
20026,16982
20026,16983
20026,16984
20026,16985
20026,16986
20026,16987
20026,16988
20026,16989
20026,16990
20026,16991
20026,16992
20026,16993
20026,16994
20026,16995
20026,16996
20026,16997
20026,16998
20026,16999
20026,17000
20026,17001
20026,17002
20026,17003
20026,17004
20026,17005
20026,17006
20026,17007
20027,16805
20027,16806
20027,16807
20027,16808
20027,16809
20027,16810
20027,16811
20027,16812
20027,16813
20027,16814
20027,16815
20027,16816
20027,16817
20027,16818
20027,16819
20027,16820
20027,16821
20027,16822
20027,16823
20027,16824
20027,16825
20027,16826
20027,16827
20027,16828
20027,16829
20027,16830
20027,16831
20027,16832
20027,16833
20027,16834
20027,16835
20027,16836
20027,16837
20027,16838
20027,16839
20027,16840
20027,16841
20027,16842
20027,16843
20027,16844
20027,16845
20027,16846
20027,16847
20027,16848
20027,16849
20027,16850
20027,16851
20027,16852
20027,16853
20027,16854
20027,16855
20027,16856
20027,16857
20027,16858
20027,16859
20027,16860
20027,16861
20027,16862
20027,16863
20027,16864
20027,16865
20027,16866
20027,16867
20027,16868
20027,16869
20027,16870
20027,16871
20027,16872
20027,16873
20027,16874
20027,16875
20027,16876
20027,16877
20027,16878
20027,16879
20027,16880
20027,16881
20027,16882
20027,16883
20027,16884
20027,16885
20027,16886
20027,16887
20027,16888
20027,16889
20027,16890
20027,16891
20027,16892
20027,16893
20027,16894
20027,16895
20027,16896
20027,16897
20027,16898
20027,16899
20027,16900
20027,16901
20027,16902
20027,16903
20027,16904
20027,16905
20027,16906
20027,16907
20027,16908
20027,16909
20027,16910
20027,16911
20027,16912
20027,16913
20027,16914
20027,16915
20027,16916
20027,16917
20027,16918
20027,16919
20027,16920
20027,16921
20027,16922
20027,16923
20027,16924
20027,16925
20027,16926
20027,16927
20027,16928
20027,16929
20027,16930
20027,16931
20027,16932
20027,16933
20027,16934
20027,16935
20027,16936
20027,16937
20027,16938
20027,16939
20027,16940
20027,16941
20027,16942
20027,16943
20027,16944
20027,16945
20027,16946
20027,16947
20027,16948
20027,16949
20027,16950
20027,16951
20027,16952
20027,16953
20027,16954
20027,16955
20027,16956
20027,16957
20027,16958
20027,16959
20027,16960
20027,16961
20027,16962
20027,16963
20027,16964
20027,16965
20027,16966
20027,16967
20027,16968
20027,16969
20027,16970
20027,16971
20027,16972
20027,16973
20027,16974
20027,16975
20027,16976
20027,16977
20027,16978
20027,16979
20027,16980
20027,16981
20027,16982
20027,16983
20027,16984
20027,16985
20027,16986
20027,16987
20027,16988
20027,16989
20027,16990
20027,16991
20027,16992
20027,16993
20027,16994
20027,16995
20027,16996
20027,16997
20027,16998
20027,16999
20027,17000
20027,17001
20027,17002
20027,17003
20027,17004
20027,17005
20027,17006
20027,17007
20028,16804
20028,16805
20028,16806
20028,16807
20028,16808
20028,16809
20028,16810
20028,16811
20028,16812
20028,16813
20028,16814
20028,16815
20028,16816
20028,16817
20028,16818
20028,16819
20028,16820
20028,16821
20028,16822
20028,16823
20028,16824
20028,16825
20028,16826
20028,16827
20028,16828
20028,16829
20028,16830
20028,16831
20028,16832
20028,16833
20028,16834
20028,16835
20028,16836
20028,16837
20028,16838
20028,16839
20028,16840
20028,16841
20028,16842
20028,16843
20028,16844
20028,16845
20028,16846
20028,16847
20028,16848
20028,16849
20028,16850
20028,16851
20028,16852
20028,16853
20028,16854
20028,16855
20028,16856
20028,16857
20028,16858
20028,16859
20028,16860
20028,16861
20028,16862
20028,16863
20028,16864
20028,16865
20028,16866
20028,16867
20028,16868
20028,16869
20028,16870
20028,16871
20028,16872
20028,16873
20028,16874
20028,16875
20028,16876
20028,16877
20028,16878
20028,16879
20028,16880
20028,16881
20028,16882
20028,16883
20028,16884
20028,16885
20028,16886
20028,16887
20028,16888
20028,16889
20028,16890
20028,16891
20028,16892
20028,16893
20028,16894
20028,16895
20028,16896
20028,16897
20028,16898
20028,16899
20028,16900
20028,16901
20028,16902
20028,16903
20028,16904
20028,16905
20028,16906
20028,16907
20028,16908
20028,16909
20028,16910
20028,16911
20028,16912
20028,16913
20028,16914
20028,16915
20028,16916
20028,16917
20028,16918
20028,16919
20028,16920
20028,16921
20028,16922
20028,16923
20028,16924
20028,16925
20028,16926
20028,16927
20028,16928
20028,16929
20028,16930
20028,16931
20028,16932
20028,16933
20028,16934
20028,16935
20028,16936
20028,16937
20028,16938
20028,16939
20028,16940
20028,16941
20028,16942
20028,16943
20028,16944
20028,16945
20028,16946
20028,16947
20028,16948
20028,16949
20028,16950
20028,16951
20028,16952
20028,16953
20028,16954
20028,16955
20028,16956
20028,16957
20028,16958
20028,16959
20028,16960
20028,16961
20028,16962
20028,16963
20028,16964
20028,16965
20028,16966
20028,16967
20028,16968
20028,16969
20028,16970
20028,16971
20028,16972
20028,16973
20028,16974
20028,16975
20028,16976
20028,16977
20028,16978
20028,16979
20028,16980
20028,16981
20028,16982
20028,16983
20028,16984
20028,16985
20028,16986
20028,16987
20028,16988
20028,16989
20028,16990
20028,16991
20028,16992
20028,16993
20028,16994
20028,16995
20028,16996
20028,16997
20028,16998
20028,16999
20028,17000
20028,17001
20028,17002
20028,17003
20028,17004
20028,17005
20028,17006
20028,17007
20029,16804
20029,16805
20029,16806
20029,16807
20029,16808
20029,16809
20029,16810
20029,16811
20029,16812
20029,16813
20029,16814
20029,16815
20029,16816
20029,16817
20029,16818
20029,16819
20029,16820
20029,16821
20029,16822
20029,16823
20029,16824
20029,16825
20029,16826
20029,16827
20029,16828
20029,16829
20029,16830
20029,16831
20029,16832
20029,16833
20029,16834
20029,16835
20029,16836
20029,16837
20029,16838
20029,16839
20029,16840
20029,16841
20029,16842
20029,16843
20029,16844
20029,16845
20029,16846
20029,16847
20029,16848
20029,16849
20029,16850
20029,16851
20029,16852
20029,16853
20029,16854
20029,16855
20029,16856
20029,16857
20029,16858
20029,16859
20029,16860
20029,16861
20029,16862
20029,16863
20029,16864
20029,16865
20029,16866
20029,16867
20029,16868
20029,16869
20029,16870
20029,16871
20029,16872
20029,16873
20029,16874
20029,16875
20029,16876
20029,16877
20029,16878
20029,16879
20029,16880
20029,16881
20029,16882
20029,16883
20029,16884
20029,16885
20029,16886
20029,16887
20029,16888
20029,16889
20029,16890
20029,16891
20029,16892
20029,16893
20029,16894
20029,16895
20029,16896
20029,16897
20029,16898
20029,16899
20029,16900
20029,16901
20029,16902
20029,16903
20029,16904
20029,16905
20029,16906
20029,16907
20029,16908
20029,16909
20029,16910
20029,16911
20029,16912
20029,16913
20029,16914
20029,16915
20029,16916
20029,16917
20029,16918
20029,16919
20029,16920
20029,16921
20029,16922
20029,16923
20029,16924
20029,16925
20029,16926
20029,16927
20029,16928
20029,16929
20029,16930
20029,16931
20029,16932
20029,16933
20029,16934
20029,16935
20029,16936
20029,16937
20029,16938
20029,16939
20029,16940
20029,16941
20029,16942
20029,16943
20029,16944
20029,16945
20029,16946
20029,16947
20029,16948
20029,16949
20029,16950
20029,16951
20029,16952
20029,16953
20029,16954
20029,16955
20029,16956
20029,16957
20029,16958
20029,16959
20029,16960
20029,16961
20029,16962
20029,16963
20029,16964
20029,16965
20029,16966
20029,16967
20029,16968
20029,16969
20029,16970
20029,16971
20029,16972
20029,16973
20029,16974
20029,16975
20029,16976
20029,16977
20029,16978
20029,16979
20029,16980
20029,16981
20029,16982
20029,16983
20029,16984
20029,16985
20029,16986
20029,16987
20029,16988
20029,16989
20029,16990
20029,16991
20029,16992
20029,16993
20029,16994
20029,16995
20029,16996
20029,16997
20029,16998
20029,16999
20029,17000
20029,17001
20029,17002
20029,17003
20029,17004
20029,17005
20029,17006
20029,17007
20029,17008
20030,16805
20030,16806
20030,16807
20030,16808
20030,16809
20030,16810
20030,16811
20030,16812
20030,16813
20030,16814
20030,16815
20030,16816
20030,16817
20030,16818
20030,16819
20030,16820
20030,16821
20030,16822
20030,16823
20030,16824
20030,16825
20030,16826
20030,16827
20030,16828
20030,16829
20030,16830
20030,16831
20030,16832
20030,16833
20030,16834
20030,16835
20030,16836
20030,16837
20030,16838
20030,16839
20030,16840
20030,16841
20030,16842
20030,16843
20030,16844
20030,16845
20030,16846
20030,16847
20030,16848
20030,16849
20030,16850
20030,16851
20030,16852
20030,16853
20030,16854
20030,16855
20030,16856
20030,16857
20030,16858
20030,16859
20030,16860
20030,16861
20030,16862
20030,16863
20030,16864
20030,16865
20030,16866
20030,16867
20030,16868
20030,16869
20030,16870
20030,16871
20030,16872
20030,16873
20030,16874
20030,16875
20030,16876
20030,16877
20030,16878
20030,16879
20030,16880
20030,16881
20030,16882
20030,16883
20030,16884
20030,16885
20030,16886
20030,16887
20030,16888
20030,16889
20030,16890
20030,16891
20030,16892
20030,16893
20030,16894
20030,16895
20030,16896
20030,16897
20030,16898
20030,16899
20030,16900
20030,16901
20030,16902
20030,16903
20030,16904
20030,16905
20030,16906
20030,16907
20030,16908
20030,16909
20030,16910
20030,16911
20030,16912
20030,16913
20030,16914
20030,16915
20030,16916
20030,16917
20030,16918
20030,16919
20030,16920
20030,16921
20030,16922
20030,16923
20030,16924
20030,16925
20030,16926
20030,16927
20030,16928
20030,16929
20030,16930
20030,16931
20030,16932
20030,16933
20030,16934
20030,16935
20030,16936
20030,16937
20030,16938
20030,16939
20030,16940
20030,16941
20030,16942
20030,16943
20030,16944
20030,16945
20030,16946
20030,16947
20030,16948
20030,16949
20030,16950
20030,16951
20030,16952
20030,16953
20030,16954
20030,16955
20030,16956
20030,16957
20030,16958
20030,16959
20030,16960
20030,16961
20030,16962
20030,16963
20030,16964
20030,16965
20030,16966
20030,16967
20030,16968
20030,16969
20030,16970
20030,16971
20030,16972
20030,16973
20030,16974
20030,16975
20030,16976
20030,16977
20030,16978
20030,16979
20030,16980
20030,16981
20030,16982
20030,16983
20030,16984
20030,16985
20030,16986
20030,16987
20030,16988
20030,16989
20030,16990
20030,16991
20030,16992
20030,16993
20030,16994
20030,16995
20030,16996
20030,16997
20030,16998
20030,16999
20030,17000
20030,17001
20030,17002
20030,17003
20030,17004
20030,17005
20030,17006
20030,17007
20031,16803
20031,16804
20031,16805
20031,16806
20031,16807
20031,16808
20031,16809
20031,16810
20031,16811
20031,16812
20031,16813
20031,16814
20031,16815
20031,16816
20031,16817
20031,16818
20031,16819
20031,16820
20031,16821
20031,16822
20031,16823
20031,16824
20031,16825
20031,16826
20031,16827
20031,16828
20031,16829
20031,16830
20031,16831
20031,16832
20031,16833
20031,16834
20031,16835
20031,16836
20031,16837
20031,16838
20031,16839
20031,16840
20031,16841
20031,16842
20031,16843
20031,16844
20031,16845
20031,16846
20031,16847
20031,16848
20031,16849
20031,16850
20031,16851
20031,16852
20031,16853
20031,16854
20031,16855
20031,16856
20031,16857
20031,16858
20031,16859
20031,16860
20031,16861
20031,16862
20031,16863
20031,16864
20031,16865
20031,16866
20031,16867
20031,16868
20031,16869
20031,16870
20031,16871
20031,16872
20031,16873
20031,16874
20031,16875
20031,16876
20031,16877
20031,16878
20031,16879
20031,16880
20031,16881
20031,16882
20031,16883
20031,16884
20031,16885
20031,16886
20031,16887
20031,16888
20031,16889
20031,16890
20031,16891
20031,16892
20031,16893
20031,16894
20031,16895
20031,16896
20031,16897
20031,16898
20031,16899
20031,16900
20031,16901
20031,16902
20031,16903
20031,16904
20031,16905
20031,16906
20031,16907
20031,16908
20031,16909
20031,16910
20031,16911
20031,16912
20031,16913
20031,16914
20031,16915
20031,16916
20031,16917
20031,16918
20031,16919
20031,16920
20031,16921
20031,16922
20031,16923
20031,16924
20031,16925
20031,16926
20031,16927
20031,16928
20031,16929
20031,16930
20031,16931
20031,16932
20031,16933
20031,16934
20031,16935
20031,16936
20031,16937
20031,16938
20031,16939
20031,16940
20031,16941
20031,16942
20031,16943
20031,16944
20031,16945
20031,16946
20031,16947
20031,16948
20031,16949
20031,16950
20031,16951
20031,16952
20031,16953
20031,16954
20031,16955
20031,16956
20031,16957
20031,16958
20031,16959
20031,16960
20031,16961
20031,16962
20031,16963
20031,16964
20031,16965
20031,16966
20031,16967
20031,16968
20031,16969
20031,16970
20031,16971
20031,16972
20031,16973
20031,16974
20031,16975
20031,16976
20031,16977
20031,16978
20031,16979
20031,16980
20031,16981
20031,16982
20031,16983
20031,16984
20031,16985
20031,16986
20031,16987
20031,16988
20031,16989
20031,16990
20031,16991
20031,16992
20031,16993
20031,16994
20031,16995
20031,16996
20031,16997
20031,16998
20031,16999
20031,17000
20031,17001
20031,17002
20031,17003
20031,17004
20031,17005
20031,17006
20031,17007
20032,16802
20032,16803
20032,16804
20032,16805
20032,16806
20032,16807
20032,16808
20032,16809
20032,16810
20032,16811
20032,16812
20032,16813
20032,16814
20032,16815
20032,16816
20032,16817
20032,16818
20032,16819
20032,16820
20032,16821
20032,16822
20032,16823
20032,16824
20032,16825
20032,16826
20032,16827
20032,16828
20032,16829
20032,16830
20032,16831
20032,16832
20032,16833
20032,16834
20032,16835
20032,16836
20032,16837
20032,16838
20032,16839
20032,16840
20032,16841
20032,16842
20032,16843
20032,16844
20032,16845
20032,16846
20032,16847
20032,16848
20032,16849
20032,16850
20032,16851
20032,16852
20032,16853
20032,16854
20032,16855
20032,16856
20032,16857
20032,16858
20032,16859
20032,16860
20032,16861
20032,16862
20032,16863
20032,16864
20032,16865
20032,16866
20032,16867
20032,16868
20032,16869
20032,16870
20032,16871
20032,16872
20032,16873
20032,16874
20032,16875
20032,16876
20032,16877
20032,16878
20032,16879
20032,16880
20032,16881
20032,16882
20032,16883
20032,16884
20032,16885
20032,16886
20032,16887
20032,16888
20032,16889
20032,16890
20032,16891
20032,16892
20032,16893
20032,16894
20032,16895
20032,16896
20032,16897
20032,16898
20032,16899
20032,16900
20032,16901
20032,16902
20032,16903
20032,16904
20032,16905
20032,16906
20032,16907
20032,16908
20032,16909
20032,16910
20032,16911
20032,16912
20032,16913
20032,16914
20032,16915
20032,16916
20032,16917
20032,16918
20032,16919
20032,16920
20032,16921
20032,16922
20032,16923
20032,16924
20032,16925
20032,16926
20032,16927
20032,16928
20032,16929
20032,16930
20032,16931
20032,16932
20032,16933
20032,16934
20032,16935
20032,16936
20032,16937
20032,16938
20032,16939
20032,16940
20032,16941
20032,16942
20032,16943
20032,16944
20032,16945
20032,16946
20032,16947
20032,16948
20032,16949
20032,16950
20032,16951
20032,16952
20032,16953
20032,16954
20032,16955
20032,16956
20032,16957
20032,16958
20032,16959
20032,16960
20032,16961
20032,16962
20032,16963
20032,16964
20032,16965
20032,16966
20032,16967
20032,16968
20032,16969
20032,16970
20032,16971
20032,16972
20032,16973
20032,16974
20032,16975
20032,16976
20032,16977
20032,16978
20032,16979
20032,16980
20032,16981
20032,16982
20032,16983
20032,16984
20032,16985
20032,16986
20032,16987
20032,16988
20032,16989
20032,16990
20032,16991
20032,16992
20032,16993
20032,16994
20032,16995
20032,16996
20032,16997
20032,16998
20032,16999
20032,17000
20032,17001
20032,17002
20032,17003
20032,17004
20032,17005
20032,17006
20032,17007
20032,17008
20033,16801
20033,16802
20033,16803
20033,16804
20033,16805
20033,16806
20033,16807
20033,16808
20033,16809
20033,16810
20033,16811
20033,16812
20033,16813
20033,16814
20033,16815
20033,16816
20033,16817
20033,16818
20033,16819
20033,16820
20033,16821
20033,16822
20033,16823
20033,16824
20033,16825
20033,16826
20033,16827
20033,16828
20033,16829
20033,16830
20033,16831
20033,16832
20033,16833
20033,16834
20033,16835
20033,16836
20033,16837
20033,16838
20033,16839
20033,16840
20033,16841
20033,16842
20033,16843
20033,16844
20033,16845
20033,16846
20033,16847
20033,16848
20033,16849
20033,16850
20033,16851
20033,16852
20033,16853
20033,16854
20033,16855
20033,16856
20033,16857
20033,16858
20033,16859
20033,16860
20033,16861
20033,16862
20033,16863
20033,16864
20033,16865
20033,16866
20033,16867
20033,16868
20033,16869
20033,16870
20033,16871
20033,16872
20033,16873
20033,16874
20033,16875
20033,16876
20033,16877
20033,16878
20033,16879
20033,16880
20033,16881
20033,16882
20033,16883
20033,16884
20033,16885
20033,16886
20033,16887
20033,16888
20033,16889
20033,16890
20033,16891
20033,16892
20033,16893
20033,16894
20033,16895
20033,16896
20033,16897
20033,16898
20033,16899
20033,16900
20033,16901
20033,16902
20033,16903
20033,16904
20033,16905
20033,16906
20033,16907
20033,16908
20033,16909
20033,16910
20033,16911
20033,16912
20033,16913
20033,16914
20033,16915
20033,16916
20033,16917
20033,16918
20033,16919
20033,16920
20033,16921
20033,16922
20033,16923
20033,16924
20033,16925
20033,16926
20033,16927
20033,16928
20033,16929
20033,16930
20033,16931
20033,16932
20033,16933
20033,16934
20033,16935
20033,16936
20033,16937
20033,16938
20033,16939
20033,16940
20033,16941
20033,16942
20033,16943
20033,16944
20033,16945
20033,16946
20033,16947
20033,16948
20033,16949
20033,16950
20033,16951
20033,16952
20033,16953
20033,16954
20033,16955
20033,16956
20033,16957
20033,16958
20033,16959
20033,16960
20033,16961
20033,16962
20033,16963
20033,16964
20033,16965
20033,16966
20033,16967
20033,16968
20033,16969
20033,16970
20033,16971
20033,16972
20033,16973
20033,16974
20033,16975
20033,16976
20033,16977
20033,16978
20033,16979
20033,16980
20033,16981
20033,16982
20033,16983
20033,16984
20033,16985
20033,16986
20033,16987
20033,16988
20033,16989
20033,16990
20033,16991
20033,16992
20033,16993
20033,16994
20033,16995
20033,16996
20033,16997
20033,16998
20033,16999
20033,17000
20033,17001
20033,17002
20033,17003
20033,17004
20033,17005
20033,17006
20033,17007
20033,17008
20034,16800
20034,16801
20034,16802
20034,16803
20034,16804
20034,16805
20034,16806
20034,16807
20034,16808
20034,16809
20034,16810
20034,16811
20034,16812
20034,16813
20034,16814
20034,16815
20034,16816
20034,16817
20034,16818
20034,16819
20034,16820
20034,16821
20034,16822
20034,16823
20034,16824
20034,16825
20034,16826
20034,16827
20034,16828
20034,16829
20034,16830
20034,16831
20034,16832
20034,16833
20034,16834
20034,16835
20034,16836
20034,16837
20034,16838
20034,16839
20034,16840
20034,16841
20034,16842
20034,16843
20034,16844
20034,16845
20034,16846
20034,16847
20034,16848
20034,16849
20034,16850
20034,16851
20034,16852
20034,16853
20034,16854
20034,16855
20034,16856
20034,16857
20034,16858
20034,16859
20034,16860
20034,16861
20034,16862
20034,16863
20034,16864
20034,16865
20034,16866
20034,16867
20034,16868
20034,16869
20034,16870
20034,16871
20034,16872
20034,16873
20034,16874
20034,16875
20034,16876
20034,16877
20034,16878
20034,16879
20034,16880
20034,16881
20034,16882
20034,16883
20034,16884
20034,16885
20034,16886
20034,16887
20034,16888
20034,16889
20034,16890
20034,16891
20034,16892
20034,16893
20034,16894
20034,16895
20034,16896
20034,16897
20034,16898
20034,16899
20034,16900
20034,16901
20034,16902
20034,16903
20034,16904
20034,16905
20034,16906
20034,16907
20034,16908
20034,16909
20034,16910
20034,16911
20034,16912
20034,16913
20034,16914
20034,16915
20034,16916
20034,16917
20034,16918
20034,16919
20034,16920
20034,16921
20034,16922
20034,16923
20034,16924
20034,16925
20034,16926
20034,16927
20034,16928
20034,16929
20034,16930
20034,16931
20034,16932
20034,16933
20034,16934
20034,16935
20034,16936
20034,16937
20034,16938
20034,16939
20034,16940
20034,16941
20034,16942
20034,16943
20034,16944
20034,16945
20034,16946
20034,16947
20034,16948
20034,16949
20034,16950
20034,16951
20034,16952
20034,16953
20034,16954
20034,16955
20034,16956
20034,16957
20034,16958
20034,16959
20034,16960
20034,16961
20034,16962
20034,16963
20034,16964
20034,16965
20034,16966
20034,16967
20034,16968
20034,16969
20034,16970
20034,16971
20034,16972
20034,16973
20034,16974
20034,16975
20034,16976
20034,16977
20034,16978
20034,16979
20034,16980
20034,16981
20034,16982
20034,16983
20034,16984
20034,16985
20034,16986
20034,16987
20034,16988
20034,16989
20034,16990
20034,16991
20034,16992
20034,16993
20034,16994
20034,16995
20034,16996
20034,16997
20034,16998
20034,16999
20034,17000
20034,17001
20034,17002
20034,17003
20034,17004
20034,17005
20034,17006
20034,17007
20034,17008
20035,16799
20035,16800
20035,16801
20035,16802
20035,16803
20035,16804
20035,16805
20035,16806
20035,16807
20035,16808
20035,16809
20035,16810
20035,16811
20035,16812
20035,16813
20035,16814
20035,16815
20035,16816
20035,16817
20035,16818
20035,16819
20035,16820
20035,16821
20035,16822
20035,16823
20035,16824
20035,16825
20035,16826
20035,16827
20035,16828
20035,16829
20035,16830
20035,16831
20035,16832
20035,16833
20035,16834
20035,16835
20035,16836
20035,16837
20035,16838
20035,16839
20035,16840
20035,16841
20035,16842
20035,16843
20035,16844
20035,16845
20035,16846
20035,16847
20035,16848
20035,16849
20035,16850
20035,16851
20035,16852
20035,16853
20035,16854
20035,16855
20035,16856
20035,16857
20035,16858
20035,16859
20035,16860
20035,16861
20035,16862
20035,16863
20035,16864
20035,16865
20035,16866
20035,16867
20035,16868
20035,16869
20035,16870
20035,16871
20035,16872
20035,16873
20035,16874
20035,16875
20035,16876
20035,16877
20035,16878
20035,16879
20035,16880
20035,16881
20035,16882
20035,16883
20035,16884
20035,16885
20035,16886
20035,16887
20035,16888
20035,16889
20035,16890
20035,16891
20035,16892
20035,16893
20035,16894
20035,16895
20035,16896
20035,16897
20035,16898
20035,16899
20035,16900
20035,16901
20035,16902
20035,16903
20035,16904
20035,16905
20035,16906
20035,16907
20035,16908
20035,16909
20035,16910
20035,16911
20035,16912
20035,16913
20035,16914
20035,16915
20035,16916
20035,16917
20035,16918
20035,16919
20035,16920
20035,16921
20035,16922
20035,16923
20035,16924
20035,16925
20035,16926
20035,16927
20035,16928
20035,16929
20035,16930
20035,16931
20035,16932
20035,16933
20035,16934
20035,16935
20035,16936
20035,16937
20035,16938
20035,16939
20035,16940
20035,16941
20035,16942
20035,16943
20035,16944
20035,16945
20035,16946
20035,16947
20035,16948
20035,16949
20035,16950
20035,16951
20035,16952
20035,16953
20035,16954
20035,16955
20035,16956
20035,16957
20035,16958
20035,16959
20035,16960
20035,16961
20035,16962
20035,16963
20035,16964
20035,16965
20035,16966
20035,16967
20035,16968
20035,16969
20035,16970
20035,16971
20035,16972
20035,16973
20035,16974
20035,16975
20035,16976
20035,16977
20035,16978
20035,16979
20035,16980
20035,16981
20035,16982
20035,16983
20035,16984
20035,16985
20035,16986
20035,16987
20035,16988
20035,16989
20035,16990
20035,16991
20035,16992
20035,16993
20035,16994
20035,16995
20035,16996
20035,16997
20035,16998
20035,16999
20035,17000
20035,17001
20035,17002
20035,17003
20035,17004
20035,17005
20035,17006
20035,17007
20035,17008
20035,17009
20036,16799
20036,16800
20036,16801
20036,16802
20036,16803
20036,16804
20036,16805
20036,16806
20036,16807
20036,16808
20036,16809
20036,16810
20036,16811
20036,16812
20036,16813
20036,16814
20036,16815
20036,16816
20036,16817
20036,16818
20036,16819
20036,16820
20036,16821
20036,16822
20036,16823
20036,16824
20036,16825
20036,16826
20036,16827
20036,16828
20036,16829
20036,16830
20036,16831
20036,16832
20036,16833
20036,16834
20036,16835
20036,16836
20036,16837
20036,16838
20036,16839
20036,16840
20036,16841
20036,16842
20036,16843
20036,16844
20036,16845
20036,16846
20036,16847
20036,16848
20036,16849
20036,16850
20036,16851
20036,16852
20036,16853
20036,16854
20036,16855
20036,16856
20036,16857
20036,16858
20036,16859
20036,16860
20036,16861
20036,16862
20036,16863
20036,16864
20036,16865
20036,16866
20036,16867
20036,16868
20036,16869
20036,16870
20036,16871
20036,16872
20036,16873
20036,16874
20036,16875
20036,16876
20036,16877
20036,16878
20036,16879
20036,16880
20036,16881
20036,16882
20036,16883
20036,16884
20036,16885
20036,16886
20036,16887
20036,16888
20036,16889
20036,16890
20036,16891
20036,16892
20036,16893
20036,16894
20036,16895
20036,16896
20036,16897
20036,16898
20036,16899
20036,16900
20036,16901
20036,16902
20036,16903
20036,16904
20036,16905
20036,16906
20036,16907
20036,16908
20036,16909
20036,16910
20036,16911
20036,16912
20036,16913
20036,16914
20036,16915
20036,16916
20036,16917
20036,16918
20036,16919
20036,16920
20036,16921
20036,16922
20036,16923
20036,16924
20036,16925
20036,16926
20036,16927
20036,16928
20036,16929
20036,16930
20036,16931
20036,16932
20036,16933
20036,16934
20036,16935
20036,16936
20036,16937
20036,16938
20036,16939
20036,16940
20036,16941
20036,16942
20036,16943
20036,16944
20036,16945
20036,16946
20036,16947
20036,16948
20036,16949
20036,16950
20036,16951
20036,16952
20036,16953
20036,16954
20036,16955
20036,16956
20036,16957
20036,16958
20036,16959
20036,16960
20036,16961
20036,16962
20036,16963
20036,16964
20036,16965
20036,16966
20036,16967
20036,16968
20036,16969
20036,16970
20036,16971
20036,16972
20036,16973
20036,16974
20036,16975
20036,16976
20036,16977
20036,16978
20036,16979
20036,16980
20036,16981
20036,16982
20036,16983
20036,16984
20036,16985
20036,16986
20036,16987
20036,16988
20036,16989
20036,16990
20036,16991
20036,16992
20036,16993
20036,16994
20036,16995
20036,16996
20036,16997
20036,16998
20036,16999
20036,17000
20036,17001
20036,17002
20036,17003
20036,17004
20036,17005
20036,17006
20036,17007
20036,17008
20036,17009
20036,17010
20037,16799
20037,16800
20037,16801
20037,16802
20037,16803
20037,16804
20037,16805
20037,16806
20037,16807
20037,16808
20037,16809
20037,16810
20037,16811
20037,16812
20037,16813
20037,16814
20037,16815
20037,16816
20037,16817
20037,16818
20037,16819
20037,16820
20037,16821
20037,16822
20037,16823
20037,16824
20037,16825
20037,16826
20037,16827
20037,16828
20037,16829
20037,16830
20037,16831
20037,16832
20037,16833
20037,16834
20037,16835
20037,16836
20037,16837
20037,16838
20037,16839
20037,16840
20037,16841
20037,16842
20037,16843
20037,16844
20037,16845
20037,16846
20037,16847
20037,16848
20037,16849
20037,16850
20037,16851
20037,16852
20037,16853
20037,16854
20037,16855
20037,16856
20037,16857
20037,16858
20037,16859
20037,16860
20037,16861
20037,16862
20037,16863
20037,16864
20037,16865
20037,16866
20037,16867
20037,16868
20037,16869
20037,16870
20037,16871
20037,16872
20037,16873
20037,16874
20037,16875
20037,16876
20037,16877
20037,16878
20037,16879
20037,16880
20037,16881
20037,16882
20037,16883
20037,16884
20037,16885
20037,16886
20037,16887
20037,16888
20037,16889
20037,16890
20037,16891
20037,16892
20037,16893
20037,16894
20037,16895
20037,16896
20037,16897
20037,16898
20037,16899
20037,16900
20037,16901
20037,16902
20037,16903
20037,16904
20037,16905
20037,16906
20037,16907
20037,16908
20037,16909
20037,16910
20037,16911
20037,16912
20037,16913
20037,16914
20037,16915
20037,16916
20037,16917
20037,16918
20037,16919
20037,16920
20037,16921
20037,16922
20037,16923
20037,16924
20037,16925
20037,16926
20037,16927
20037,16928
20037,16929
20037,16930
20037,16931
20037,16932
20037,16933
20037,16934
20037,16935
20037,16936
20037,16937
20037,16938
20037,16939
20037,16940
20037,16941
20037,16942
20037,16943
20037,16944
20037,16945
20037,16946
20037,16947
20037,16948
20037,16949
20037,16950
20037,16951
20037,16952
20037,16953
20037,16954
20037,16955
20037,16956
20037,16957
20037,16958
20037,16959
20037,16960
20037,16961
20037,16962
20037,16963
20037,16964
20037,16965
20037,16966
20037,16967
20037,16968
20037,16969
20037,16970
20037,16971
20037,16972
20037,16973
20037,16974
20037,16975
20037,16976
20037,16977
20037,16978
20037,16979
20037,16980
20037,16981
20037,16982
20037,16983
20037,16984
20037,16985
20037,16986
20037,16987
20037,16988
20037,16989
20037,16990
20037,16991
20037,16992
20037,16993
20037,16994
20037,16995
20037,16996
20037,16997
20037,16998
20037,16999
20037,17000
20037,17001
20037,17002
20037,17003
20037,17004
20037,17005
20037,17006
20037,17007
20037,17008
20037,17009
20037,17010
20038,16798
20038,16799
20038,16800
20038,16801
20038,16802
20038,16803
20038,16804
20038,16805
20038,16806
20038,16807
20038,16808
20038,16809
20038,16810
20038,16811
20038,16812
20038,16813
20038,16814
20038,16815
20038,16816
20038,16817
20038,16818
20038,16819
20038,16820
20038,16821
20038,16822
20038,16823
20038,16824
20038,16825
20038,16826
20038,16827
20038,16828
20038,16829
20038,16830
20038,16831
20038,16832
20038,16833
20038,16834
20038,16835
20038,16836
20038,16837
20038,16838
20038,16839
20038,16840
20038,16841
20038,16842
20038,16843
20038,16844
20038,16845
20038,16846
20038,16847
20038,16848
20038,16849
20038,16850
20038,16851
20038,16852
20038,16853
20038,16854
20038,16855
20038,16856
20038,16857
20038,16858
20038,16859
20038,16860
20038,16861
20038,16862
20038,16863
20038,16864
20038,16865
20038,16866
20038,16867
20038,16868
20038,16869
20038,16870
20038,16871
20038,16872
20038,16873
20038,16874
20038,16875
20038,16876
20038,16877
20038,16878
20038,16879
20038,16880
20038,16881
20038,16882
20038,16883
20038,16884
20038,16885
20038,16886
20038,16887
20038,16888
20038,16889
20038,16890
20038,16891
20038,16892
20038,16893
20038,16894
20038,16895
20038,16896
20038,16897
20038,16898
20038,16899
20038,16900
20038,16901
20038,16902
20038,16903
20038,16904
20038,16905
20038,16906
20038,16907
20038,16908
20038,16909
20038,16910
20038,16911
20038,16912
20038,16913
20038,16914
20038,16915
20038,16916
20038,16917
20038,16918
20038,16919
20038,16920
20038,16921
20038,16922
20038,16923
20038,16924
20038,16925
20038,16926
20038,16927
20038,16928
20038,16929
20038,16930
20038,16931
20038,16932
20038,16933
20038,16934
20038,16935
20038,16936
20038,16937
20038,16938
20038,16939
20038,16940
20038,16941
20038,16942
20038,16943
20038,16944
20038,16945
20038,16946
20038,16947
20038,16948
20038,16949
20038,16950
20038,16951
20038,16952
20038,16953
20038,16954
20038,16955
20038,16956
20038,16957
20038,16958
20038,16959
20038,16960
20038,16961
20038,16962
20038,16963
20038,16964
20038,16965
20038,16966
20038,16967
20038,16968
20038,16969
20038,16970
20038,16971
20038,16972
20038,16973
20038,16974
20038,16975
20038,16976
20038,16977
20038,16978
20038,16979
20038,16980
20038,16981
20038,16982
20038,16983
20038,16984
20038,16985
20038,16986
20038,16987
20038,16988
20038,16989
20038,16990
20038,16991
20038,16992
20038,16993
20038,16994
20038,16995
20038,16996
20038,16997
20038,16998
20038,16999
20038,17000
20038,17001
20038,17002
20038,17003
20038,17004
20038,17005
20038,17006
20038,17007
20038,17008
20038,17009
20038,17010
20038,17011
20039,16798
20039,16799
20039,16800
20039,16801
20039,16802
20039,16803
20039,16804
20039,16805
20039,16806
20039,16807
20039,16808
20039,16809
20039,16810
20039,16811
20039,16812
20039,16813
20039,16814
20039,16815
20039,16816
20039,16817
20039,16818
20039,16819
20039,16820
20039,16821
20039,16822
20039,16823
20039,16824
20039,16825
20039,16826
20039,16827
20039,16828
20039,16829
20039,16830
20039,16831
20039,16832
20039,16833
20039,16834
20039,16835
20039,16836
20039,16837
20039,16838
20039,16839
20039,16840
20039,16841
20039,16842
20039,16843
20039,16844
20039,16845
20039,16846
20039,16847
20039,16848
20039,16849
20039,16850
20039,16851
20039,16852
20039,16853
20039,16854
20039,16855
20039,16856
20039,16857
20039,16858
20039,16859
20039,16860
20039,16861
20039,16862
20039,16863
20039,16864
20039,16865
20039,16866
20039,16867
20039,16868
20039,16869
20039,16870
20039,16871
20039,16872
20039,16873
20039,16874
20039,16875
20039,16876
20039,16877
20039,16878
20039,16879
20039,16880
20039,16881
20039,16882
20039,16883
20039,16884
20039,16885
20039,16886
20039,16887
20039,16888
20039,16889
20039,16890
20039,16891
20039,16892
20039,16893
20039,16894
20039,16895
20039,16896
20039,16897
20039,16898
20039,16899
20039,16900
20039,16901
20039,16902
20039,16903
20039,16904
20039,16905
20039,16906
20039,16907
20039,16908
20039,16909
20039,16910
20039,16911
20039,16912
20039,16913
20039,16914
20039,16915
20039,16916
20039,16917
20039,16918
20039,16919
20039,16920
20039,16921
20039,16922
20039,16923
20039,16924
20039,16925
20039,16926
20039,16927
20039,16928
20039,16929
20039,16930
20039,16931
20039,16932
20039,16933
20039,16934
20039,16935
20039,16936
20039,16937
20039,16938
20039,16939
20039,16940
20039,16941
20039,16942
20039,16943
20039,16944
20039,16945
20039,16946
20039,16947
20039,16948
20039,16949
20039,16950
20039,16951
20039,16952
20039,16953
20039,16954
20039,16955
20039,16956
20039,16957
20039,16958
20039,16959
20039,16960
20039,16961
20039,16962
20039,16963
20039,16964
20039,16965
20039,16966
20039,16967
20039,16968
20039,16969
20039,16970
20039,16971
20039,16972
20039,16973
20039,16974
20039,16975
20039,16976
20039,16977
20039,16978
20039,16979
20039,16980
20039,16981
20039,16982
20039,16983
20039,16984
20039,16985
20039,16986
20039,16987
20039,16988
20039,16989
20039,16990
20039,16991
20039,16992
20039,16993
20039,16994
20039,16995
20039,16996
20039,16997
20039,16998
20039,16999
20039,17000
20039,17001
20039,17002
20039,17003
20039,17004
20039,17005
20039,17006
20039,17007
20039,17008
20039,17009
20039,17010
20039,17011
20039,17012
20040,16798
20040,16799
20040,16800
20040,16801
20040,16802
20040,16803
20040,16804
20040,16805
20040,16806
20040,16807
20040,16808
20040,16809
20040,16810
20040,16811
20040,16812
20040,16813
20040,16814
20040,16815
20040,16816
20040,16817
20040,16818
20040,16819
20040,16820
20040,16821
20040,16822
20040,16823
20040,16824
20040,16825
20040,16826
20040,16827
20040,16828
20040,16829
20040,16830
20040,16831
20040,16832
20040,16833
20040,16834
20040,16835
20040,16836
20040,16837
20040,16838
20040,16839
20040,16840
20040,16841
20040,16842
20040,16843
20040,16844
20040,16845
20040,16846
20040,16847
20040,16848
20040,16849
20040,16850
20040,16851
20040,16852
20040,16853
20040,16854
20040,16855
20040,16856
20040,16857
20040,16858
20040,16859
20040,16860
20040,16861
20040,16862
20040,16863
20040,16864
20040,16865
20040,16866
20040,16867
20040,16868
20040,16869
20040,16870
20040,16871
20040,16872
20040,16873
20040,16874
20040,16875
20040,16876
20040,16877
20040,16878
20040,16879
20040,16880
20040,16881
20040,16882
20040,16883
20040,16884
20040,16885
20040,16886
20040,16887
20040,16888
20040,16889
20040,16890
20040,16891
20040,16892
20040,16893
20040,16894
20040,16895
20040,16896
20040,16897
20040,16898
20040,16899
20040,16900
20040,16901
20040,16902
20040,16903
20040,16904
20040,16905
20040,16906
20040,16907
20040,16908
20040,16909
20040,16910
20040,16911
20040,16912
20040,16913
20040,16914
20040,16915
20040,16916
20040,16917
20040,16918
20040,16919
20040,16920
20040,16921
20040,16922
20040,16923
20040,16924
20040,16925
20040,16926
20040,16927
20040,16928
20040,16929
20040,16930
20040,16931
20040,16932
20040,16933
20040,16934
20040,16935
20040,16936
20040,16937
20040,16938
20040,16939
20040,16940
20040,16941
20040,16942
20040,16943
20040,16944
20040,16945
20040,16946
20040,16947
20040,16948
20040,16949
20040,16950
20040,16951
20040,16952
20040,16953
20040,16954
20040,16955
20040,16956
20040,16957
20040,16958
20040,16959
20040,16960
20040,16961
20040,16962
20040,16963
20040,16964
20040,16965
20040,16966
20040,16967
20040,16968
20040,16969
20040,16970
20040,16971
20040,16972
20040,16973
20040,16974
20040,16975
20040,16976
20040,16977
20040,16978
20040,16979
20040,16980
20040,16981
20040,16982
20040,16983
20040,16984
20040,16985
20040,16986
20040,16987
20040,16988
20040,16989
20040,16990
20040,16991
20040,16992
20040,16993
20040,16994
20040,16995
20040,16996
20040,16997
20040,16998
20040,16999
20040,17000
20040,17001
20040,17002
20040,17003
20040,17004
20040,17005
20040,17006
20040,17007
20040,17008
20040,17009
20040,17010
20040,17011
20040,17012
20040,17013
20041,16799
20041,16800
20041,16801
20041,16802
20041,16803
20041,16804
20041,16805
20041,16806
20041,16807
20041,16808
20041,16809
20041,16810
20041,16811
20041,16812
20041,16813
20041,16814
20041,16815
20041,16816
20041,16817
20041,16818
20041,16819
20041,16820
20041,16821
20041,16822
20041,16823
20041,16824
20041,16825
20041,16826
20041,16827
20041,16828
20041,16829
20041,16830
20041,16831
20041,16832
20041,16833
20041,16834
20041,16835
20041,16836
20041,16837
20041,16838
20041,16839
20041,16840
20041,16841
20041,16842
20041,16843
20041,16844
20041,16845
20041,16846
20041,16847
20041,16848
20041,16849
20041,16850
20041,16851
20041,16852
20041,16853
20041,16854
20041,16855
20041,16856
20041,16857
20041,16858
20041,16859
20041,16860
20041,16861
20041,16862
20041,16863
20041,16864
20041,16865
20041,16866
20041,16867
20041,16868
20041,16869
20041,16870
20041,16871
20041,16872
20041,16873
20041,16874
20041,16875
20041,16876
20041,16877
20041,16878
20041,16879
20041,16880
20041,16881
20041,16882
20041,16883
20041,16884
20041,16885
20041,16886
20041,16887
20041,16888
20041,16889
20041,16890
20041,16891
20041,16892
20041,16893
20041,16894
20041,16895
20041,16896
20041,16897
20041,16898
20041,16899
20041,16900
20041,16901
20041,16902
20041,16903
20041,16904
20041,16905
20041,16906
20041,16907
20041,16908
20041,16909
20041,16910
20041,16911
20041,16912
20041,16913
20041,16914
20041,16915
20041,16916
20041,16917
20041,16918
20041,16919
20041,16920
20041,16921
20041,16922
20041,16923
20041,16924
20041,16925
20041,16926
20041,16927
20041,16928
20041,16929
20041,16930
20041,16931
20041,16932
20041,16933
20041,16934
20041,16935
20041,16936
20041,16937
20041,16938
20041,16939
20041,16940
20041,16941
20041,16942
20041,16943
20041,16944
20041,16945
20041,16946
20041,16947
20041,16948
20041,16949
20041,16950
20041,16951
20041,16952
20041,16953
20041,16954
20041,16955
20041,16956
20041,16957
20041,16958
20041,16959
20041,16960
20041,16961
20041,16962
20041,16963
20041,16964
20041,16965
20041,16966
20041,16967
20041,16968
20041,16969
20041,16970
20041,16971
20041,16972
20041,16973
20041,16974
20041,16975
20041,16976
20041,16977
20041,16978
20041,16979
20041,16980
20041,16981
20041,16982
20041,16983
20041,16984
20041,16985
20041,16986
20041,16987
20041,16988
20041,16989
20041,16990
20041,16991
20041,16992
20041,16993
20041,16994
20041,16995
20041,16996
20041,16997
20041,16998
20041,16999
20041,17000
20041,17001
20041,17002
20041,17003
20041,17004
20041,17005
20041,17006
20041,17007
20041,17008
20041,17009
20041,17010
20041,17011
20041,17012
20041,17013
20042,16798
20042,16799
20042,16800
20042,16801
20042,16802
20042,16803
20042,16804
20042,16805
20042,16806
20042,16807
20042,16808
20042,16809
20042,16810
20042,16811
20042,16812
20042,16813
20042,16814
20042,16815
20042,16816
20042,16817
20042,16818
20042,16819
20042,16820
20042,16821
20042,16822
20042,16823
20042,16824
20042,16825
20042,16826
20042,16827
20042,16828
20042,16829
20042,16830
20042,16831
20042,16832
20042,16833
20042,16834
20042,16835
20042,16836
20042,16837
20042,16838
20042,16839
20042,16840
20042,16841
20042,16842
20042,16843
20042,16844
20042,16845
20042,16846
20042,16847
20042,16848
20042,16849
20042,16850
20042,16851
20042,16852
20042,16853
20042,16854
20042,16855
20042,16856
20042,16857
20042,16858
20042,16859
20042,16860
20042,16861
20042,16862
20042,16863
20042,16864
20042,16865
20042,16866
20042,16867
20042,16868
20042,16869
20042,16870
20042,16871
20042,16872
20042,16873
20042,16874
20042,16875
20042,16876
20042,16877
20042,16878
20042,16879
20042,16880
20042,16881
20042,16882
20042,16883
20042,16884
20042,16885
20042,16886
20042,16887
20042,16888
20042,16889
20042,16890
20042,16891
20042,16892
20042,16893
20042,16894
20042,16895
20042,16896
20042,16897
20042,16898
20042,16899
20042,16900
20042,16901
20042,16902
20042,16903
20042,16904
20042,16905
20042,16906
20042,16907
20042,16908
20042,16909
20042,16910
20042,16911
20042,16912
20042,16913
20042,16914
20042,16915
20042,16916
20042,16917
20042,16918
20042,16919
20042,16920
20042,16921
20042,16922
20042,16923
20042,16924
20042,16925
20042,16926
20042,16927
20042,16928
20042,16929
20042,16930
20042,16931
20042,16932
20042,16933
20042,16934
20042,16935
20042,16936
20042,16937
20042,16938
20042,16939
20042,16940
20042,16941
20042,16942
20042,16943
20042,16944
20042,16945
20042,16946
20042,16947
20042,16948
20042,16949
20042,16950
20042,16951
20042,16952
20042,16953
20042,16954
20042,16955
20042,16956
20042,16957
20042,16958
20042,16959
20042,16960
20042,16961
20042,16962
20042,16963
20042,16964
20042,16965
20042,16966
20042,16967
20042,16968
20042,16969
20042,16970
20042,16971
20042,16972
20042,16973
20042,16974
20042,16975
20042,16976
20042,16977
20042,16978
20042,16979
20042,16980
20042,16981
20042,16982
20042,16983
20042,16984
20042,16985
20042,16986
20042,16987
20042,16988
20042,16989
20042,16990
20042,16991
20042,16992
20042,16993
20042,16994
20042,16995
20042,16996
20042,16997
20042,16998
20042,16999
20042,17000
20042,17001
20042,17002
20042,17003
20042,17004
20042,17005
20042,17006
20042,17007
20042,17008
20042,17009
20042,17010
20042,17011
20042,17012
20042,17013
20042,17014
20042,17015
20043,16797
20043,16798
20043,16799
20043,16800
20043,16801
20043,16802
20043,16803
20043,16804
20043,16805
20043,16806
20043,16807
20043,16808
20043,16809
20043,16810
20043,16811
20043,16812
20043,16813
20043,16814
20043,16815
20043,16816
20043,16817
20043,16818
20043,16819
20043,16820
20043,16821
20043,16822
20043,16823
20043,16824
20043,16825
20043,16826
20043,16827
20043,16828
20043,16829
20043,16830
20043,16831
20043,16832
20043,16833
20043,16834
20043,16835
20043,16836
20043,16837
20043,16838
20043,16839
20043,16840
20043,16841
20043,16842
20043,16843
20043,16844
20043,16845
20043,16846
20043,16847
20043,16848
20043,16849
20043,16850
20043,16851
20043,16852
20043,16853
20043,16854
20043,16855
20043,16856
20043,16857
20043,16858
20043,16859
20043,16860
20043,16861
20043,16862
20043,16863
20043,16864
20043,16865
20043,16866
20043,16867
20043,16868
20043,16869
20043,16870
20043,16871
20043,16872
20043,16873
20043,16874
20043,16875
20043,16876
20043,16877
20043,16878
20043,16879
20043,16880
20043,16881
20043,16882
20043,16883
20043,16884
20043,16885
20043,16886
20043,16887
20043,16888
20043,16889
20043,16890
20043,16891
20043,16892
20043,16893
20043,16894
20043,16895
20043,16896
20043,16897
20043,16898
20043,16899
20043,16900
20043,16901
20043,16902
20043,16903
20043,16904
20043,16905
20043,16906
20043,16907
20043,16908
20043,16909
20043,16910
20043,16911
20043,16912
20043,16913
20043,16914
20043,16915
20043,16916
20043,16917
20043,16918
20043,16919
20043,16920
20043,16921
20043,16922
20043,16923
20043,16924
20043,16925
20043,16926
20043,16927
20043,16928
20043,16929
20043,16930
20043,16931
20043,16932
20043,16933
20043,16934
20043,16935
20043,16936
20043,16937
20043,16938
20043,16939
20043,16940
20043,16941
20043,16942
20043,16943
20043,16944
20043,16945
20043,16946
20043,16947
20043,16948
20043,16949
20043,16950
20043,16951
20043,16952
20043,16953
20043,16954
20043,16955
20043,16956
20043,16957
20043,16958
20043,16959
20043,16960
20043,16961
20043,16962
20043,16963
20043,16964
20043,16965
20043,16966
20043,16967
20043,16968
20043,16969
20043,16970
20043,16971
20043,16972
20043,16973
20043,16974
20043,16975
20043,16976
20043,16977
20043,16978
20043,16979
20043,16980
20043,16981
20043,16982
20043,16983
20043,16984
20043,16985
20043,16986
20043,16987
20043,16988
20043,16989
20043,16990
20043,16991
20043,16992
20043,16993
20043,16994
20043,16995
20043,16996
20043,16997
20043,16998
20043,16999
20043,17000
20043,17001
20043,17002
20043,17003
20043,17004
20043,17005
20043,17006
20043,17007
20043,17008
20043,17009
20043,17010
20043,17011
20043,17012
20043,17013
20043,17014
20043,17015
20043,17016
20044,16796
20044,16797
20044,16798
20044,16799
20044,16800
20044,16801
20044,16802
20044,16803
20044,16804
20044,16805
20044,16806
20044,16807
20044,16808
20044,16809
20044,16810
20044,16811
20044,16812
20044,16813
20044,16814
20044,16815
20044,16816
20044,16817
20044,16818
20044,16819
20044,16820
20044,16821
20044,16822
20044,16823
20044,16824
20044,16825
20044,16826
20044,16827
20044,16828
20044,16829
20044,16830
20044,16831
20044,16832
20044,16833
20044,16834
20044,16835
20044,16836
20044,16837
20044,16838
20044,16839
20044,16840
20044,16841
20044,16842
20044,16843
20044,16844
20044,16845
20044,16846
20044,16847
20044,16848
20044,16849
20044,16850
20044,16851
20044,16852
20044,16853
20044,16854
20044,16855
20044,16856
20044,16857
20044,16858
20044,16859
20044,16860
20044,16861
20044,16862
20044,16863
20044,16864
20044,16865
20044,16866
20044,16867
20044,16868
20044,16869
20044,16870
20044,16871
20044,16872
20044,16873
20044,16874
20044,16875
20044,16876
20044,16877
20044,16878
20044,16879
20044,16880
20044,16881
20044,16882
20044,16883
20044,16884
20044,16885
20044,16886
20044,16887
20044,16888
20044,16889
20044,16890
20044,16891
20044,16892
20044,16893
20044,16894
20044,16895
20044,16896
20044,16897
20044,16898
20044,16899
20044,16900
20044,16901
20044,16902
20044,16903
20044,16904
20044,16905
20044,16906
20044,16907
20044,16908
20044,16909
20044,16910
20044,16911
20044,16912
20044,16913
20044,16914
20044,16915
20044,16916
20044,16917
20044,16918
20044,16919
20044,16920
20044,16921
20044,16922
20044,16923
20044,16924
20044,16925
20044,16926
20044,16927
20044,16928
20044,16929
20044,16930
20044,16931
20044,16932
20044,16933
20044,16934
20044,16935
20044,16936
20044,16937
20044,16938
20044,16939
20044,16940
20044,16941
20044,16942
20044,16943
20044,16944
20044,16945
20044,16946
20044,16947
20044,16948
20044,16949
20044,16950
20044,16951
20044,16952
20044,16953
20044,16954
20044,16955
20044,16956
20044,16957
20044,16958
20044,16959
20044,16960
20044,16961
20044,16962
20044,16963
20044,16964
20044,16965
20044,16966
20044,16967
20044,16968
20044,16969
20044,16970
20044,16971
20044,16972
20044,16973
20044,16974
20044,16975
20044,16976
20044,16977
20044,16978
20044,16979
20044,16980
20044,16981
20044,16982
20044,16983
20044,16984
20044,16985
20044,16986
20044,16987
20044,16988
20044,16989
20044,16990
20044,16991
20044,16992
20044,16993
20044,16994
20044,16995
20044,16996
20044,16997
20044,16998
20044,16999
20044,17000
20044,17001
20044,17002
20044,17003
20044,17004
20044,17005
20044,17006
20044,17007
20044,17008
20044,17009
20044,17010
20044,17011
20044,17012
20044,17013
20044,17014
20044,17015
20044,17016
20044,17017
20045,16795
20045,16796
20045,16797
20045,16798
20045,16799
20045,16800
20045,16801
20045,16802
20045,16803
20045,16804
20045,16805
20045,16806
20045,16807
20045,16808
20045,16809
20045,16810
20045,16811
20045,16812
20045,16813
20045,16814
20045,16815
20045,16816
20045,16817
20045,16818
20045,16819
20045,16820
20045,16821
20045,16822
20045,16823
20045,16824
20045,16825
20045,16826
20045,16827
20045,16828
20045,16829
20045,16830
20045,16831
20045,16832
20045,16833
20045,16834
20045,16835
20045,16836
20045,16837
20045,16838
20045,16839
20045,16840
20045,16841
20045,16842
20045,16843
20045,16844
20045,16845
20045,16846
20045,16847
20045,16848
20045,16849
20045,16850
20045,16851
20045,16852
20045,16853
20045,16854
20045,16855
20045,16856
20045,16857
20045,16858
20045,16859
20045,16860
20045,16861
20045,16862
20045,16863
20045,16864
20045,16865
20045,16866
20045,16867
20045,16868
20045,16869
20045,16870
20045,16871
20045,16872
20045,16873
20045,16874
20045,16875
20045,16876
20045,16877
20045,16878
20045,16879
20045,16880
20045,16881
20045,16882
20045,16883
20045,16884
20045,16885
20045,16886
20045,16887
20045,16888
20045,16889
20045,16890
20045,16891
20045,16892
20045,16893
20045,16894
20045,16895
20045,16896
20045,16897
20045,16898
20045,16899
20045,16900
20045,16901
20045,16902
20045,16903
20045,16904
20045,16905
20045,16906
20045,16907
20045,16908
20045,16909
20045,16910
20045,16911
20045,16912
20045,16913
20045,16914
20045,16915
20045,16916
20045,16917
20045,16918
20045,16919
20045,16920
20045,16921
20045,16922
20045,16923
20045,16924
20045,16925
20045,16926
20045,16927
20045,16928
20045,16929
20045,16930
20045,16931
20045,16932
20045,16933
20045,16934
20045,16935
20045,16936
20045,16937
20045,16938
20045,16939
20045,16940
20045,16941
20045,16942
20045,16943
20045,16944
20045,16945
20045,16946
20045,16947
20045,16948
20045,16949
20045,16950
20045,16951
20045,16952
20045,16953
20045,16954
20045,16955
20045,16956
20045,16957
20045,16958
20045,16959
20045,16960
20045,16961
20045,16962
20045,16963
20045,16964
20045,16965
20045,16966
20045,16967
20045,16968
20045,16969
20045,16970
20045,16971
20045,16972
20045,16973
20045,16974
20045,16975
20045,16976
20045,16977
20045,16978
20045,16979
20045,16980
20045,16981
20045,16982
20045,16983
20045,16984
20045,16985
20045,16986
20045,16987
20045,16988
20045,16989
20045,16990
20045,16991
20045,16992
20045,16993
20045,16994
20045,16995
20045,16996
20045,16997
20045,16998
20045,16999
20045,17000
20045,17001
20045,17002
20045,17003
20045,17004
20045,17005
20045,17006
20045,17007
20045,17008
20045,17009
20045,17010
20045,17011
20045,17012
20045,17013
20045,17014
20045,17015
20045,17016
20045,17017
20046,16795
20046,16796
20046,16797
20046,16798
20046,16799
20046,16800
20046,16801
20046,16802
20046,16803
20046,16804
20046,16805
20046,16806
20046,16807
20046,16808
20046,16809
20046,16810
20046,16811
20046,16812
20046,16813
20046,16814
20046,16815
20046,16816
20046,16817
20046,16818
20046,16819
20046,16820
20046,16821
20046,16822
20046,16823
20046,16824
20046,16825
20046,16826
20046,16827
20046,16828
20046,16829
20046,16830
20046,16831
20046,16832
20046,16833
20046,16834
20046,16835
20046,16836
20046,16837
20046,16838
20046,16839
20046,16840
20046,16841
20046,16842
20046,16843
20046,16844
20046,16845
20046,16846
20046,16847
20046,16848
20046,16849
20046,16850
20046,16851
20046,16852
20046,16853
20046,16854
20046,16855
20046,16856
20046,16857
20046,16858
20046,16859
20046,16860
20046,16861
20046,16862
20046,16863
20046,16864
20046,16865
20046,16866
20046,16867
20046,16868
20046,16869
20046,16870
20046,16871
20046,16872
20046,16873
20046,16874
20046,16875
20046,16876
20046,16877
20046,16878
20046,16879
20046,16880
20046,16881
20046,16882
20046,16883
20046,16884
20046,16885
20046,16886
20046,16887
20046,16888
20046,16889
20046,16890
20046,16891
20046,16892
20046,16893
20046,16894
20046,16895
20046,16896
20046,16897
20046,16898
20046,16899
20046,16900
20046,16901
20046,16902
20046,16903
20046,16904
20046,16905
20046,16906
20046,16907
20046,16908
20046,16909
20046,16910
20046,16911
20046,16912
20046,16913
20046,16914
20046,16915
20046,16916
20046,16917
20046,16918
20046,16919
20046,16920
20046,16921
20046,16922
20046,16923
20046,16924
20046,16925
20046,16926
20046,16927
20046,16928
20046,16929
20046,16930
20046,16931
20046,16932
20046,16933
20046,16934
20046,16935
20046,16936
20046,16937
20046,16938
20046,16939
20046,16940
20046,16941
20046,16942
20046,16943
20046,16944
20046,16945
20046,16946
20046,16947
20046,16948
20046,16949
20046,16950
20046,16951
20046,16952
20046,16953
20046,16954
20046,16955
20046,16956
20046,16957
20046,16958
20046,16959
20046,16960
20046,16961
20046,16962
20046,16963
20046,16964
20046,16965
20046,16966
20046,16967
20046,16968
20046,16969
20046,16970
20046,16971
20046,16972
20046,16973
20046,16974
20046,16975
20046,16976
20046,16977
20046,16978
20046,16979
20046,16980
20046,16981
20046,16982
20046,16983
20046,16984
20046,16985
20046,16986
20046,16987
20046,16988
20046,16989
20046,16990
20046,16991
20046,16992
20046,16993
20046,16994
20046,16995
20046,16996
20046,16997
20046,16998
20046,16999
20046,17000
20046,17001
20046,17002
20046,17003
20046,17004
20046,17005
20046,17006
20046,17007
20046,17008
20046,17009
20046,17010
20046,17011
20046,17012
20046,17013
20046,17014
20046,17015
20046,17016
20046,17017
20046,17018
20047,16795
20047,16796
20047,16797
20047,16798
20047,16799
20047,16800
20047,16801
20047,16802
20047,16803
20047,16804
20047,16805
20047,16806
20047,16807
20047,16808
20047,16809
20047,16810
20047,16811
20047,16812
20047,16813
20047,16814
20047,16815
20047,16816
20047,16817
20047,16818
20047,16819
20047,16820
20047,16821
20047,16822
20047,16823
20047,16824
20047,16825
20047,16826
20047,16827
20047,16828
20047,16829
20047,16830
20047,16831
20047,16832
20047,16833
20047,16834
20047,16835
20047,16836
20047,16837
20047,16838
20047,16839
20047,16840
20047,16841
20047,16842
20047,16843
20047,16844
20047,16845
20047,16846
20047,16847
20047,16848
20047,16849
20047,16850
20047,16851
20047,16852
20047,16853
20047,16854
20047,16855
20047,16856
20047,16857
20047,16858
20047,16859
20047,16860
20047,16861
20047,16862
20047,16863
20047,16864
20047,16865
20047,16866
20047,16867
20047,16868
20047,16869
20047,16870
20047,16871
20047,16872
20047,16873
20047,16874
20047,16875
20047,16876
20047,16877
20047,16878
20047,16879
20047,16880
20047,16881
20047,16882
20047,16883
20047,16884
20047,16885
20047,16886
20047,16887
20047,16888
20047,16889
20047,16890
20047,16891
20047,16892
20047,16893
20047,16894
20047,16895
20047,16896
20047,16897
20047,16898
20047,16899
20047,16900
20047,16901
20047,16902
20047,16903
20047,16904
20047,16905
20047,16906
20047,16907
20047,16908
20047,16909
20047,16910
20047,16911
20047,16912
20047,16913
20047,16914
20047,16915
20047,16916
20047,16917
20047,16918
20047,16919
20047,16920
20047,16921
20047,16922
20047,16923
20047,16924
20047,16925
20047,16926
20047,16927
20047,16928
20047,16929
20047,16930
20047,16931
20047,16932
20047,16933
20047,16934
20047,16935
20047,16936
20047,16937
20047,16938
20047,16939
20047,16940
20047,16941
20047,16942
20047,16943
20047,16944
20047,16945
20047,16946
20047,16947
20047,16948
20047,16949
20047,16950
20047,16951
20047,16952
20047,16953
20047,16954
20047,16955
20047,16956
20047,16957
20047,16958
20047,16959
20047,16960
20047,16961
20047,16962
20047,16963
20047,16964
20047,16965
20047,16966
20047,16967
20047,16968
20047,16969
20047,16970
20047,16971
20047,16972
20047,16973
20047,16974
20047,16975
20047,16976
20047,16977
20047,16978
20047,16979
20047,16980
20047,16981
20047,16982
20047,16983
20047,16984
20047,16985
20047,16986
20047,16987
20047,16988
20047,16989
20047,16990
20047,16991
20047,16992
20047,16993
20047,16994
20047,16995
20047,16996
20047,16997
20047,16998
20047,16999
20047,17000
20047,17001
20047,17002
20047,17003
20047,17004
20047,17005
20047,17006
20047,17007
20047,17008
20047,17009
20047,17010
20047,17011
20047,17012
20047,17013
20047,17014
20047,17015
20047,17016
20047,17017
20048,16794
20048,16795
20048,16796
20048,16797
20048,16798
20048,16799
20048,16800
20048,16801
20048,16802
20048,16803
20048,16804
20048,16805
20048,16806
20048,16807
20048,16808
20048,16809
20048,16810
20048,16811
20048,16812
20048,16813
20048,16814
20048,16815
20048,16816
20048,16817
20048,16818
20048,16819
20048,16820
20048,16821
20048,16822
20048,16823
20048,16824
20048,16825
20048,16826
20048,16827
20048,16828
20048,16829
20048,16830
20048,16831
20048,16832
20048,16833
20048,16834
20048,16835
20048,16836
20048,16837
20048,16838
20048,16839
20048,16840
20048,16841
20048,16842
20048,16843
20048,16844
20048,16845
20048,16846
20048,16847
20048,16848
20048,16849
20048,16850
20048,16851
20048,16852
20048,16853
20048,16854
20048,16855
20048,16856
20048,16857
20048,16858
20048,16859
20048,16860
20048,16861
20048,16862
20048,16863
20048,16864
20048,16865
20048,16866
20048,16867
20048,16868
20048,16869
20048,16870
20048,16871
20048,16872
20048,16873
20048,16874
20048,16875
20048,16876
20048,16877
20048,16878
20048,16879
20048,16880
20048,16881
20048,16882
20048,16883
20048,16884
20048,16885
20048,16886
20048,16887
20048,16888
20048,16889
20048,16890
20048,16891
20048,16892
20048,16893
20048,16894
20048,16895
20048,16896
20048,16897
20048,16898
20048,16899
20048,16900
20048,16901
20048,16902
20048,16903
20048,16904
20048,16905
20048,16906
20048,16907
20048,16908
20048,16909
20048,16910
20048,16911
20048,16912
20048,16913
20048,16914
20048,16915
20048,16916
20048,16917
20048,16918
20048,16919
20048,16920
20048,16921
20048,16922
20048,16923
20048,16924
20048,16925
20048,16926
20048,16927
20048,16928
20048,16929
20048,16930
20048,16931
20048,16932
20048,16933
20048,16934
20048,16935
20048,16936
20048,16937
20048,16938
20048,16939
20048,16940
20048,16941
20048,16942
20048,16943
20048,16944
20048,16945
20048,16946
20048,16947
20048,16948
20048,16949
20048,16950
20048,16951
20048,16952
20048,16953
20048,16954
20048,16955
20048,16956
20048,16957
20048,16958
20048,16959
20048,16960
20048,16961
20048,16962
20048,16963
20048,16964
20048,16965
20048,16966
20048,16967
20048,16968
20048,16969
20048,16970
20048,16971
20048,16972
20048,16973
20048,16974
20048,16975
20048,16976
20048,16977
20048,16978
20048,16979
20048,16980
20048,16981
20048,16982
20048,16983
20048,16984
20048,16985
20048,16986
20048,16987
20048,16988
20048,16989
20048,16990
20048,16991
20048,16992
20048,16993
20048,16994
20048,16995
20048,16996
20048,16997
20048,16998
20048,16999
20048,17000
20048,17001
20048,17002
20048,17003
20048,17004
20048,17005
20048,17006
20048,17007
20048,17008
20048,17009
20048,17010
20048,17011
20048,17012
20048,17013
20048,17014
20048,17015
20048,17016
20048,17017
20049,16794
20049,16795
20049,16796
20049,16797
20049,16798
20049,16799
20049,16800
20049,16801
20049,16802
20049,16803
20049,16804
20049,16805
20049,16806
20049,16807
20049,16808
20049,16809
20049,16810
20049,16811
20049,16812
20049,16813
20049,16814
20049,16815
20049,16816
20049,16817
20049,16818
20049,16819
20049,16820
20049,16821
20049,16822
20049,16823
20049,16824
20049,16825
20049,16826
20049,16827
20049,16828
20049,16829
20049,16830
20049,16831
20049,16832
20049,16833
20049,16834
20049,16835
20049,16836
20049,16837
20049,16838
20049,16839
20049,16840
20049,16841
20049,16842
20049,16843
20049,16844
20049,16845
20049,16846
20049,16847
20049,16848
20049,16849
20049,16850
20049,16851
20049,16852
20049,16853
20049,16854
20049,16855
20049,16856
20049,16857
20049,16858
20049,16859
20049,16860
20049,16861
20049,16862
20049,16863
20049,16864
20049,16865
20049,16866
20049,16867
20049,16868
20049,16869
20049,16870
20049,16871
20049,16872
20049,16873
20049,16874
20049,16875
20049,16876
20049,16877
20049,16878
20049,16879
20049,16880
20049,16881
20049,16882
20049,16883
20049,16884
20049,16885
20049,16886
20049,16887
20049,16888
20049,16889
20049,16890
20049,16891
20049,16892
20049,16893
20049,16894
20049,16895
20049,16896
20049,16897
20049,16898
20049,16899
20049,16900
20049,16901
20049,16902
20049,16903
20049,16904
20049,16905
20049,16906
20049,16907
20049,16908
20049,16909
20049,16910
20049,16911
20049,16912
20049,16913
20049,16914
20049,16915
20049,16916
20049,16917
20049,16918
20049,16919
20049,16920
20049,16921
20049,16922
20049,16923
20049,16924
20049,16925
20049,16926
20049,16927
20049,16928
20049,16929
20049,16930
20049,16931
20049,16932
20049,16933
20049,16934
20049,16935
20049,16936
20049,16937
20049,16938
20049,16939
20049,16940
20049,16941
20049,16942
20049,16943
20049,16944
20049,16945
20049,16946
20049,16947
20049,16948
20049,16949
20049,16950
20049,16951
20049,16952
20049,16953
20049,16954
20049,16955
20049,16956
20049,16957
20049,16958
20049,16959
20049,16960
20049,16961
20049,16962
20049,16963
20049,16964
20049,16965
20049,16966
20049,16967
20049,16968
20049,16969
20049,16970
20049,16971
20049,16972
20049,16973
20049,16974
20049,16975
20049,16976
20049,16977
20049,16978
20049,16979
20049,16980
20049,16981
20049,16982
20049,16983
20049,16984
20049,16985
20049,16986
20049,16987
20049,16988
20049,16989
20049,16990
20049,16991
20049,16992
20049,16993
20049,16994
20049,16995
20049,16996
20049,16997
20049,16998
20049,16999
20049,17000
20049,17001
20049,17002
20049,17003
20049,17004
20049,17005
20049,17006
20049,17007
20049,17008
20049,17009
20049,17010
20049,17011
20049,17012
20049,17013
20049,17014
20049,17015
20049,17016
20049,17017
20050,16794
20050,16795
20050,16796
20050,16797
20050,16798
20050,16799
20050,16800
20050,16801
20050,16802
20050,16803
20050,16804
20050,16805
20050,16806
20050,16807
20050,16808
20050,16809
20050,16810
20050,16811
20050,16812
20050,16813
20050,16814
20050,16815
20050,16816
20050,16817
20050,16818
20050,16819
20050,16820
20050,16821
20050,16822
20050,16823
20050,16824
20050,16825
20050,16826
20050,16827
20050,16828
20050,16829
20050,16830
20050,16831
20050,16832
20050,16833
20050,16834
20050,16835
20050,16836
20050,16837
20050,16838
20050,16839
20050,16840
20050,16841
20050,16842
20050,16843
20050,16844
20050,16845
20050,16846
20050,16847
20050,16848
20050,16849
20050,16850
20050,16851
20050,16852
20050,16853
20050,16854
20050,16855
20050,16856
20050,16857
20050,16858
20050,16859
20050,16860
20050,16861
20050,16862
20050,16863
20050,16864
20050,16865
20050,16866
20050,16867
20050,16868
20050,16869
20050,16870
20050,16871
20050,16872
20050,16873
20050,16874
20050,16875
20050,16876
20050,16877
20050,16878
20050,16879
20050,16880
20050,16881
20050,16882
20050,16883
20050,16884
20050,16885
20050,16886
20050,16887
20050,16888
20050,16889
20050,16890
20050,16891
20050,16892
20050,16893
20050,16894
20050,16895
20050,16896
20050,16897
20050,16898
20050,16899
20050,16900
20050,16901
20050,16902
20050,16903
20050,16904
20050,16905
20050,16906
20050,16907
20050,16908
20050,16909
20050,16910
20050,16911
20050,16912
20050,16913
20050,16914
20050,16915
20050,16916
20050,16917
20050,16918
20050,16919
20050,16920
20050,16921
20050,16922
20050,16923
20050,16924
20050,16925
20050,16926
20050,16927
20050,16928
20050,16929
20050,16930
20050,16931
20050,16932
20050,16933
20050,16934
20050,16935
20050,16936
20050,16937
20050,16938
20050,16939
20050,16940
20050,16941
20050,16942
20050,16943
20050,16944
20050,16945
20050,16946
20050,16947
20050,16948
20050,16949
20050,16950
20050,16951
20050,16952
20050,16953
20050,16954
20050,16955
20050,16956
20050,16957
20050,16958
20050,16959
20050,16960
20050,16961
20050,16962
20050,16963
20050,16964
20050,16965
20050,16966
20050,16967
20050,16968
20050,16969
20050,16970
20050,16971
20050,16972
20050,16973
20050,16974
20050,16975
20050,16976
20050,16977
20050,16978
20050,16979
20050,16980
20050,16981
20050,16982
20050,16983
20050,16984
20050,16985
20050,16986
20050,16987
20050,16988
20050,16989
20050,16990
20050,16991
20050,16992
20050,16993
20050,16994
20050,16995
20050,16996
20050,16997
20050,16998
20050,16999
20050,17000
20050,17001
20050,17002
20050,17003
20050,17004
20050,17005
20050,17006
20050,17007
20050,17008
20050,17009
20050,17010
20050,17011
20050,17012
20050,17013
20050,17014
20050,17015
20050,17016
20051,16793
20051,16794
20051,16795
20051,16796
20051,16797
20051,16798
20051,16799
20051,16800
20051,16801
20051,16802
20051,16803
20051,16804
20051,16805
20051,16806
20051,16807
20051,16808
20051,16809
20051,16810
20051,16811
20051,16812
20051,16813
20051,16814
20051,16815
20051,16816
20051,16817
20051,16818
20051,16819
20051,16820
20051,16821
20051,16822
20051,16823
20051,16824
20051,16825
20051,16826
20051,16827
20051,16828
20051,16829
20051,16830
20051,16831
20051,16832
20051,16833
20051,16834
20051,16835
20051,16836
20051,16837
20051,16838
20051,16839
20051,16840
20051,16841
20051,16842
20051,16843
20051,16844
20051,16845
20051,16846
20051,16847
20051,16848
20051,16849
20051,16850
20051,16851
20051,16852
20051,16853
20051,16854
20051,16855
20051,16856
20051,16857
20051,16858
20051,16859
20051,16860
20051,16861
20051,16862
20051,16863
20051,16864
20051,16865
20051,16866
20051,16867
20051,16868
20051,16869
20051,16870
20051,16871
20051,16872
20051,16873
20051,16874
20051,16875
20051,16876
20051,16877
20051,16878
20051,16879
20051,16880
20051,16881
20051,16882
20051,16883
20051,16884
20051,16885
20051,16886
20051,16887
20051,16888
20051,16889
20051,16890
20051,16891
20051,16892
20051,16893
20051,16894
20051,16895
20051,16896
20051,16897
20051,16898
20051,16899
20051,16900
20051,16901
20051,16902
20051,16903
20051,16904
20051,16905
20051,16906
20051,16907
20051,16908
20051,16909
20051,16910
20051,16911
20051,16912
20051,16913
20051,16914
20051,16915
20051,16916
20051,16917
20051,16918
20051,16919
20051,16920
20051,16921
20051,16922
20051,16923
20051,16924
20051,16925
20051,16926
20051,16927
20051,16928
20051,16929
20051,16930
20051,16931
20051,16932
20051,16933
20051,16934
20051,16935
20051,16936
20051,16937
20051,16938
20051,16939
20051,16940
20051,16941
20051,16942
20051,16943
20051,16944
20051,16945
20051,16946
20051,16947
20051,16948
20051,16949
20051,16950
20051,16951
20051,16952
20051,16953
20051,16954
20051,16955
20051,16956
20051,16957
20051,16958
20051,16959
20051,16960
20051,16961
20051,16962
20051,16963
20051,16964
20051,16965
20051,16966
20051,16967
20051,16968
20051,16969
20051,16970
20051,16971
20051,16972
20051,16973
20051,16974
20051,16975
20051,16976
20051,16977
20051,16978
20051,16979
20051,16980
20051,16981
20051,16982
20051,16983
20051,16984
20051,16985
20051,16986
20051,16987
20051,16988
20051,16989
20051,16990
20051,16991
20051,16992
20051,16993
20051,16994
20051,16995
20051,16996
20051,16997
20051,16998
20051,16999
20051,17000
20051,17001
20051,17002
20051,17003
20051,17004
20051,17005
20051,17006
20051,17007
20051,17008
20051,17009
20051,17010
20051,17011
20051,17012
20051,17013
20051,17014
20051,17015
20051,17016
20052,16792
20052,16793
20052,16794
20052,16795
20052,16796
20052,16797
20052,16798
20052,16799
20052,16800
20052,16801
20052,16802
20052,16803
20052,16804
20052,16805
20052,16806
20052,16807
20052,16808
20052,16809
20052,16810
20052,16811
20052,16812
20052,16813
20052,16814
20052,16815
20052,16816
20052,16817
20052,16818
20052,16819
20052,16820
20052,16821
20052,16822
20052,16823
20052,16824
20052,16825
20052,16826
20052,16827
20052,16828
20052,16829
20052,16830
20052,16831
20052,16832
20052,16833
20052,16834
20052,16835
20052,16836
20052,16837
20052,16838
20052,16839
20052,16840
20052,16841
20052,16842
20052,16843
20052,16844
20052,16845
20052,16846
20052,16847
20052,16848
20052,16849
20052,16850
20052,16851
20052,16852
20052,16853
20052,16854
20052,16855
20052,16856
20052,16857
20052,16858
20052,16859
20052,16860
20052,16861
20052,16862
20052,16863
20052,16864
20052,16865
20052,16866
20052,16867
20052,16868
20052,16869
20052,16870
20052,16871
20052,16872
20052,16873
20052,16874
20052,16875
20052,16876
20052,16877
20052,16878
20052,16879
20052,16880
20052,16881
20052,16882
20052,16883
20052,16884
20052,16885
20052,16886
20052,16887
20052,16888
20052,16889
20052,16890
20052,16891
20052,16892
20052,16893
20052,16894
20052,16895
20052,16896
20052,16897
20052,16898
20052,16899
20052,16900
20052,16901
20052,16902
20052,16903
20052,16904
20052,16905
20052,16906
20052,16907
20052,16908
20052,16909
20052,16910
20052,16911
20052,16912
20052,16913
20052,16914
20052,16915
20052,16916
20052,16917
20052,16918
20052,16919
20052,16920
20052,16921
20052,16922
20052,16923
20052,16924
20052,16925
20052,16926
20052,16927
20052,16928
20052,16929
20052,16930
20052,16931
20052,16932
20052,16933
20052,16934
20052,16935
20052,16936
20052,16937
20052,16938
20052,16939
20052,16940
20052,16941
20052,16942
20052,16943
20052,16944
20052,16945
20052,16946
20052,16947
20052,16948
20052,16949
20052,16950
20052,16951
20052,16952
20052,16953
20052,16954
20052,16955
20052,16956
20052,16957
20052,16958
20052,16959
20052,16960
20052,16961
20052,16962
20052,16963
20052,16964
20052,16965
20052,16966
20052,16967
20052,16968
20052,16969
20052,16970
20052,16971
20052,16972
20052,16973
20052,16974
20052,16975
20052,16976
20052,16977
20052,16978
20052,16979
20052,16980
20052,16981
20052,16982
20052,16983
20052,16984
20052,16985
20052,16986
20052,16987
20052,16988
20052,16989
20052,16990
20052,16991
20052,16992
20052,16993
20052,16994
20052,16995
20052,16996
20052,16997
20052,16998
20052,16999
20052,17000
20052,17001
20052,17002
20052,17003
20052,17004
20052,17005
20052,17006
20052,17007
20052,17008
20052,17009
20052,17010
20052,17011
20052,17012
20052,17013
20052,17014
20052,17015
20052,17016
20052,17017
20052,17018
20053,16791
20053,16792
20053,16793
20053,16794
20053,16795
20053,16796
20053,16797
20053,16798
20053,16799
20053,16800
20053,16801
20053,16802
20053,16803
20053,16804
20053,16805
20053,16806
20053,16807
20053,16808
20053,16809
20053,16810
20053,16811
20053,16812
20053,16813
20053,16814
20053,16815
20053,16816
20053,16817
20053,16818
20053,16819
20053,16820
20053,16821
20053,16822
20053,16823
20053,16824
20053,16825
20053,16826
20053,16827
20053,16828
20053,16829
20053,16830
20053,16831
20053,16832
20053,16833
20053,16834
20053,16835
20053,16836
20053,16837
20053,16838
20053,16839
20053,16840
20053,16841
20053,16842
20053,16843
20053,16844
20053,16845
20053,16846
20053,16847
20053,16848
20053,16849
20053,16850
20053,16851
20053,16852
20053,16853
20053,16854
20053,16855
20053,16856
20053,16857
20053,16858
20053,16859
20053,16860
20053,16861
20053,16862
20053,16863
20053,16864
20053,16865
20053,16866
20053,16867
20053,16868
20053,16869
20053,16870
20053,16871
20053,16872
20053,16873
20053,16874
20053,16875
20053,16876
20053,16877
20053,16878
20053,16879
20053,16880
20053,16881
20053,16882
20053,16883
20053,16884
20053,16885
20053,16886
20053,16887
20053,16888
20053,16889
20053,16890
20053,16891
20053,16892
20053,16893
20053,16894
20053,16895
20053,16896
20053,16897
20053,16898
20053,16899
20053,16900
20053,16901
20053,16902
20053,16903
20053,16904
20053,16905
20053,16906
20053,16907
20053,16908
20053,16909
20053,16910
20053,16911
20053,16912
20053,16913
20053,16914
20053,16915
20053,16916
20053,16917
20053,16918
20053,16919
20053,16920
20053,16921
20053,16922
20053,16923
20053,16924
20053,16925
20053,16926
20053,16927
20053,16928
20053,16929
20053,16930
20053,16931
20053,16932
20053,16933
20053,16934
20053,16935
20053,16936
20053,16937
20053,16938
20053,16939
20053,16940
20053,16941
20053,16942
20053,16943
20053,16944
20053,16945
20053,16946
20053,16947
20053,16948
20053,16949
20053,16950
20053,16951
20053,16952
20053,16953
20053,16954
20053,16955
20053,16956
20053,16957
20053,16958
20053,16959
20053,16960
20053,16961
20053,16962
20053,16963
20053,16964
20053,16965
20053,16966
20053,16967
20053,16968
20053,16969
20053,16970
20053,16971
20053,16972
20053,16973
20053,16974
20053,16975
20053,16976
20053,16977
20053,16978
20053,16979
20053,16980
20053,16981
20053,16982
20053,16983
20053,16984
20053,16985
20053,16986
20053,16987
20053,16988
20053,16989
20053,16990
20053,16991
20053,16992
20053,16993
20053,16994
20053,16995
20053,16996
20053,16997
20053,16998
20053,16999
20053,17000
20053,17001
20053,17002
20053,17003
20053,17004
20053,17005
20053,17006
20053,17007
20053,17008
20053,17009
20053,17010
20053,17011
20053,17012
20053,17013
20053,17014
20053,17015
20053,17016
20053,17017
20053,17018
20053,17019
20054,16791
20054,16792
20054,16793
20054,16794
20054,16795
20054,16796
20054,16797
20054,16798
20054,16799
20054,16800
20054,16801
20054,16802
20054,16803
20054,16804
20054,16805
20054,16806
20054,16807
20054,16808
20054,16809
20054,16810
20054,16811
20054,16812
20054,16813
20054,16814
20054,16815
20054,16816
20054,16817
20054,16818
20054,16819
20054,16820
20054,16821
20054,16822
20054,16823
20054,16824
20054,16825
20054,16826
20054,16827
20054,16828
20054,16829
20054,16830
20054,16831
20054,16832
20054,16833
20054,16834
20054,16835
20054,16836
20054,16837
20054,16838
20054,16839
20054,16840
20054,16841
20054,16842
20054,16843
20054,16844
20054,16845
20054,16846
20054,16847
20054,16848
20054,16849
20054,16850
20054,16851
20054,16852
20054,16853
20054,16854
20054,16855
20054,16856
20054,16857
20054,16858
20054,16859
20054,16860
20054,16861
20054,16862
20054,16863
20054,16864
20054,16865
20054,16866
20054,16867
20054,16868
20054,16869
20054,16870
20054,16871
20054,16872
20054,16873
20054,16874
20054,16875
20054,16876
20054,16877
20054,16878
20054,16879
20054,16880
20054,16881
20054,16882
20054,16883
20054,16884
20054,16885
20054,16886
20054,16887
20054,16888
20054,16889
20054,16890
20054,16891
20054,16892
20054,16893
20054,16894
20054,16895
20054,16896
20054,16897
20054,16898
20054,16899
20054,16900
20054,16901
20054,16902
20054,16903
20054,16904
20054,16905
20054,16906
20054,16907
20054,16908
20054,16909
20054,16910
20054,16911
20054,16912
20054,16913
20054,16914
20054,16915
20054,16916
20054,16917
20054,16918
20054,16919
20054,16920
20054,16921
20054,16922
20054,16923
20054,16924
20054,16925
20054,16926
20054,16927
20054,16928
20054,16929
20054,16930
20054,16931
20054,16932
20054,16933
20054,16934
20054,16935
20054,16936
20054,16937
20054,16938
20054,16939
20054,16940
20054,16941
20054,16942
20054,16943
20054,16944
20054,16945
20054,16946
20054,16947
20054,16948
20054,16949
20054,16950
20054,16951
20054,16952
20054,16953
20054,16954
20054,16955
20054,16956
20054,16957
20054,16958
20054,16959
20054,16960
20054,16961
20054,16962
20054,16963
20054,16964
20054,16965
20054,16966
20054,16967
20054,16968
20054,16969
20054,16970
20054,16971
20054,16972
20054,16973
20054,16974
20054,16975
20054,16976
20054,16977
20054,16978
20054,16979
20054,16980
20054,16981
20054,16982
20054,16983
20054,16984
20054,16985
20054,16986
20054,16987
20054,16988
20054,16989
20054,16990
20054,16991
20054,16992
20054,16993
20054,16994
20054,16995
20054,16996
20054,16997
20054,16998
20054,16999
20054,17000
20054,17001
20054,17002
20054,17003
20054,17004
20054,17005
20054,17006
20054,17007
20054,17008
20054,17009
20054,17010
20054,17011
20054,17012
20054,17013
20054,17014
20054,17015
20054,17016
20054,17017
20054,17018
20054,17019
20054,17020
20055,16790
20055,16791
20055,16792
20055,16793
20055,16794
20055,16795
20055,16796
20055,16797
20055,16798
20055,16799
20055,16800
20055,16801
20055,16802
20055,16803
20055,16804
20055,16805
20055,16806
20055,16807
20055,16808
20055,16809
20055,16810
20055,16811
20055,16812
20055,16813
20055,16814
20055,16815
20055,16816
20055,16817
20055,16818
20055,16819
20055,16820
20055,16821
20055,16822
20055,16823
20055,16824
20055,16825
20055,16826
20055,16827
20055,16828
20055,16829
20055,16830
20055,16831
20055,16832
20055,16833
20055,16834
20055,16835
20055,16836
20055,16837
20055,16838
20055,16839
20055,16840
20055,16841
20055,16842
20055,16843
20055,16844
20055,16845
20055,16846
20055,16847
20055,16848
20055,16849
20055,16850
20055,16851
20055,16852
20055,16853
20055,16854
20055,16855
20055,16856
20055,16857
20055,16858
20055,16859
20055,16860
20055,16861
20055,16862
20055,16863
20055,16864
20055,16865
20055,16866
20055,16867
20055,16868
20055,16869
20055,16870
20055,16871
20055,16872
20055,16873
20055,16874
20055,16875
20055,16876
20055,16877
20055,16878
20055,16879
20055,16880
20055,16881
20055,16882
20055,16883
20055,16884
20055,16885
20055,16886
20055,16887
20055,16888
20055,16889
20055,16890
20055,16891
20055,16892
20055,16893
20055,16894
20055,16895
20055,16896
20055,16897
20055,16898
20055,16899
20055,16900
20055,16901
20055,16902
20055,16903
20055,16904
20055,16905
20055,16906
20055,16907
20055,16908
20055,16909
20055,16910
20055,16911
20055,16912
20055,16913
20055,16914
20055,16915
20055,16916
20055,16917
20055,16918
20055,16919
20055,16920
20055,16921
20055,16922
20055,16923
20055,16924
20055,16925
20055,16926
20055,16927
20055,16928
20055,16929
20055,16930
20055,16931
20055,16932
20055,16933
20055,16934
20055,16935
20055,16936
20055,16937
20055,16938
20055,16939
20055,16940
20055,16941
20055,16942
20055,16943
20055,16944
20055,16945
20055,16946
20055,16947
20055,16948
20055,16949
20055,16950
20055,16951
20055,16952
20055,16953
20055,16954
20055,16955
20055,16956
20055,16957
20055,16958
20055,16959
20055,16960
20055,16961
20055,16962
20055,16963
20055,16964
20055,16965
20055,16966
20055,16967
20055,16968
20055,16969
20055,16970
20055,16971
20055,16972
20055,16973
20055,16974
20055,16975
20055,16976
20055,16977
20055,16978
20055,16979
20055,16980
20055,16981
20055,16982
20055,16983
20055,16984
20055,16985
20055,16986
20055,16987
20055,16988
20055,16989
20055,16990
20055,16991
20055,16992
20055,16993
20055,16994
20055,16995
20055,16996
20055,16997
20055,16998
20055,16999
20055,17000
20055,17001
20055,17002
20055,17003
20055,17004
20055,17005
20055,17006
20055,17007
20055,17008
20055,17009
20055,17010
20055,17011
20055,17012
20055,17013
20055,17014
20055,17015
20055,17016
20055,17017
20055,17018
20055,17019
20055,17020
20056,16789
20056,16790
20056,16791
20056,16792
20056,16793
20056,16794
20056,16795
20056,16796
20056,16797
20056,16798
20056,16799
20056,16800
20056,16801
20056,16802
20056,16803
20056,16804
20056,16805
20056,16806
20056,16807
20056,16808
20056,16809
20056,16810
20056,16811
20056,16812
20056,16813
20056,16814
20056,16815
20056,16816
20056,16817
20056,16818
20056,16819
20056,16820
20056,16821
20056,16822
20056,16823
20056,16824
20056,16825
20056,16826
20056,16827
20056,16828
20056,16829
20056,16830
20056,16831
20056,16832
20056,16833
20056,16834
20056,16835
20056,16836
20056,16837
20056,16838
20056,16839
20056,16840
20056,16841
20056,16842
20056,16843
20056,16844
20056,16845
20056,16846
20056,16847
20056,16848
20056,16849
20056,16850
20056,16851
20056,16852
20056,16853
20056,16854
20056,16855
20056,16856
20056,16857
20056,16858
20056,16859
20056,16860
20056,16861
20056,16862
20056,16863
20056,16864
20056,16865
20056,16866
20056,16867
20056,16868
20056,16869
20056,16870
20056,16871
20056,16872
20056,16873
20056,16874
20056,16875
20056,16876
20056,16877
20056,16878
20056,16879
20056,16880
20056,16881
20056,16882
20056,16883
20056,16884
20056,16885
20056,16886
20056,16887
20056,16888
20056,16889
20056,16890
20056,16891
20056,16892
20056,16893
20056,16894
20056,16895
20056,16896
20056,16897
20056,16898
20056,16899
20056,16900
20056,16901
20056,16902
20056,16903
20056,16904
20056,16905
20056,16906
20056,16907
20056,16908
20056,16909
20056,16910
20056,16911
20056,16912
20056,16913
20056,16914
20056,16915
20056,16916
20056,16917
20056,16918
20056,16919
20056,16920
20056,16921
20056,16922
20056,16923
20056,16924
20056,16925
20056,16926
20056,16927
20056,16928
20056,16929
20056,16930
20056,16931
20056,16932
20056,16933
20056,16934
20056,16935
20056,16936
20056,16937
20056,16938
20056,16939
20056,16940
20056,16941
20056,16942
20056,16943
20056,16944
20056,16945
20056,16946
20056,16947
20056,16948
20056,16949
20056,16950
20056,16951
20056,16952
20056,16953
20056,16954
20056,16955
20056,16956
20056,16957
20056,16958
20056,16959
20056,16960
20056,16961
20056,16962
20056,16963
20056,16964
20056,16965
20056,16966
20056,16967
20056,16968
20056,16969
20056,16970
20056,16971
20056,16972
20056,16973
20056,16974
20056,16975
20056,16976
20056,16977
20056,16978
20056,16979
20056,16980
20056,16981
20056,16982
20056,16983
20056,16984
20056,16985
20056,16986
20056,16987
20056,16988
20056,16989
20056,16990
20056,16991
20056,16992
20056,16993
20056,16994
20056,16995
20056,16996
20056,16997
20056,16998
20056,16999
20056,17000
20056,17001
20056,17002
20056,17003
20056,17004
20056,17005
20056,17006
20056,17007
20056,17008
20056,17009
20056,17010
20056,17011
20056,17012
20056,17013
20056,17014
20056,17015
20056,17016
20056,17017
20056,17018
20056,17019
20056,17020
20056,17021
20057,16788
20057,16789
20057,16790
20057,16791
20057,16792
20057,16793
20057,16794
20057,16795
20057,16796
20057,16797
20057,16798
20057,16799
20057,16800
20057,16801
20057,16802
20057,16803
20057,16804
20057,16805
20057,16806
20057,16807
20057,16808
20057,16809
20057,16810
20057,16811
20057,16812
20057,16813
20057,16814
20057,16815
20057,16816
20057,16817
20057,16818
20057,16819
20057,16820
20057,16821
20057,16822
20057,16823
20057,16824
20057,16825
20057,16826
20057,16827
20057,16828
20057,16829
20057,16830
20057,16831
20057,16832
20057,16833
20057,16834
20057,16835
20057,16836
20057,16837
20057,16838
20057,16839
20057,16840
20057,16841
20057,16842
20057,16843
20057,16844
20057,16845
20057,16846
20057,16847
20057,16848
20057,16849
20057,16850
20057,16851
20057,16852
20057,16853
20057,16854
20057,16855
20057,16856
20057,16857
20057,16858
20057,16859
20057,16860
20057,16861
20057,16862
20057,16863
20057,16864
20057,16865
20057,16866
20057,16867
20057,16868
20057,16869
20057,16870
20057,16871
20057,16872
20057,16873
20057,16874
20057,16875
20057,16876
20057,16877
20057,16878
20057,16879
20057,16880
20057,16881
20057,16882
20057,16883
20057,16884
20057,16885
20057,16886
20057,16887
20057,16888
20057,16889
20057,16890
20057,16891
20057,16892
20057,16893
20057,16894
20057,16895
20057,16896
20057,16897
20057,16898
20057,16899
20057,16900
20057,16901
20057,16902
20057,16903
20057,16904
20057,16905
20057,16906
20057,16907
20057,16908
20057,16909
20057,16910
20057,16911
20057,16912
20057,16913
20057,16914
20057,16915
20057,16916
20057,16917
20057,16918
20057,16919
20057,16920
20057,16921
20057,16922
20057,16923
20057,16924
20057,16925
20057,16926
20057,16927
20057,16928
20057,16929
20057,16930
20057,16931
20057,16932
20057,16933
20057,16934
20057,16935
20057,16936
20057,16937
20057,16938
20057,16939
20057,16940
20057,16941
20057,16942
20057,16943
20057,16944
20057,16945
20057,16946
20057,16947
20057,16948
20057,16949
20057,16950
20057,16951
20057,16952
20057,16953
20057,16954
20057,16955
20057,16956
20057,16957
20057,16958
20057,16959
20057,16960
20057,16961
20057,16962
20057,16963
20057,16964
20057,16965
20057,16966
20057,16967
20057,16968
20057,16969
20057,16970
20057,16971
20057,16972
20057,16973
20057,16974
20057,16975
20057,16976
20057,16977
20057,16978
20057,16979
20057,16980
20057,16981
20057,16982
20057,16983
20057,16984
20057,16985
20057,16986
20057,16987
20057,16988
20057,16989
20057,16990
20057,16991
20057,16992
20057,16993
20057,16994
20057,16995
20057,16996
20057,16997
20057,16998
20057,16999
20057,17000
20057,17001
20057,17002
20057,17003
20057,17004
20057,17005
20057,17006
20057,17007
20057,17008
20057,17009
20057,17010
20057,17011
20057,17012
20057,17013
20057,17014
20057,17015
20057,17016
20057,17017
20057,17018
20057,17019
20057,17020
20057,17021
20058,16788
20058,16789
20058,16790
20058,16791
20058,16792
20058,16793
20058,16794
20058,16795
20058,16796
20058,16797
20058,16798
20058,16799
20058,16800
20058,16801
20058,16802
20058,16803
20058,16804
20058,16805
20058,16806
20058,16807
20058,16808
20058,16809
20058,16810
20058,16811
20058,16812
20058,16813
20058,16814
20058,16815
20058,16816
20058,16817
20058,16818
20058,16819
20058,16820
20058,16821
20058,16822
20058,16823
20058,16824
20058,16825
20058,16826
20058,16827
20058,16828
20058,16829
20058,16830
20058,16831
20058,16832
20058,16833
20058,16834
20058,16835
20058,16836
20058,16837
20058,16838
20058,16839
20058,16840
20058,16841
20058,16842
20058,16843
20058,16844
20058,16845
20058,16846
20058,16847
20058,16848
20058,16849
20058,16850
20058,16851
20058,16852
20058,16853
20058,16854
20058,16855
20058,16856
20058,16857
20058,16858
20058,16859
20058,16860
20058,16861
20058,16862
20058,16863
20058,16864
20058,16865
20058,16866
20058,16867
20058,16868
20058,16869
20058,16870
20058,16871
20058,16872
20058,16873
20058,16874
20058,16875
20058,16876
20058,16877
20058,16878
20058,16879
20058,16880
20058,16881
20058,16882
20058,16883
20058,16884
20058,16885
20058,16886
20058,16887
20058,16888
20058,16889
20058,16890
20058,16891
20058,16892
20058,16893
20058,16894
20058,16895
20058,16896
20058,16897
20058,16898
20058,16899
20058,16900
20058,16901
20058,16902
20058,16903
20058,16904
20058,16905
20058,16906
20058,16907
20058,16908
20058,16909
20058,16910
20058,16911
20058,16912
20058,16913
20058,16914
20058,16915
20058,16916
20058,16917
20058,16918
20058,16919
20058,16920
20058,16921
20058,16922
20058,16923
20058,16924
20058,16925
20058,16926
20058,16927
20058,16928
20058,16929
20058,16930
20058,16931
20058,16932
20058,16933
20058,16934
20058,16935
20058,16936
20058,16937
20058,16938
20058,16939
20058,16940
20058,16941
20058,16942
20058,16943
20058,16944
20058,16945
20058,16946
20058,16947
20058,16948
20058,16949
20058,16950
20058,16951
20058,16952
20058,16953
20058,16954
20058,16955
20058,16956
20058,16957
20058,16958
20058,16959
20058,16960
20058,16961
20058,16962
20058,16963
20058,16964
20058,16965
20058,16966
20058,16967
20058,16968
20058,16969
20058,16970
20058,16971
20058,16972
20058,16973
20058,16974
20058,16975
20058,16976
20058,16977
20058,16978
20058,16979
20058,16980
20058,16981
20058,16982
20058,16983
20058,16984
20058,16985
20058,16986
20058,16987
20058,16988
20058,16989
20058,16990
20058,16991
20058,16992
20058,16993
20058,16994
20058,16995
20058,16996
20058,16997
20058,16998
20058,16999
20058,17000
20058,17001
20058,17002
20058,17003
20058,17004
20058,17005
20058,17006
20058,17007
20058,17008
20058,17009
20058,17010
20058,17011
20058,17012
20058,17013
20058,17014
20058,17015
20058,17016
20058,17017
20058,17018
20058,17019
20058,17020
20058,17021
20059,16787
20059,16788
20059,16789
20059,16790
20059,16791
20059,16792
20059,16793
20059,16794
20059,16795
20059,16796
20059,16797
20059,16798
20059,16799
20059,16800
20059,16801
20059,16802
20059,16803
20059,16804
20059,16805
20059,16806
20059,16807
20059,16808
20059,16809
20059,16810
20059,16811
20059,16812
20059,16813
20059,16814
20059,16815
20059,16816
20059,16817
20059,16818
20059,16819
20059,16820
20059,16821
20059,16822
20059,16823
20059,16824
20059,16825
20059,16826
20059,16827
20059,16828
20059,16829
20059,16830
20059,16831
20059,16832
20059,16833
20059,16834
20059,16835
20059,16836
20059,16837
20059,16838
20059,16839
20059,16840
20059,16841
20059,16842
20059,16843
20059,16844
20059,16845
20059,16846
20059,16847
20059,16848
20059,16849
20059,16850
20059,16851
20059,16852
20059,16853
20059,16854
20059,16855
20059,16856
20059,16857
20059,16858
20059,16859
20059,16860
20059,16861
20059,16862
20059,16863
20059,16864
20059,16865
20059,16866
20059,16867
20059,16868
20059,16869
20059,16870
20059,16871
20059,16872
20059,16873
20059,16874
20059,16875
20059,16876
20059,16877
20059,16878
20059,16879
20059,16880
20059,16881
20059,16882
20059,16883
20059,16884
20059,16885
20059,16886
20059,16887
20059,16888
20059,16889
20059,16890
20059,16891
20059,16892
20059,16893
20059,16894
20059,16895
20059,16896
20059,16897
20059,16898
20059,16899
20059,16900
20059,16901
20059,16902
20059,16903
20059,16904
20059,16905
20059,16906
20059,16907
20059,16908
20059,16909
20059,16910
20059,16911
20059,16912
20059,16913
20059,16914
20059,16915
20059,16916
20059,16917
20059,16918
20059,16919
20059,16920
20059,16921
20059,16922
20059,16923
20059,16924
20059,16925
20059,16926
20059,16927
20059,16928
20059,16929
20059,16930
20059,16931
20059,16932
20059,16933
20059,16934
20059,16935
20059,16936
20059,16937
20059,16938
20059,16939
20059,16940
20059,16941
20059,16942
20059,16943
20059,16944
20059,16945
20059,16946
20059,16947
20059,16948
20059,16949
20059,16950
20059,16951
20059,16952
20059,16953
20059,16954
20059,16955
20059,16956
20059,16957
20059,16958
20059,16959
20059,16960
20059,16961
20059,16962
20059,16963
20059,16964
20059,16965
20059,16966
20059,16967
20059,16968
20059,16969
20059,16970
20059,16971
20059,16972
20059,16973
20059,16974
20059,16975
20059,16976
20059,16977
20059,16978
20059,16979
20059,16980
20059,16981
20059,16982
20059,16983
20059,16984
20059,16985
20059,16986
20059,16987
20059,16988
20059,16989
20059,16990
20059,16991
20059,16992
20059,16993
20059,16994
20059,16995
20059,16996
20059,16997
20059,16998
20059,16999
20059,17000
20059,17001
20059,17002
20059,17003
20059,17004
20059,17005
20059,17006
20059,17007
20059,17008
20059,17009
20059,17010
20059,17011
20059,17012
20059,17013
20059,17014
20059,17015
20059,17016
20059,17017
20059,17018
20059,17019
20059,17020
20059,17021
20060,16786
20060,16787
20060,16788
20060,16789
20060,16790
20060,16791
20060,16792
20060,16793
20060,16794
20060,16795
20060,16796
20060,16797
20060,16798
20060,16799
20060,16800
20060,16801
20060,16802
20060,16803
20060,16804
20060,16805
20060,16806
20060,16807
20060,16808
20060,16809
20060,16810
20060,16811
20060,16812
20060,16813
20060,16814
20060,16815
20060,16816
20060,16817
20060,16818
20060,16819
20060,16820
20060,16821
20060,16822
20060,16823
20060,16824
20060,16825
20060,16826
20060,16827
20060,16828
20060,16829
20060,16830
20060,16831
20060,16832
20060,16833
20060,16834
20060,16835
20060,16836
20060,16837
20060,16838
20060,16839
20060,16840
20060,16841
20060,16842
20060,16843
20060,16844
20060,16845
20060,16846
20060,16847
20060,16848
20060,16849
20060,16850
20060,16851
20060,16852
20060,16853
20060,16854
20060,16855
20060,16856
20060,16857
20060,16858
20060,16859
20060,16860
20060,16861
20060,16862
20060,16863
20060,16864
20060,16865
20060,16866
20060,16867
20060,16868
20060,16869
20060,16870
20060,16871
20060,16872
20060,16873
20060,16874
20060,16875
20060,16876
20060,16877
20060,16878
20060,16879
20060,16880
20060,16881
20060,16882
20060,16883
20060,16884
20060,16885
20060,16886
20060,16887
20060,16888
20060,16889
20060,16890
20060,16891
20060,16892
20060,16893
20060,16894
20060,16895
20060,16896
20060,16897
20060,16898
20060,16899
20060,16900
20060,16901
20060,16902
20060,16903
20060,16904
20060,16905
20060,16906
20060,16907
20060,16908
20060,16909
20060,16910
20060,16911
20060,16912
20060,16913
20060,16914
20060,16915
20060,16916
20060,16917
20060,16918
20060,16919
20060,16920
20060,16921
20060,16922
20060,16923
20060,16924
20060,16925
20060,16926
20060,16927
20060,16928
20060,16929
20060,16930
20060,16931
20060,16932
20060,16933
20060,16934
20060,16935
20060,16936
20060,16937
20060,16938
20060,16939
20060,16940
20060,16941
20060,16942
20060,16943
20060,16944
20060,16945
20060,16946
20060,16947
20060,16948
20060,16949
20060,16950
20060,16951
20060,16952
20060,16953
20060,16954
20060,16955
20060,16956
20060,16957
20060,16958
20060,16959
20060,16960
20060,16961
20060,16962
20060,16963
20060,16964
20060,16965
20060,16966
20060,16967
20060,16968
20060,16969
20060,16970
20060,16971
20060,16972
20060,16973
20060,16974
20060,16975
20060,16976
20060,16977
20060,16978
20060,16979
20060,16980
20060,16981
20060,16982
20060,16983
20060,16984
20060,16985
20060,16986
20060,16987
20060,16988
20060,16989
20060,16990
20060,16991
20060,16992
20060,16993
20060,16994
20060,16995
20060,16996
20060,16997
20060,16998
20060,16999
20060,17000
20060,17001
20060,17002
20060,17003
20060,17004
20060,17005
20060,17006
20060,17007
20060,17008
20060,17009
20060,17010
20060,17011
20060,17012
20060,17013
20060,17014
20060,17015
20060,17016
20060,17017
20060,17018
20060,17019
20060,17020
20060,17021
20061,16785
20061,16786
20061,16787
20061,16788
20061,16789
20061,16790
20061,16791
20061,16792
20061,16793
20061,16794
20061,16795
20061,16796
20061,16797
20061,16798
20061,16799
20061,16800
20061,16801
20061,16802
20061,16803
20061,16804
20061,16805
20061,16806
20061,16807
20061,16808
20061,16809
20061,16810
20061,16811
20061,16812
20061,16813
20061,16814
20061,16815
20061,16816
20061,16817
20061,16818
20061,16819
20061,16820
20061,16821
20061,16822
20061,16823
20061,16824
20061,16825
20061,16826
20061,16827
20061,16828
20061,16829
20061,16830
20061,16831
20061,16832
20061,16833
20061,16834
20061,16835
20061,16836
20061,16837
20061,16838
20061,16839
20061,16840
20061,16841
20061,16842
20061,16843
20061,16844
20061,16845
20061,16846
20061,16847
20061,16848
20061,16849
20061,16850
20061,16851
20061,16852
20061,16853
20061,16854
20061,16855
20061,16856
20061,16857
20061,16858
20061,16859
20061,16860
20061,16861
20061,16862
20061,16863
20061,16864
20061,16865
20061,16866
20061,16867
20061,16868
20061,16869
20061,16870
20061,16871
20061,16872
20061,16873
20061,16874
20061,16875
20061,16876
20061,16877
20061,16878
20061,16879
20061,16880
20061,16881
20061,16882
20061,16883
20061,16884
20061,16885
20061,16886
20061,16887
20061,16888
20061,16889
20061,16890
20061,16891
20061,16892
20061,16893
20061,16894
20061,16895
20061,16896
20061,16897
20061,16898
20061,16899
20061,16900
20061,16901
20061,16902
20061,16903
20061,16904
20061,16905
20061,16906
20061,16907
20061,16908
20061,16909
20061,16910
20061,16911
20061,16912
20061,16913
20061,16914
20061,16915
20061,16916
20061,16917
20061,16918
20061,16919
20061,16920
20061,16921
20061,16922
20061,16923
20061,16924
20061,16925
20061,16926
20061,16927
20061,16928
20061,16929
20061,16930
20061,16931
20061,16932
20061,16933
20061,16934
20061,16935
20061,16936
20061,16937
20061,16938
20061,16939
20061,16940
20061,16941
20061,16942
20061,16943
20061,16944
20061,16945
20061,16946
20061,16947
20061,16948
20061,16949
20061,16950
20061,16951
20061,16952
20061,16953
20061,16954
20061,16955
20061,16956
20061,16957
20061,16958
20061,16959
20061,16960
20061,16961
20061,16962
20061,16963
20061,16964
20061,16965
20061,16966
20061,16967
20061,16968
20061,16969
20061,16970
20061,16971
20061,16972
20061,16973
20061,16974
20061,16975
20061,16976
20061,16977
20061,16978
20061,16979
20061,16980
20061,16981
20061,16982
20061,16983
20061,16984
20061,16985
20061,16986
20061,16987
20061,16988
20061,16989
20061,16990
20061,16991
20061,16992
20061,16993
20061,16994
20061,16995
20061,16996
20061,16997
20061,16998
20061,16999
20061,17000
20061,17001
20061,17002
20061,17003
20061,17004
20061,17005
20061,17006
20061,17007
20061,17008
20061,17009
20061,17010
20061,17011
20061,17012
20061,17013
20061,17014
20061,17015
20061,17016
20061,17017
20061,17018
20061,17019
20061,17020
20062,16783
20062,16784
20062,16785
20062,16786
20062,16787
20062,16788
20062,16789
20062,16790
20062,16791
20062,16792
20062,16793
20062,16794
20062,16795
20062,16796
20062,16797
20062,16798
20062,16799
20062,16800
20062,16801
20062,16802
20062,16803
20062,16804
20062,16805
20062,16806
20062,16807
20062,16808
20062,16809
20062,16810
20062,16811
20062,16812
20062,16813
20062,16814
20062,16815
20062,16816
20062,16817
20062,16818
20062,16819
20062,16820
20062,16821
20062,16822
20062,16823
20062,16824
20062,16825
20062,16826
20062,16827
20062,16828
20062,16829
20062,16830
20062,16831
20062,16832
20062,16833
20062,16834
20062,16835
20062,16836
20062,16837
20062,16838
20062,16839
20062,16840
20062,16841
20062,16842
20062,16843
20062,16844
20062,16845
20062,16846
20062,16847
20062,16848
20062,16849
20062,16850
20062,16851
20062,16852
20062,16853
20062,16854
20062,16855
20062,16856
20062,16857
20062,16858
20062,16859
20062,16860
20062,16861
20062,16862
20062,16863
20062,16864
20062,16865
20062,16866
20062,16867
20062,16868
20062,16869
20062,16870
20062,16871
20062,16872
20062,16873
20062,16874
20062,16875
20062,16876
20062,16877
20062,16878
20062,16879
20062,16880
20062,16881
20062,16882
20062,16883
20062,16884
20062,16885
20062,16886
20062,16887
20062,16888
20062,16889
20062,16890
20062,16891
20062,16892
20062,16893
20062,16894
20062,16895
20062,16896
20062,16897
20062,16898
20062,16899
20062,16900
20062,16901
20062,16902
20062,16903
20062,16904
20062,16905
20062,16906
20062,16907
20062,16908
20062,16909
20062,16910
20062,16911
20062,16912
20062,16913
20062,16914
20062,16915
20062,16916
20062,16917
20062,16918
20062,16919
20062,16920
20062,16921
20062,16922
20062,16923
20062,16924
20062,16925
20062,16926
20062,16927
20062,16928
20062,16929
20062,16930
20062,16931
20062,16932
20062,16933
20062,16934
20062,16935
20062,16936
20062,16937
20062,16938
20062,16939
20062,16940
20062,16941
20062,16942
20062,16943
20062,16944
20062,16945
20062,16946
20062,16947
20062,16948
20062,16949
20062,16950
20062,16951
20062,16952
20062,16953
20062,16954
20062,16955
20062,16956
20062,16957
20062,16958
20062,16959
20062,16960
20062,16961
20062,16962
20062,16963
20062,16964
20062,16965
20062,16966
20062,16967
20062,16968
20062,16969
20062,16970
20062,16971
20062,16972
20062,16973
20062,16974
20062,16975
20062,16976
20062,16977
20062,16978
20062,16979
20062,16980
20062,16981
20062,16982
20062,16983
20062,16984
20062,16985
20062,16986
20062,16987
20062,16988
20062,16989
20062,16990
20062,16991
20062,16992
20062,16993
20062,16994
20062,16995
20062,16996
20062,16997
20062,16998
20062,16999
20062,17000
20062,17001
20062,17002
20062,17003
20062,17004
20062,17005
20062,17006
20062,17007
20062,17008
20062,17009
20062,17010
20062,17011
20062,17012
20062,17013
20062,17014
20062,17015
20062,17016
20062,17017
20062,17018
20062,17019
20062,17020
20063,16781
20063,16782
20063,16783
20063,16784
20063,16785
20063,16786
20063,16787
20063,16788
20063,16789
20063,16790
20063,16791
20063,16792
20063,16793
20063,16794
20063,16795
20063,16796
20063,16797
20063,16798
20063,16799
20063,16800
20063,16801
20063,16802
20063,16803
20063,16804
20063,16805
20063,16806
20063,16807
20063,16808
20063,16809
20063,16810
20063,16811
20063,16812
20063,16813
20063,16814
20063,16815
20063,16816
20063,16817
20063,16818
20063,16819
20063,16820
20063,16821
20063,16822
20063,16823
20063,16824
20063,16825
20063,16826
20063,16827
20063,16828
20063,16829
20063,16830
20063,16831
20063,16832
20063,16833
20063,16834
20063,16835
20063,16836
20063,16837
20063,16838
20063,16839
20063,16840
20063,16841
20063,16842
20063,16843
20063,16844
20063,16845
20063,16846
20063,16847
20063,16848
20063,16849
20063,16850
20063,16851
20063,16852
20063,16853
20063,16854
20063,16855
20063,16856
20063,16857
20063,16858
20063,16859
20063,16860
20063,16861
20063,16862
20063,16863
20063,16864
20063,16865
20063,16866
20063,16867
20063,16868
20063,16869
20063,16870
20063,16871
20063,16872
20063,16873
20063,16874
20063,16875
20063,16876
20063,16877
20063,16878
20063,16879
20063,16880
20063,16881
20063,16882
20063,16883
20063,16884
20063,16885
20063,16886
20063,16887
20063,16888
20063,16889
20063,16890
20063,16891
20063,16892
20063,16893
20063,16894
20063,16895
20063,16896
20063,16897
20063,16898
20063,16899
20063,16900
20063,16901
20063,16902
20063,16903
20063,16904
20063,16905
20063,16906
20063,16907
20063,16908
20063,16909
20063,16910
20063,16911
20063,16912
20063,16913
20063,16914
20063,16915
20063,16916
20063,16917
20063,16918
20063,16919
20063,16920
20063,16921
20063,16922
20063,16923
20063,16924
20063,16925
20063,16926
20063,16927
20063,16928
20063,16929
20063,16930
20063,16931
20063,16932
20063,16933
20063,16934
20063,16935
20063,16936
20063,16937
20063,16938
20063,16939
20063,16940
20063,16941
20063,16942
20063,16943
20063,16944
20063,16945
20063,16946
20063,16947
20063,16948
20063,16949
20063,16950
20063,16951
20063,16952
20063,16953
20063,16954
20063,16955
20063,16956
20063,16957
20063,16958
20063,16959
20063,16960
20063,16961
20063,16962
20063,16963
20063,16964
20063,16965
20063,16966
20063,16967
20063,16968
20063,16969
20063,16970
20063,16971
20063,16972
20063,16973
20063,16974
20063,16975
20063,16976
20063,16977
20063,16978
20063,16979
20063,16980
20063,16981
20063,16982
20063,16983
20063,16984
20063,16985
20063,16986
20063,16987
20063,16988
20063,16989
20063,16990
20063,16991
20063,16992
20063,16993
20063,16994
20063,16995
20063,16996
20063,16997
20063,16998
20063,16999
20063,17000
20063,17001
20063,17002
20063,17003
20063,17004
20063,17005
20063,17006
20063,17007
20063,17008
20063,17009
20063,17010
20063,17011
20063,17012
20063,17013
20063,17014
20063,17015
20063,17016
20063,17017
20063,17018
20063,17019
20063,17020
20064,16778
20064,16779
20064,16780
20064,16781
20064,16782
20064,16783
20064,16784
20064,16785
20064,16786
20064,16787
20064,16788
20064,16789
20064,16790
20064,16791
20064,16792
20064,16793
20064,16794
20064,16795
20064,16796
20064,16797
20064,16798
20064,16799
20064,16800
20064,16801
20064,16802
20064,16803
20064,16804
20064,16805
20064,16806
20064,16807
20064,16808
20064,16809
20064,16810
20064,16811
20064,16812
20064,16813
20064,16814
20064,16815
20064,16816
20064,16817
20064,16818
20064,16819
20064,16820
20064,16821
20064,16822
20064,16823
20064,16824
20064,16825
20064,16826
20064,16827
20064,16828
20064,16829
20064,16830
20064,16831
20064,16832
20064,16833
20064,16834
20064,16835
20064,16836
20064,16837
20064,16838
20064,16839
20064,16840
20064,16841
20064,16842
20064,16843
20064,16844
20064,16845
20064,16846
20064,16847
20064,16848
20064,16849
20064,16850
20064,16851
20064,16852
20064,16853
20064,16854
20064,16855
20064,16856
20064,16857
20064,16858
20064,16859
20064,16860
20064,16861
20064,16862
20064,16863
20064,16864
20064,16865
20064,16866
20064,16867
20064,16868
20064,16869
20064,16870
20064,16871
20064,16872
20064,16873
20064,16874
20064,16875
20064,16876
20064,16877
20064,16878
20064,16879
20064,16880
20064,16881
20064,16882
20064,16883
20064,16884
20064,16885
20064,16886
20064,16887
20064,16888
20064,16889
20064,16890
20064,16891
20064,16892
20064,16893
20064,16894
20064,16895
20064,16896
20064,16897
20064,16898
20064,16899
20064,16900
20064,16901
20064,16902
20064,16903
20064,16904
20064,16905
20064,16906
20064,16907
20064,16908
20064,16909
20064,16910
20064,16911
20064,16912
20064,16913
20064,16914
20064,16915
20064,16916
20064,16917
20064,16918
20064,16919
20064,16920
20064,16921
20064,16922
20064,16923
20064,16924
20064,16925
20064,16926
20064,16927
20064,16928
20064,16929
20064,16930
20064,16931
20064,16932
20064,16933
20064,16934
20064,16935
20064,16936
20064,16937
20064,16938
20064,16939
20064,16940
20064,16941
20064,16942
20064,16943
20064,16944
20064,16945
20064,16946
20064,16947
20064,16948
20064,16949
20064,16950
20064,16951
20064,16952
20064,16953
20064,16954
20064,16955
20064,16956
20064,16957
20064,16958
20064,16959
20064,16960
20064,16961
20064,16962
20064,16963
20064,16964
20064,16965
20064,16966
20064,16967
20064,16968
20064,16969
20064,16970
20064,16971
20064,16972
20064,16973
20064,16974
20064,16975
20064,16976
20064,16977
20064,16978
20064,16979
20064,16980
20064,16981
20064,16982
20064,16983
20064,16984
20064,16985
20064,16986
20064,16987
20064,16988
20064,16989
20064,16990
20064,16991
20064,16992
20064,16993
20064,16994
20064,16995
20064,16996
20064,16997
20064,16998
20064,16999
20064,17000
20064,17001
20064,17002
20064,17003
20064,17004
20064,17005
20064,17006
20064,17007
20064,17008
20064,17009
20064,17010
20064,17011
20064,17012
20064,17013
20064,17014
20064,17015
20064,17016
20064,17017
20064,17018
20064,17019
20065,16777
20065,16778
20065,16779
20065,16780
20065,16781
20065,16782
20065,16783
20065,16784
20065,16785
20065,16786
20065,16787
20065,16788
20065,16789
20065,16790
20065,16791
20065,16792
20065,16793
20065,16794
20065,16795
20065,16796
20065,16797
20065,16798
20065,16799
20065,16800
20065,16801
20065,16802
20065,16803
20065,16804
20065,16805
20065,16806
20065,16807
20065,16808
20065,16809
20065,16810
20065,16811
20065,16812
20065,16813
20065,16814
20065,16815
20065,16816
20065,16817
20065,16818
20065,16819
20065,16820
20065,16821
20065,16822
20065,16823
20065,16824
20065,16825
20065,16826
20065,16827
20065,16828
20065,16829
20065,16830
20065,16831
20065,16832
20065,16833
20065,16834
20065,16835
20065,16836
20065,16837
20065,16838
20065,16839
20065,16840
20065,16841
20065,16842
20065,16843
20065,16844
20065,16845
20065,16846
20065,16847
20065,16848
20065,16849
20065,16850
20065,16851
20065,16852
20065,16853
20065,16854
20065,16855
20065,16856
20065,16857
20065,16858
20065,16859
20065,16860
20065,16861
20065,16862
20065,16863
20065,16864
20065,16865
20065,16866
20065,16867
20065,16868
20065,16869
20065,16870
20065,16871
20065,16872
20065,16873
20065,16874
20065,16875
20065,16876
20065,16877
20065,16878
20065,16879
20065,16880
20065,16881
20065,16882
20065,16883
20065,16884
20065,16885
20065,16886
20065,16887
20065,16888
20065,16889
20065,16890
20065,16891
20065,16892
20065,16893
20065,16894
20065,16895
20065,16896
20065,16897
20065,16898
20065,16899
20065,16900
20065,16901
20065,16902
20065,16903
20065,16904
20065,16905
20065,16906
20065,16907
20065,16908
20065,16909
20065,16910
20065,16911
20065,16912
20065,16913
20065,16914
20065,16915
20065,16916
20065,16917
20065,16918
20065,16919
20065,16920
20065,16921
20065,16922
20065,16923
20065,16924
20065,16925
20065,16926
20065,16927
20065,16928
20065,16929
20065,16930
20065,16931
20065,16932
20065,16933
20065,16934
20065,16935
20065,16936
20065,16937
20065,16938
20065,16939
20065,16940
20065,16941
20065,16942
20065,16943
20065,16944
20065,16945
20065,16946
20065,16947
20065,16948
20065,16949
20065,16950
20065,16951
20065,16952
20065,16953
20065,16954
20065,16955
20065,16956
20065,16957
20065,16958
20065,16959
20065,16960
20065,16961
20065,16962
20065,16963
20065,16964
20065,16965
20065,16966
20065,16967
20065,16968
20065,16969
20065,16970
20065,16971
20065,16972
20065,16973
20065,16974
20065,16975
20065,16976
20065,16977
20065,16978
20065,16979
20065,16980
20065,16981
20065,16982
20065,16983
20065,16984
20065,16985
20065,16986
20065,16987
20065,16988
20065,16989
20065,16990
20065,16991
20065,16992
20065,16993
20065,16994
20065,16995
20065,16996
20065,16997
20065,16998
20065,16999
20065,17000
20065,17001
20065,17002
20065,17003
20065,17004
20065,17005
20065,17006
20065,17007
20065,17008
20065,17009
20065,17010
20065,17011
20065,17012
20065,17013
20065,17014
20065,17015
20065,17016
20065,17017
20065,17018
20066,16776
20066,16777
20066,16778
20066,16779
20066,16780
20066,16781
20066,16782
20066,16783
20066,16784
20066,16785
20066,16786
20066,16787
20066,16788
20066,16789
20066,16790
20066,16791
20066,16792
20066,16793
20066,16794
20066,16795
20066,16796
20066,16797
20066,16798
20066,16799
20066,16800
20066,16801
20066,16802
20066,16803
20066,16804
20066,16805
20066,16806
20066,16807
20066,16808
20066,16809
20066,16810
20066,16811
20066,16812
20066,16813
20066,16814
20066,16815
20066,16816
20066,16817
20066,16818
20066,16819
20066,16820
20066,16821
20066,16822
20066,16823
20066,16824
20066,16825
20066,16826
20066,16827
20066,16828
20066,16829
20066,16830
20066,16831
20066,16832
20066,16833
20066,16834
20066,16835
20066,16836
20066,16837
20066,16838
20066,16839
20066,16840
20066,16841
20066,16842
20066,16843
20066,16844
20066,16845
20066,16846
20066,16847
20066,16848
20066,16849
20066,16850
20066,16851
20066,16852
20066,16853
20066,16854
20066,16855
20066,16856
20066,16857
20066,16858
20066,16859
20066,16860
20066,16861
20066,16862
20066,16863
20066,16864
20066,16865
20066,16866
20066,16867
20066,16868
20066,16869
20066,16870
20066,16871
20066,16872
20066,16873
20066,16874
20066,16875
20066,16876
20066,16877
20066,16878
20066,16879
20066,16880
20066,16881
20066,16882
20066,16883
20066,16884
20066,16885
20066,16886
20066,16887
20066,16888
20066,16889
20066,16890
20066,16891
20066,16892
20066,16893
20066,16894
20066,16895
20066,16896
20066,16897
20066,16898
20066,16899
20066,16900
20066,16901
20066,16902
20066,16903
20066,16904
20066,16905
20066,16906
20066,16907
20066,16908
20066,16909
20066,16910
20066,16911
20066,16912
20066,16913
20066,16914
20066,16915
20066,16916
20066,16917
20066,16918
20066,16919
20066,16920
20066,16921
20066,16922
20066,16923
20066,16924
20066,16925
20066,16926
20066,16927
20066,16928
20066,16929
20066,16930
20066,16931
20066,16932
20066,16933
20066,16934
20066,16935
20066,16936
20066,16937
20066,16938
20066,16939
20066,16940
20066,16941
20066,16942
20066,16943
20066,16944
20066,16945
20066,16946
20066,16947
20066,16948
20066,16949
20066,16950
20066,16951
20066,16952
20066,16953
20066,16954
20066,16955
20066,16956
20066,16957
20066,16958
20066,16959
20066,16960
20066,16961
20066,16962
20066,16963
20066,16964
20066,16965
20066,16966
20066,16967
20066,16968
20066,16969
20066,16970
20066,16971
20066,16972
20066,16973
20066,16974
20066,16975
20066,16976
20066,16977
20066,16978
20066,16979
20066,16980
20066,16981
20066,16982
20066,16983
20066,16984
20066,16985
20066,16986
20066,16987
20066,16988
20066,16989
20066,16990
20066,16991
20066,16992
20066,16993
20066,16994
20066,16995
20066,16996
20066,16997
20066,16998
20066,16999
20066,17000
20066,17001
20066,17002
20066,17003
20066,17004
20066,17005
20066,17006
20066,17007
20066,17008
20066,17009
20066,17010
20066,17011
20066,17012
20066,17013
20066,17014
20066,17015
20066,17016
20066,17017
20067,16775
20067,16776
20067,16777
20067,16778
20067,16779
20067,16780
20067,16781
20067,16782
20067,16783
20067,16784
20067,16785
20067,16786
20067,16787
20067,16788
20067,16789
20067,16790
20067,16791
20067,16792
20067,16793
20067,16794
20067,16795
20067,16796
20067,16797
20067,16798
20067,16799
20067,16800
20067,16801
20067,16802
20067,16803
20067,16804
20067,16805
20067,16806
20067,16807
20067,16808
20067,16809
20067,16810
20067,16811
20067,16812
20067,16813
20067,16814
20067,16815
20067,16816
20067,16817
20067,16818
20067,16819
20067,16820
20067,16821
20067,16822
20067,16823
20067,16824
20067,16825
20067,16826
20067,16827
20067,16828
20067,16829
20067,16830
20067,16831
20067,16832
20067,16833
20067,16834
20067,16835
20067,16836
20067,16837
20067,16838
20067,16839
20067,16840
20067,16841
20067,16842
20067,16843
20067,16844
20067,16845
20067,16846
20067,16847
20067,16848
20067,16849
20067,16850
20067,16851
20067,16852
20067,16853
20067,16854
20067,16855
20067,16856
20067,16857
20067,16858
20067,16859
20067,16860
20067,16861
20067,16862
20067,16863
20067,16864
20067,16865
20067,16866
20067,16867
20067,16868
20067,16869
20067,16870
20067,16871
20067,16872
20067,16873
20067,16874
20067,16875
20067,16876
20067,16877
20067,16878
20067,16879
20067,16880
20067,16881
20067,16882
20067,16883
20067,16884
20067,16885
20067,16886
20067,16887
20067,16888
20067,16889
20067,16890
20067,16891
20067,16892
20067,16893
20067,16894
20067,16895
20067,16896
20067,16897
20067,16898
20067,16899
20067,16900
20067,16901
20067,16902
20067,16903
20067,16904
20067,16905
20067,16906
20067,16907
20067,16908
20067,16909
20067,16910
20067,16911
20067,16912
20067,16913
20067,16914
20067,16915
20067,16916
20067,16917
20067,16918
20067,16919
20067,16920
20067,16921
20067,16922
20067,16923
20067,16924
20067,16925
20067,16926
20067,16927
20067,16928
20067,16929
20067,16930
20067,16931
20067,16932
20067,16933
20067,16934
20067,16935
20067,16936
20067,16937
20067,16938
20067,16939
20067,16940
20067,16941
20067,16942
20067,16943
20067,16944
20067,16945
20067,16946
20067,16947
20067,16948
20067,16949
20067,16950
20067,16951
20067,16952
20067,16953
20067,16954
20067,16955
20067,16956
20067,16957
20067,16958
20067,16959
20067,16960
20067,16961
20067,16962
20067,16963
20067,16964
20067,16965
20067,16966
20067,16967
20067,16968
20067,16969
20067,16970
20067,16971
20067,16972
20067,16973
20067,16974
20067,16975
20067,16976
20067,16977
20067,16978
20067,16979
20067,16980
20067,16981
20067,16982
20067,16983
20067,16984
20067,16985
20067,16986
20067,16987
20067,16988
20067,16989
20067,16990
20067,16991
20067,16992
20067,16993
20067,16994
20067,16995
20067,16996
20067,16997
20067,16998
20067,16999
20067,17000
20067,17001
20067,17002
20067,17003
20067,17004
20067,17005
20067,17006
20067,17007
20067,17008
20067,17009
20067,17010
20067,17011
20067,17012
20067,17013
20067,17014
20067,17015
20067,17016
20067,17017
20068,16774
20068,16775
20068,16776
20068,16777
20068,16778
20068,16779
20068,16780
20068,16781
20068,16782
20068,16783
20068,16784
20068,16785
20068,16786
20068,16787
20068,16788
20068,16789
20068,16790
20068,16791
20068,16792
20068,16793
20068,16794
20068,16795
20068,16796
20068,16797
20068,16798
20068,16799
20068,16800
20068,16801
20068,16802
20068,16803
20068,16804
20068,16805
20068,16806
20068,16807
20068,16808
20068,16809
20068,16810
20068,16811
20068,16812
20068,16813
20068,16814
20068,16815
20068,16816
20068,16817
20068,16818
20068,16819
20068,16820
20068,16821
20068,16822
20068,16823
20068,16824
20068,16825
20068,16826
20068,16827
20068,16828
20068,16829
20068,16830
20068,16831
20068,16832
20068,16833
20068,16834
20068,16835
20068,16836
20068,16837
20068,16838
20068,16839
20068,16840
20068,16841
20068,16842
20068,16843
20068,16844
20068,16845
20068,16846
20068,16847
20068,16848
20068,16849
20068,16850
20068,16851
20068,16852
20068,16853
20068,16854
20068,16855
20068,16856
20068,16857
20068,16858
20068,16859
20068,16860
20068,16861
20068,16862
20068,16863
20068,16864
20068,16865
20068,16866
20068,16867
20068,16868
20068,16869
20068,16870
20068,16871
20068,16872
20068,16873
20068,16874
20068,16875
20068,16876
20068,16877
20068,16878
20068,16879
20068,16880
20068,16881
20068,16882
20068,16883
20068,16884
20068,16885
20068,16886
20068,16887
20068,16888
20068,16889
20068,16890
20068,16891
20068,16892
20068,16893
20068,16894
20068,16895
20068,16896
20068,16897
20068,16898
20068,16899
20068,16900
20068,16901
20068,16902
20068,16903
20068,16904
20068,16905
20068,16906
20068,16907
20068,16908
20068,16909
20068,16910
20068,16911
20068,16912
20068,16913
20068,16914
20068,16915
20068,16916
20068,16917
20068,16918
20068,16919
20068,16920
20068,16921
20068,16922
20068,16923
20068,16924
20068,16925
20068,16926
20068,16927
20068,16928
20068,16929
20068,16930
20068,16931
20068,16932
20068,16933
20068,16934
20068,16935
20068,16936
20068,16937
20068,16938
20068,16939
20068,16940
20068,16941
20068,16942
20068,16943
20068,16944
20068,16945
20068,16946
20068,16947
20068,16948
20068,16949
20068,16950
20068,16951
20068,16952
20068,16953
20068,16954
20068,16955
20068,16956
20068,16957
20068,16958
20068,16959
20068,16960
20068,16961
20068,16962
20068,16963
20068,16964
20068,16965
20068,16966
20068,16967
20068,16968
20068,16969
20068,16970
20068,16971
20068,16972
20068,16973
20068,16974
20068,16975
20068,16976
20068,16977
20068,16978
20068,16979
20068,16980
20068,16981
20068,16982
20068,16983
20068,16984
20068,16985
20068,16986
20068,16987
20068,16988
20068,16989
20068,16990
20068,16991
20068,16992
20068,16993
20068,16994
20068,16995
20068,16996
20068,16997
20068,16998
20068,16999
20068,17000
20068,17001
20068,17002
20068,17003
20068,17004
20068,17005
20068,17006
20068,17007
20068,17008
20068,17009
20068,17010
20068,17011
20068,17012
20068,17013
20068,17014
20068,17015
20068,17016
20068,17017
20069,16774
20069,16775
20069,16776
20069,16777
20069,16778
20069,16779
20069,16780
20069,16781
20069,16782
20069,16783
20069,16784
20069,16785
20069,16786
20069,16787
20069,16788
20069,16789
20069,16790
20069,16791
20069,16792
20069,16793
20069,16794
20069,16795
20069,16796
20069,16797
20069,16798
20069,16799
20069,16800
20069,16801
20069,16802
20069,16803
20069,16804
20069,16805
20069,16806
20069,16807
20069,16808
20069,16809
20069,16810
20069,16811
20069,16812
20069,16813
20069,16814
20069,16815
20069,16816
20069,16817
20069,16818
20069,16819
20069,16820
20069,16821
20069,16822
20069,16823
20069,16824
20069,16825
20069,16826
20069,16827
20069,16828
20069,16829
20069,16830
20069,16831
20069,16832
20069,16833
20069,16834
20069,16835
20069,16836
20069,16837
20069,16838
20069,16839
20069,16840
20069,16841
20069,16842
20069,16843
20069,16844
20069,16845
20069,16846
20069,16847
20069,16848
20069,16849
20069,16850
20069,16851
20069,16852
20069,16853
20069,16854
20069,16855
20069,16856
20069,16857
20069,16858
20069,16859
20069,16860
20069,16861
20069,16862
20069,16863
20069,16864
20069,16865
20069,16866
20069,16867
20069,16868
20069,16869
20069,16870
20069,16871
20069,16872
20069,16873
20069,16874
20069,16875
20069,16876
20069,16877
20069,16878
20069,16879
20069,16880
20069,16881
20069,16882
20069,16883
20069,16884
20069,16885
20069,16886
20069,16887
20069,16888
20069,16889
20069,16890
20069,16891
20069,16892
20069,16893
20069,16894
20069,16895
20069,16896
20069,16897
20069,16898
20069,16899
20069,16900
20069,16901
20069,16902
20069,16903
20069,16904
20069,16905
20069,16906
20069,16907
20069,16908
20069,16909
20069,16910
20069,16911
20069,16912
20069,16913
20069,16914
20069,16915
20069,16916
20069,16917
20069,16918
20069,16919
20069,16920
20069,16921
20069,16922
20069,16923
20069,16924
20069,16925
20069,16926
20069,16927
20069,16928
20069,16929
20069,16930
20069,16931
20069,16932
20069,16933
20069,16934
20069,16935
20069,16936
20069,16937
20069,16938
20069,16939
20069,16940
20069,16941
20069,16942
20069,16943
20069,16944
20069,16945
20069,16946
20069,16947
20069,16948
20069,16949
20069,16950
20069,16951
20069,16952
20069,16953
20069,16954
20069,16955
20069,16956
20069,16957
20069,16958
20069,16959
20069,16960
20069,16961
20069,16962
20069,16963
20069,16964
20069,16965
20069,16966
20069,16967
20069,16968
20069,16969
20069,16970
20069,16971
20069,16972
20069,16973
20069,16974
20069,16975
20069,16976
20069,16977
20069,16978
20069,16979
20069,16980
20069,16981
20069,16982
20069,16983
20069,16984
20069,16985
20069,16986
20069,16987
20069,16988
20069,16989
20069,16990
20069,16991
20069,16992
20069,16993
20069,16994
20069,16995
20069,16996
20069,16997
20069,16998
20069,16999
20069,17000
20069,17001
20069,17002
20069,17003
20069,17004
20069,17005
20069,17006
20069,17007
20069,17008
20069,17009
20069,17010
20069,17011
20069,17012
20069,17013
20069,17014
20069,17015
20069,17016
20070,16773
20070,16774
20070,16775
20070,16776
20070,16777
20070,16778
20070,16779
20070,16780
20070,16781
20070,16782
20070,16783
20070,16784
20070,16785
20070,16786
20070,16787
20070,16788
20070,16789
20070,16790
20070,16791
20070,16792
20070,16793
20070,16794
20070,16795
20070,16796
20070,16797
20070,16798
20070,16799
20070,16800
20070,16801
20070,16802
20070,16803
20070,16804
20070,16805
20070,16806
20070,16807
20070,16808
20070,16809
20070,16810
20070,16811
20070,16812
20070,16813
20070,16814
20070,16815
20070,16816
20070,16817
20070,16818
20070,16819
20070,16820
20070,16821
20070,16822
20070,16823
20070,16824
20070,16825
20070,16826
20070,16827
20070,16828
20070,16829
20070,16830
20070,16831
20070,16832
20070,16833
20070,16834
20070,16835
20070,16836
20070,16837
20070,16838
20070,16839
20070,16840
20070,16841
20070,16842
20070,16843
20070,16844
20070,16845
20070,16846
20070,16847
20070,16848
20070,16849
20070,16850
20070,16851
20070,16852
20070,16853
20070,16854
20070,16855
20070,16856
20070,16857
20070,16858
20070,16859
20070,16860
20070,16861
20070,16862
20070,16863
20070,16864
20070,16865
20070,16866
20070,16867
20070,16868
20070,16869
20070,16870
20070,16871
20070,16872
20070,16873
20070,16874
20070,16875
20070,16876
20070,16877
20070,16878
20070,16879
20070,16880
20070,16881
20070,16882
20070,16883
20070,16884
20070,16885
20070,16886
20070,16887
20070,16888
20070,16889
20070,16890
20070,16891
20070,16892
20070,16893
20070,16894
20070,16895
20070,16896
20070,16897
20070,16898
20070,16899
20070,16900
20070,16901
20070,16902
20070,16903
20070,16904
20070,16905
20070,16906
20070,16907
20070,16908
20070,16909
20070,16910
20070,16911
20070,16912
20070,16913
20070,16914
20070,16915
20070,16916
20070,16917
20070,16918
20070,16919
20070,16920
20070,16921
20070,16922
20070,16923
20070,16924
20070,16925
20070,16926
20070,16927
20070,16928
20070,16929
20070,16930
20070,16931
20070,16932
20070,16933
20070,16934
20070,16935
20070,16936
20070,16937
20070,16938
20070,16939
20070,16940
20070,16941
20070,16942
20070,16943
20070,16944
20070,16945
20070,16946
20070,16947
20070,16948
20070,16949
20070,16950
20070,16951
20070,16952
20070,16953
20070,16954
20070,16955
20070,16956
20070,16957
20070,16958
20070,16959
20070,16960
20070,16961
20070,16962
20070,16963
20070,16964
20070,16965
20070,16966
20070,16967
20070,16968
20070,16969
20070,16970
20070,16971
20070,16972
20070,16973
20070,16974
20070,16975
20070,16976
20070,16977
20070,16978
20070,16979
20070,16980
20070,16981
20070,16982
20070,16983
20070,16984
20070,16985
20070,16986
20070,16987
20070,16988
20070,16989
20070,16990
20070,16991
20070,16992
20070,16993
20070,16994
20070,16995
20070,16996
20070,16997
20070,16998
20070,16999
20070,17000
20070,17001
20070,17002
20070,17003
20070,17004
20070,17005
20070,17006
20070,17007
20070,17008
20070,17009
20070,17010
20070,17011
20070,17012
20070,17013
20070,17014
20070,17015
20070,17016
20071,16773
20071,16774
20071,16775
20071,16776
20071,16777
20071,16778
20071,16779
20071,16780
20071,16781
20071,16782
20071,16783
20071,16784
20071,16785
20071,16786
20071,16787
20071,16788
20071,16789
20071,16790
20071,16791
20071,16792
20071,16793
20071,16794
20071,16795
20071,16796
20071,16797
20071,16798
20071,16799
20071,16800
20071,16801
20071,16802
20071,16803
20071,16804
20071,16805
20071,16806
20071,16807
20071,16808
20071,16809
20071,16810
20071,16811
20071,16812
20071,16813
20071,16814
20071,16815
20071,16816
20071,16817
20071,16818
20071,16819
20071,16820
20071,16821
20071,16822
20071,16823
20071,16824
20071,16825
20071,16826
20071,16827
20071,16828
20071,16829
20071,16830
20071,16831
20071,16832
20071,16833
20071,16834
20071,16835
20071,16836
20071,16837
20071,16838
20071,16839
20071,16840
20071,16841
20071,16842
20071,16843
20071,16844
20071,16845
20071,16846
20071,16847
20071,16848
20071,16849
20071,16850
20071,16851
20071,16852
20071,16853
20071,16854
20071,16855
20071,16856
20071,16857
20071,16858
20071,16859
20071,16860
20071,16861
20071,16862
20071,16863
20071,16864
20071,16865
20071,16866
20071,16867
20071,16868
20071,16869
20071,16870
20071,16871
20071,16872
20071,16873
20071,16874
20071,16875
20071,16876
20071,16877
20071,16878
20071,16879
20071,16880
20071,16881
20071,16882
20071,16883
20071,16884
20071,16885
20071,16886
20071,16887
20071,16888
20071,16889
20071,16890
20071,16891
20071,16892
20071,16893
20071,16894
20071,16895
20071,16896
20071,16897
20071,16898
20071,16899
20071,16900
20071,16901
20071,16902
20071,16903
20071,16904
20071,16905
20071,16906
20071,16907
20071,16908
20071,16909
20071,16910
20071,16911
20071,16912
20071,16913
20071,16914
20071,16915
20071,16916
20071,16917
20071,16918
20071,16919
20071,16920
20071,16921
20071,16922
20071,16923
20071,16924
20071,16925
20071,16926
20071,16927
20071,16928
20071,16929
20071,16930
20071,16931
20071,16932
20071,16933
20071,16934
20071,16935
20071,16936
20071,16937
20071,16938
20071,16939
20071,16940
20071,16941
20071,16942
20071,16943
20071,16944
20071,16945
20071,16946
20071,16947
20071,16948
20071,16949
20071,16950
20071,16951
20071,16952
20071,16953
20071,16954
20071,16955
20071,16956
20071,16957
20071,16958
20071,16959
20071,16960
20071,16961
20071,16962
20071,16963
20071,16964
20071,16965
20071,16966
20071,16967
20071,16968
20071,16969
20071,16970
20071,16971
20071,16972
20071,16973
20071,16974
20071,16975
20071,16976
20071,16977
20071,16978
20071,16979
20071,16980
20071,16981
20071,16982
20071,16983
20071,16984
20071,16985
20071,16986
20071,16987
20071,16988
20071,16989
20071,16990
20071,16991
20071,16992
20071,16993
20071,16994
20071,16995
20071,16996
20071,16997
20071,16998
20071,16999
20071,17000
20071,17001
20071,17002
20071,17003
20071,17004
20071,17005
20071,17006
20071,17007
20071,17008
20071,17009
20071,17010
20071,17011
20071,17012
20071,17013
20071,17014
20071,17015
20071,17016
20072,16773
20072,16774
20072,16775
20072,16776
20072,16777
20072,16778
20072,16779
20072,16780
20072,16781
20072,16782
20072,16783
20072,16784
20072,16785
20072,16786
20072,16787
20072,16788
20072,16789
20072,16790
20072,16791
20072,16792
20072,16793
20072,16794
20072,16795
20072,16796
20072,16797
20072,16798
20072,16799
20072,16800
20072,16801
20072,16802
20072,16803
20072,16804
20072,16805
20072,16806
20072,16807
20072,16808
20072,16809
20072,16810
20072,16811
20072,16812
20072,16813
20072,16814
20072,16815
20072,16816
20072,16817
20072,16818
20072,16819
20072,16820
20072,16821
20072,16822
20072,16823
20072,16824
20072,16825
20072,16826
20072,16827
20072,16828
20072,16829
20072,16830
20072,16831
20072,16832
20072,16833
20072,16834
20072,16835
20072,16836
20072,16837
20072,16838
20072,16839
20072,16840
20072,16841
20072,16842
20072,16843
20072,16844
20072,16845
20072,16846
20072,16847
20072,16848
20072,16849
20072,16850
20072,16851
20072,16852
20072,16853
20072,16854
20072,16855
20072,16856
20072,16857
20072,16858
20072,16859
20072,16860
20072,16861
20072,16862
20072,16863
20072,16864
20072,16865
20072,16866
20072,16867
20072,16868
20072,16869
20072,16870
20072,16871
20072,16872
20072,16873
20072,16874
20072,16875
20072,16876
20072,16877
20072,16878
20072,16879
20072,16880
20072,16881
20072,16882
20072,16883
20072,16884
20072,16885
20072,16886
20072,16887
20072,16888
20072,16889
20072,16890
20072,16891
20072,16892
20072,16893
20072,16894
20072,16895
20072,16896
20072,16897
20072,16898
20072,16899
20072,16900
20072,16901
20072,16902
20072,16903
20072,16904
20072,16905
20072,16906
20072,16907
20072,16908
20072,16909
20072,16910
20072,16911
20072,16912
20072,16913
20072,16914
20072,16915
20072,16916
20072,16917
20072,16918
20072,16919
20072,16920
20072,16921
20072,16922
20072,16923
20072,16924
20072,16925
20072,16926
20072,16927
20072,16928
20072,16929
20072,16930
20072,16931
20072,16932
20072,16933
20072,16934
20072,16935
20072,16936
20072,16937
20072,16938
20072,16939
20072,16940
20072,16941
20072,16942
20072,16943
20072,16944
20072,16945
20072,16946
20072,16947
20072,16948
20072,16949
20072,16950
20072,16951
20072,16952
20072,16953
20072,16954
20072,16955
20072,16956
20072,16957
20072,16958
20072,16959
20072,16960
20072,16961
20072,16962
20072,16963
20072,16964
20072,16965
20072,16966
20072,16967
20072,16968
20072,16969
20072,16970
20072,16971
20072,16972
20072,16973
20072,16974
20072,16975
20072,16976
20072,16977
20072,16978
20072,16979
20072,16980
20072,16981
20072,16982
20072,16983
20072,16984
20072,16985
20072,16986
20072,16987
20072,16988
20072,16989
20072,16990
20072,16991
20072,16992
20072,16993
20072,16994
20072,16995
20072,16996
20072,16997
20072,16998
20072,16999
20072,17000
20072,17001
20072,17002
20072,17003
20072,17004
20072,17005
20072,17006
20072,17007
20072,17008
20072,17009
20072,17010
20072,17011
20072,17012
20072,17013
20072,17014
20072,17015
20073,16772
20073,16773
20073,16774
20073,16775
20073,16776
20073,16777
20073,16778
20073,16779
20073,16780
20073,16781
20073,16782
20073,16783
20073,16784
20073,16785
20073,16786
20073,16787
20073,16788
20073,16789
20073,16790
20073,16791
20073,16792
20073,16793
20073,16794
20073,16795
20073,16796
20073,16797
20073,16798
20073,16799
20073,16800
20073,16801
20073,16802
20073,16803
20073,16804
20073,16805
20073,16806
20073,16807
20073,16808
20073,16809
20073,16810
20073,16811
20073,16812
20073,16813
20073,16814
20073,16815
20073,16816
20073,16817
20073,16818
20073,16819
20073,16820
20073,16821
20073,16822
20073,16823
20073,16824
20073,16825
20073,16826
20073,16827
20073,16828
20073,16829
20073,16830
20073,16831
20073,16832
20073,16833
20073,16834
20073,16835
20073,16836
20073,16837
20073,16838
20073,16839
20073,16840
20073,16841
20073,16842
20073,16843
20073,16844
20073,16845
20073,16846
20073,16847
20073,16848
20073,16849
20073,16850
20073,16851
20073,16852
20073,16853
20073,16854
20073,16855
20073,16856
20073,16857
20073,16858
20073,16859
20073,16860
20073,16861
20073,16862
20073,16863
20073,16864
20073,16865
20073,16866
20073,16867
20073,16868
20073,16869
20073,16870
20073,16871
20073,16872
20073,16873
20073,16874
20073,16875
20073,16876
20073,16877
20073,16878
20073,16879
20073,16880
20073,16881
20073,16882
20073,16883
20073,16884
20073,16885
20073,16886
20073,16887
20073,16888
20073,16889
20073,16890
20073,16891
20073,16892
20073,16893
20073,16894
20073,16895
20073,16896
20073,16897
20073,16898
20073,16899
20073,16900
20073,16901
20073,16902
20073,16903
20073,16904
20073,16905
20073,16906
20073,16907
20073,16908
20073,16909
20073,16910
20073,16911
20073,16912
20073,16913
20073,16914
20073,16915
20073,16916
20073,16917
20073,16918
20073,16919
20073,16920
20073,16921
20073,16922
20073,16923
20073,16924
20073,16925
20073,16926
20073,16927
20073,16928
20073,16929
20073,16930
20073,16931
20073,16932
20073,16933
20073,16934
20073,16935
20073,16936
20073,16937
20073,16938
20073,16939
20073,16940
20073,16941
20073,16942
20073,16943
20073,16944
20073,16945
20073,16946
20073,16947
20073,16948
20073,16949
20073,16950
20073,16951
20073,16952
20073,16953
20073,16954
20073,16955
20073,16956
20073,16957
20073,16958
20073,16959
20073,16960
20073,16961
20073,16962
20073,16963
20073,16964
20073,16965
20073,16966
20073,16967
20073,16968
20073,16969
20073,16970
20073,16971
20073,16972
20073,16973
20073,16974
20073,16975
20073,16976
20073,16977
20073,16978
20073,16979
20073,16980
20073,16981
20073,16982
20073,16983
20073,16984
20073,16985
20073,16986
20073,16987
20073,16988
20073,16989
20073,16990
20073,16991
20073,16992
20073,16993
20073,16994
20073,16995
20073,16996
20073,16997
20073,16998
20073,16999
20073,17000
20073,17001
20073,17002
20073,17003
20073,17004
20073,17005
20073,17006
20073,17007
20073,17008
20073,17009
20073,17010
20073,17011
20073,17012
20073,17013
20073,17014
20074,16772
20074,16773
20074,16774
20074,16775
20074,16776
20074,16777
20074,16778
20074,16779
20074,16780
20074,16781
20074,16782
20074,16783
20074,16784
20074,16785
20074,16786
20074,16787
20074,16788
20074,16789
20074,16790
20074,16791
20074,16792
20074,16793
20074,16794
20074,16795
20074,16796
20074,16797
20074,16798
20074,16799
20074,16800
20074,16801
20074,16802
20074,16803
20074,16804
20074,16805
20074,16806
20074,16807
20074,16808
20074,16809
20074,16810
20074,16811
20074,16812
20074,16813
20074,16814
20074,16815
20074,16816
20074,16817
20074,16818
20074,16819
20074,16820
20074,16821
20074,16822
20074,16823
20074,16824
20074,16825
20074,16826
20074,16827
20074,16828
20074,16829
20074,16830
20074,16831
20074,16832
20074,16833
20074,16834
20074,16835
20074,16836
20074,16837
20074,16838
20074,16839
20074,16840
20074,16841
20074,16842
20074,16843
20074,16844
20074,16845
20074,16846
20074,16847
20074,16848
20074,16849
20074,16850
20074,16851
20074,16852
20074,16853
20074,16854
20074,16855
20074,16856
20074,16857
20074,16858
20074,16859
20074,16860
20074,16861
20074,16862
20074,16863
20074,16864
20074,16865
20074,16866
20074,16867
20074,16868
20074,16869
20074,16870
20074,16871
20074,16872
20074,16873
20074,16874
20074,16875
20074,16876
20074,16877
20074,16878
20074,16879
20074,16880
20074,16881
20074,16882
20074,16883
20074,16884
20074,16885
20074,16886
20074,16887
20074,16888
20074,16889
20074,16890
20074,16891
20074,16892
20074,16893
20074,16894
20074,16895
20074,16896
20074,16897
20074,16898
20074,16899
20074,16900
20074,16901
20074,16902
20074,16903
20074,16904
20074,16905
20074,16906
20074,16907
20074,16908
20074,16909
20074,16910
20074,16911
20074,16912
20074,16913
20074,16914
20074,16915
20074,16916
20074,16917
20074,16918
20074,16919
20074,16920
20074,16921
20074,16922
20074,16923
20074,16924
20074,16925
20074,16926
20074,16927
20074,16928
20074,16929
20074,16930
20074,16931
20074,16932
20074,16933
20074,16934
20074,16935
20074,16936
20074,16937
20074,16938
20074,16939
20074,16940
20074,16941
20074,16942
20074,16943
20074,16944
20074,16945
20074,16946
20074,16947
20074,16948
20074,16949
20074,16950
20074,16951
20074,16952
20074,16953
20074,16954
20074,16955
20074,16956
20074,16957
20074,16958
20074,16959
20074,16960
20074,16961
20074,16962
20074,16963
20074,16964
20074,16965
20074,16966
20074,16967
20074,16968
20074,16969
20074,16970
20074,16971
20074,16972
20074,16973
20074,16974
20074,16975
20074,16976
20074,16977
20074,16978
20074,16979
20074,16980
20074,16981
20074,16982
20074,16983
20074,16984
20074,16985
20074,16986
20074,16987
20074,16988
20074,16989
20074,16990
20074,16991
20074,16992
20074,16993
20074,16994
20074,16995
20074,16996
20074,16997
20074,16998
20074,16999
20074,17000
20074,17001
20074,17002
20074,17003
20074,17004
20074,17005
20074,17006
20074,17007
20074,17008
20074,17009
20074,17010
20074,17011
20074,17012
20074,17013
20075,16772
20075,16773
20075,16774
20075,16775
20075,16776
20075,16777
20075,16778
20075,16779
20075,16780
20075,16781
20075,16782
20075,16783
20075,16784
20075,16785
20075,16786
20075,16787
20075,16788
20075,16789
20075,16790
20075,16791
20075,16792
20075,16793
20075,16794
20075,16795
20075,16796
20075,16797
20075,16798
20075,16799
20075,16800
20075,16801
20075,16802
20075,16803
20075,16804
20075,16805
20075,16806
20075,16807
20075,16808
20075,16809
20075,16810
20075,16811
20075,16812
20075,16813
20075,16814
20075,16815
20075,16816
20075,16817
20075,16818
20075,16819
20075,16820
20075,16821
20075,16822
20075,16823
20075,16824
20075,16825
20075,16826
20075,16827
20075,16828
20075,16829
20075,16830
20075,16831
20075,16832
20075,16833
20075,16834
20075,16835
20075,16836
20075,16837
20075,16838
20075,16839
20075,16840
20075,16841
20075,16842
20075,16843
20075,16844
20075,16845
20075,16846
20075,16847
20075,16848
20075,16849
20075,16850
20075,16851
20075,16852
20075,16853
20075,16854
20075,16855
20075,16856
20075,16857
20075,16858
20075,16859
20075,16860
20075,16861
20075,16862
20075,16863
20075,16864
20075,16865
20075,16866
20075,16867
20075,16868
20075,16869
20075,16870
20075,16871
20075,16872
20075,16873
20075,16874
20075,16875
20075,16876
20075,16877
20075,16878
20075,16879
20075,16880
20075,16881
20075,16882
20075,16883
20075,16884
20075,16885
20075,16886
20075,16887
20075,16888
20075,16889
20075,16890
20075,16891
20075,16892
20075,16893
20075,16894
20075,16895
20075,16896
20075,16897
20075,16898
20075,16899
20075,16900
20075,16901
20075,16902
20075,16903
20075,16904
20075,16905
20075,16906
20075,16907
20075,16908
20075,16909
20075,16910
20075,16911
20075,16912
20075,16913
20075,16914
20075,16915
20075,16916
20075,16917
20075,16918
20075,16919
20075,16920
20075,16921
20075,16922
20075,16923
20075,16924
20075,16925
20075,16926
20075,16927
20075,16928
20075,16929
20075,16930
20075,16931
20075,16932
20075,16933
20075,16934
20075,16935
20075,16936
20075,16937
20075,16938
20075,16939
20075,16940
20075,16941
20075,16942
20075,16943
20075,16944
20075,16945
20075,16946
20075,16947
20075,16948
20075,16949
20075,16950
20075,16951
20075,16952
20075,16953
20075,16954
20075,16955
20075,16956
20075,16957
20075,16958
20075,16959
20075,16960
20075,16961
20075,16962
20075,16963
20075,16964
20075,16965
20075,16966
20075,16967
20075,16968
20075,16969
20075,16970
20075,16971
20075,16972
20075,16973
20075,16974
20075,16975
20075,16976
20075,16977
20075,16978
20075,16979
20075,16980
20075,16981
20075,16982
20075,16983
20075,16984
20075,16985
20075,16986
20075,16987
20075,16988
20075,16989
20075,16990
20075,16991
20075,16992
20075,16993
20075,16994
20075,16995
20075,16996
20075,16997
20075,16998
20075,16999
20075,17000
20075,17001
20075,17002
20075,17003
20075,17004
20075,17005
20075,17006
20075,17007
20075,17008
20075,17009
20075,17010
20075,17011
20075,17012
20075,17013
20076,16771
20076,16772
20076,16773
20076,16774
20076,16775
20076,16776
20076,16777
20076,16778
20076,16779
20076,16780
20076,16781
20076,16782
20076,16783
20076,16784
20076,16785
20076,16786
20076,16787
20076,16788
20076,16789
20076,16790
20076,16791
20076,16792
20076,16793
20076,16794
20076,16795
20076,16796
20076,16797
20076,16798
20076,16799
20076,16800
20076,16801
20076,16802
20076,16803
20076,16804
20076,16805
20076,16806
20076,16807
20076,16808
20076,16809
20076,16810
20076,16811
20076,16812
20076,16813
20076,16814
20076,16815
20076,16816
20076,16817
20076,16818
20076,16819
20076,16820
20076,16821
20076,16822
20076,16823
20076,16824
20076,16825
20076,16826
20076,16827
20076,16828
20076,16829
20076,16830
20076,16831
20076,16832
20076,16833
20076,16834
20076,16835
20076,16836
20076,16837
20076,16838
20076,16839
20076,16840
20076,16841
20076,16842
20076,16843
20076,16844
20076,16845
20076,16846
20076,16847
20076,16848
20076,16849
20076,16850
20076,16851
20076,16852
20076,16853
20076,16854
20076,16855
20076,16856
20076,16857
20076,16858
20076,16859
20076,16860
20076,16861
20076,16862
20076,16863
20076,16864
20076,16865
20076,16866
20076,16867
20076,16868
20076,16869
20076,16870
20076,16871
20076,16872
20076,16873
20076,16874
20076,16875
20076,16876
20076,16877
20076,16878
20076,16879
20076,16880
20076,16881
20076,16882
20076,16883
20076,16884
20076,16885
20076,16886
20076,16887
20076,16888
20076,16889
20076,16890
20076,16891
20076,16892
20076,16893
20076,16894
20076,16895
20076,16896
20076,16897
20076,16898
20076,16899
20076,16900
20076,16901
20076,16902
20076,16903
20076,16904
20076,16905
20076,16906
20076,16907
20076,16908
20076,16909
20076,16910
20076,16911
20076,16912
20076,16913
20076,16914
20076,16915
20076,16916
20076,16917
20076,16918
20076,16919
20076,16920
20076,16921
20076,16922
20076,16923
20076,16924
20076,16925
20076,16926
20076,16927
20076,16928
20076,16929
20076,16930
20076,16931
20076,16932
20076,16933
20076,16934
20076,16935
20076,16936
20076,16937
20076,16938
20076,16939
20076,16940
20076,16941
20076,16942
20076,16943
20076,16944
20076,16945
20076,16946
20076,16947
20076,16948
20076,16949
20076,16950
20076,16951
20076,16952
20076,16953
20076,16954
20076,16955
20076,16956
20076,16957
20076,16958
20076,16959
20076,16960
20076,16961
20076,16962
20076,16963
20076,16964
20076,16965
20076,16966
20076,16967
20076,16968
20076,16969
20076,16970
20076,16971
20076,16972
20076,16973
20076,16974
20076,16975
20076,16976
20076,16977
20076,16978
20076,16979
20076,16980
20076,16981
20076,16982
20076,16983
20076,16984
20076,16985
20076,16986
20076,16987
20076,16988
20076,16989
20076,16990
20076,16991
20076,16992
20076,16993
20076,16994
20076,16995
20076,16996
20076,16997
20076,16998
20076,16999
20076,17000
20076,17001
20076,17002
20076,17003
20076,17004
20076,17005
20076,17006
20076,17007
20076,17008
20076,17009
20076,17010
20076,17011
20076,17012
20077,16770
20077,16771
20077,16772
20077,16773
20077,16774
20077,16775
20077,16776
20077,16777
20077,16778
20077,16779
20077,16780
20077,16781
20077,16782
20077,16783
20077,16784
20077,16785
20077,16786
20077,16787
20077,16788
20077,16789
20077,16790
20077,16791
20077,16792
20077,16793
20077,16794
20077,16795
20077,16796
20077,16797
20077,16798
20077,16799
20077,16800
20077,16801
20077,16802
20077,16803
20077,16804
20077,16805
20077,16806
20077,16807
20077,16808
20077,16809
20077,16810
20077,16811
20077,16812
20077,16813
20077,16814
20077,16815
20077,16816
20077,16817
20077,16818
20077,16819
20077,16820
20077,16821
20077,16822
20077,16823
20077,16824
20077,16825
20077,16826
20077,16827
20077,16828
20077,16829
20077,16830
20077,16831
20077,16832
20077,16833
20077,16834
20077,16835
20077,16836
20077,16837
20077,16838
20077,16839
20077,16840
20077,16841
20077,16842
20077,16843
20077,16844
20077,16845
20077,16846
20077,16847
20077,16848
20077,16849
20077,16850
20077,16851
20077,16852
20077,16853
20077,16854
20077,16855
20077,16856
20077,16857
20077,16858
20077,16859
20077,16860
20077,16861
20077,16862
20077,16863
20077,16864
20077,16865
20077,16866
20077,16867
20077,16868
20077,16869
20077,16870
20077,16871
20077,16872
20077,16873
20077,16874
20077,16875
20077,16876
20077,16877
20077,16878
20077,16879
20077,16880
20077,16881
20077,16882
20077,16883
20077,16884
20077,16885
20077,16886
20077,16887
20077,16888
20077,16889
20077,16890
20077,16891
20077,16892
20077,16893
20077,16894
20077,16895
20077,16896
20077,16897
20077,16898
20077,16899
20077,16900
20077,16901
20077,16902
20077,16903
20077,16904
20077,16905
20077,16906
20077,16907
20077,16908
20077,16909
20077,16910
20077,16911
20077,16912
20077,16913
20077,16914
20077,16915
20077,16916
20077,16917
20077,16918
20077,16919
20077,16920
20077,16921
20077,16922
20077,16923
20077,16924
20077,16925
20077,16926
20077,16927
20077,16928
20077,16929
20077,16930
20077,16931
20077,16932
20077,16933
20077,16934
20077,16935
20077,16936
20077,16937
20077,16938
20077,16939
20077,16940
20077,16941
20077,16