"X","Y"
8294,12073
8291,12035
8266,11948
8263,12050
8318,11958
8241,11958
8325,11958
8290,12069
8280,11933
8314,12001
8231,11986
8206,12000
8261,11931
8187,11964
8212,11895
8267,11972
8242,11982
8291,11999
8254,11905
8198,11890
8303,12052
8278,12046
8219,11947
8182,11910
8213,11921
8231,12054
8302,12072
8243,11986
8277,12058
8316,12065
8288,11964
8279,11946
8189,11892
8183,12002
8216,11918
8269,11964
8340,11996
8207,11908
8244,11954
8259,12036
8228,12005
8203,12029
8237,11889
8274,12029
8292,12012
8271,12040
8327,12019
8360,12028
8162,11960
8193,11979
8316,12005
8217,12018
8229,11907
8337,11973
8204,11931
8238,11955
8253,12042
8194,11949
8336,11994
8299,12014
8172,11914
8218,11986
8252,12050
8178,11897
8227,12032
8168,11977
8215,11925
8323,11955
8248,12001
8338,12063
8242,12033
8239,11985
8211,11994
8335,12000
8337,12033
8173,12006
8275,12003
8210,12042
8299,12074
8169,11951
8324,12049
8249,12039
8206,11887
8166,11994
8273,11918
8212,12026
8320,11968
8248,12061
8301,12013
8338,12003
8190,11939
8221,11892
8239,12053
8344,12025
8180,11913
8155,11913
8254,12044
8352,12039
8296,11977
8247,11942
8249,11971
8302,11959
8321,12064
8191,11969
8224,11963
8277,11951
8345,11999
8181,12023
8320,12044
8217,12035
8177,11912
8350,12053
8297,11951
8170,11981
8201,12022
8250,12005
8176,12015
8225,11997
8349,12015
8321,12012
8222,12040
8237,12006
8345,12059
8171,11943
8202,11934
8165,11941
8196,11880
8226,12023
8322,11972
8229,12040
8263,11956
8204,12046
8256,11918
8346,12032
8343,12061
8287,11983
8262,11991
8172,11901
8200,12058
8252,11941
8358,12036
8286,12065
8178,12012
8227,11917
8333,12046
8233,11966
8301,12062
8208,11960
8257,12002
8272,11941
8306,11993
8245,12023
8281,11929
8220,12015
8254,11903
8328,12029
8179,11956
8210,11905
8188,11966
8197,12044
8339,12046
8307,11979
8212,12045
8246,11993
8282,12027
8221,11977
8255,11909
8329,12035
8310,11984
8270,11974
8189,11994
8235,12010
8308,12073
8265,11987
8283,11932
8258,11910
8271,11938
8289,11962
8307,12039
8181,11900
8193,12049
8264,11956
8329,11999
8236,11978
8297,12052
8199,12038
8195,12021
8232,11913
8229,11897
8322,12055
8284,12020
8223,11929
8204,11901
8259,12026
8343,11986
8290,11994
8308,12013
8163,11938
8355,12013
8330,12025
8304,12052
8354,12014
8295,12002
8196,11987
8230,11915
8285,11988
8174,11992
8205,11931
8260,11994
8294,12034
8186,12017
8199,11978
8309,11979
8266,11913
8263,12073
8241,11913
8290,12062
8305,11956
8160,11921
8151,11905
8314,11978
8286,11948
8261,11942
8187,11923
8267,11995
8257,11903
8272,12048
8315,12006
8254,12010
8185,11950
8198,11927
8303,12019
8210,11892
8334,12061
8278,12003
8219,11982
8182,11963
8234,11917
8268,12025
8302,12045
8209,11925
8243,12025
8277,12037
8316,12062
8315,12066
8189,11887
8235,11879
8216,11955
8269,11927
8284,12043
8207,11939
8244,11999
8228,11970
8203,11984
8240,11942
8292,11977
8162,11925
8193,12014
8298,11951
8316,11970
8312,12049
8309,12060
8229,12014
8337,11992
8204,12016
8238,11924
8253,12005
8194,11974
8336,12031
8317,12030
8172,11943
8218,12031
8252,12047
8150,11902
8313,11959
8215,11888
8267,12040
8248,11974
8242,12058
8294,11961
8211,11969
8337,12068
8275,11974
8325,11974
8305,12065
8280,12045
8188,12032
8169,11954
8231,11938
8206,11920
8273,11937
8212,12007
8320,12005
8248,12034
8338,12028
8190,11908
8221,11887
8276,12014
8180,11958
8155,11948
8254,12049
8235,12052
8158,11929
8296,12014
8167,11989
8249,11942
8224,11920
8277,11914
8320,12065
8288,12076
8177,12003
8192,11909
8279,12058
8297,11954
8170,11990
8201,11993
8183,11922
8214,11939
8250,11982
8176,11972
8349,12042
8247,12033
8237,11905
8274,11917
8193,11899
8171,11962
8202,12027
8165,11904
8196,11893
8251,12002
8226,11984
8199,11884
8322,12001
8229,12051
8263,11987
8275,12055
8256,11939
8287,12010
8262,12008
8252,11906
8178,11977
8227,11920
8333,12009
8187,11901
8323,11971
8332,12051
8272,11962
8306,11954
8245,11922
8281,11964
8220,11908
8328,11970
8346,12001
8179,11995
8210,11930
8188,11931
8200,11963
8197,12055
8268,12067
8243,12051
8166,11946
8307,12014
8246,12018
8282,12004
8221,12004
8310,12021
8270,12011
8353,12013
8328,12062
8235,11905
8250,12049
8225,12033
8148,11916
8247,11990
8283,11955
8222,11996
8258,11939
8271,11977
8289,11933
8307,12074
8264,11929
8354,12039
8156,11935
8255,12068
8326,12060
8236,12007
8195,11928
8232,11950
8176,11903
8223,11940
8163,11913
8355,12016
8330,11970
8218,12053
8304,12009
8175,11998
8351,12047
8295,12025
8202,11886
8196,12024
8251,11903
8285,11983
8319,12063
8208,12044
8226,11879
8260,12007
8186,11994
8199,12001
8309,12022
8266,11922
8241,11884
8331,12014
8280,11943
8314,11959
8184,12015
8197,11992
8286,11953
8261,11969
8187,12022
8233,11982
8208,11976
8257,11922
8347,12048
8315,11997
8220,12063
8254,11983
8185,11921
8198,11944
8303,11998
8334,12038
8278,11972
8219,12005
8234,11926
8268,11990
8209,11944
8243,11932
8341,12046
8288,12022
8159,11933
8279,12028
8315,12057
8235,11898
8269,12018
8284,12064
8244,11972
8213,12059
8228,11951
8265,11939
8203,11959
8240,11963
8292,11990
8162,11918
8193,11905
8316,11967
8312,12022
8309,12039
8195,12037
8229,11977
8337,12019
8204,11981
8259,11914
8293,12018
8253,11968
8194,12003
8317,11993
8172,11964
8218,11928
8298,12044
8215,11887
8205,12011
8211,11940
8318,12011
8325,12001
8305,12036
8169,11989
8184,11898
8231,11961
8206,11957
8212,11980
8267,11947
8242,11963
8276,11979
8310,12051
8300,11964
8158,11938
8296,12019
8167,11952
8219,11902
8213,12012
8249,11913
8302,12029
8224,11893
8277,12021
8292,12037
8345,12005
8273,12032
8326,11962
8288,12033
8177,11974
8192,11962
8297,11989
8201,11964
8183,11913
8214,11908
8176,11993
8207,11987
8321,11962
8317,12074
8237,11932
8274,11942
8171,11985
8202,11972
8217,11909
8251,11993
8285,12053
8226,11981
8260,12057
8263,12014
8287,12017
8194,11894
8262,11917
8218,11887
8252,12031
8358,12018
8178,11938
8227,12023
8333,11972
8153,11916
8313,12071
8168,11902
8215,12000
8323,12006
8248,11958
8208,11890
8239,11948
8272,11999
8245,11965
8281,11943
8173,11921
8220,11937
8275,11958
8256,12036
8210,11959
8334,11996
8200,11904
8324,11982
8166,11919
8347,12006
8310,12014
8270,11916
8235,11940
8213,11889
8247,11981
8191,11964
8222,12001
8348,11998
8311,11978
8271,12020
8181,11906
8255,12035
8236,12028
8353,12044
8195,11967
8232,11955
8250,11966
8223,11971
8225,11936
8293,12072
8308,11959
8237,12049
8304,11982
8175,11973
8295,11988
8233,12053
8285,12010
8260,11916
8186,11975
8199,12028
8232,12047
8356,12029
8223,12039
8331,11973
8256,11987
8305,12002
8280,11980
8184,11988
8197,12003
8252,11890
8286,11994
8261,12012
8187,12013
8233,11985
8230,12045
8208,12013
8205,12053
8332,12003
8276,12077
8257,11957
8245,12034
8254,11984
8185,12020
8198,11981
8303,11973
8278,11961
8219,12056
8234,11955
8268,11955
8209,11971
8243,11907
8282,11924
8221,11924
8255,12016
8270,12059
8341,12009
8288,12011
8159,11960
8279,11995
8189,11941
8201,12058
8198,12041
8216,11901
8269,11981
8340,12035
8207,11893
8244,12001
8213,12038
8228,11956
8265,11910
8355,12036
8222,11884
8203,11914
8240,11920
8258,11987
8330,12062
8193,11940
8264,12009
8236,11895
8251,12067
8226,12051
8312,11995
8309,12066
8229,11988
8259,11921
8293,11997
8253,11963
8290,11943
8327,12036
8218,11909
8298,12073
8313,12029
8168,11928
8196,11912
8323,12032
8230,12028
8319,12015
8174,11949
8205,11974
8294,12023
8362,12023
8211,11915
8266,12002
8318,11980
8241,12028
8238,12062
8305,12063
8200,11898
8197,11880
8231,11924
8206,11998
8267,11918
8190,11890
8242,11924
8276,11952
8335,12053
8216,12044
8296,11928
8167,11919
8219,11925
8182,11980
8213,11991
8339,12014
8302,12006
8206,12058
8224,11882
8277,11984
8273,12059
8326,11999
8177,11993
8192,11999
8350,12004
8297,12024
8170,11932
8201,11911
8183,11940
8214,12025
8216,11976
8176,11966
8207,12030
8244,11892
8317,12037
8203,12039
8237,11959
8274,11971
8292,11942
8342,12054
8144,11907
8298,11992
8215,12059
8217,11944
8251,11964
8226,11942
8260,12070
8238,12009
8287,11932
8194,11923
8262,11942
8172,11980
8274,12039
8252,11988
8178,11967
8227,11994
8333,11999
8313,12042
8215,11999
8230,11883
8248,11931
8205,11899
8239,11915
8272,12020
8211,12052
8335,11994
8300,12040
8173,11948
8275,11933
8359,12013
8179,12005
8334,11969
8200,12005
8234,11881
8324,12011
8268,12053
8209,11881
8166,12000
8273,11988
8212,11964
8301,11955
8190,12025
8270,11953
8146,11907
8306,12076
8180,11971
8300,11980
8281,12038
8235,11963
8296,12035
8247,12008
8249,12025
8191,11931
8222,11914
8224,12005
8258,11897
8311,12001
8348,12027
8181,11949
8236,12057
8214,11892
8232,11992
8250,11931
8223,12014
8225,11931
8289,12055
8175,11936
8264,12063
8295,11955
8150,11922
8260,11945
8186,11936
8199,11931
8232,12052
8318,12074
8223,12066
8331,11992
8238,11892
8256,11976
8287,12033
8305,11973
8262,12061
8280,12017
8184,11961
8197,11918
8286,12031
8261,12023
8187,11968
8233,12020
8208,11906
8242,11898
8332,12024
8276,12042
8257,11944
8281,11991
8220,11985
8328,11959
8185,11999
8198,12006
8158,11901
8210,11975
8278,11922
8188,12000
8234,11996
8268,11912
8283,12058
8209,12006
8243,11942
8258,12040
8246,11911
8282,11953
8221,11919
8255,11999
8257,12052
8341,11988
8288,11968
8161,11948
8192,11897
8189,11904
8269,12072
8244,12046
8247,11901
8228,11921
8265,12009
8283,11974
8191,12044
8222,11889
8240,12021
8258,11980
8342,12028
8289,12000
8264,11982
8236,11916
8251,12038
8226,12044
8149,11911
8312,11968
8195,11983
8266,12043
8284,11966
8241,12043
8259,11956
8293,11960
8253,11926
8265,12069
8330,11967
8327,12067
8218,11950
8295,12068
8313,12000
8168,11965
8196,11925
8323,12071
8230,11985
8319,11978
8174,11926
8205,11937
8294,11976
8291,12064
8164,11908
8211,11886
8266,11983
8318,11985
8241,11991
8238,12035
8336,12042
8197,11891
8234,12047
8231,12019
8157,11928
8209,12055
8206,11971
8261,11900
8267,12005
8242,12017
8276,11933
8310,12073
8291,12028
8254,11936
8278,12073
8296,11965
8188,11899
8219,11912
8182,12001
8213,11954
8339,11989
8302,11979
8191,11901
8246,12050
8221,12036
8326,12016
8344,12041
8192,12020
8170,11961
8183,11971
8214,11986
8216,12013
8250,11889
8340,12019
8176,11923
8207,12005
8244,11921
8228,12036
8203,12058
8327,11984
8274,11996
8342,12043
8193,11988
8351,12011
8298,12005
8202,12042
8217,11987
8251,11923
8285,12075
8226,11907
8214,12062
8229,11940
8204,11962
8331,12034
8238,11986
8253,12075
8287,11963
8194,11916
8262,11963
8299,11983
8172,12009
8274,12064
8178,11928
8227,12065
8333,11962
8215,11962
8196,12056
8248,11904
8242,12064
8239,12022
8211,12027
8335,11969
8300,12069
8173,11975
8220,11899
8325,12060
8334,12010
8299,12043
8169,11912
8200,11978
8234,11890
8324,12016
8249,12064
8224,12062
8166,11973
8273,12015
8212,11929
8301,11982
8190,11970
8344,11992
8306,12041
8180,12008
8192,12035
8300,12009
8281,12073
8155,11926
8296,12072
8247,11911
8249,11996
8321,12033
8191,12006
8222,11951
8224,11994
8311,12060
8181,11976
8217,12060
8177,11945
8152,11909
8214,11881
8195,11881
8232,12029
8250,11908
8223,12021
8225,12030
8349,12016
8293,12062
8321,11981
8237,11975
8289,12042
8304,11960
8175,11919
8171,11908
8202,11953
8285,11936
8260,11958
8186,11917
8199,11958
8263,11925
8318,12047
8331,11967
8256,12013
8287,12076
8305,11992
8184,11934
8197,11945
8286,12032
8227,11946
8261,12050
8233,11935
8208,11943
8332,11989
8239,11899
8257,11971
8306,12024
8245,11976
8281,12026
8220,11982
8185,11970
8198,12027
8179,11925
8210,12000
8352,12021
8154,11905
8314,12058
8188,11997
8234,12025
8209,12025
8258,12069
8246,11960
8282,11994
8221,11946
8255,11962
8257,12047
8270,12065
8161,11911
8189,12027
8235,11979
8269,12035
8308,12040
8228,11902
8265,11980
8283,12029
8240,11978
8258,12009
8342,11985
8289,11995
8264,11987
8282,12062
8329,12024
8236,11945
8217,11881
8195,11986
8232,11880
8266,12052
8284,11995
8223,11902
8259,11995
8343,12019
8290,12029
8308,11980
8265,12040
8240,12054
8354,12017
8295,12035
8313,11979
8196,11954
8230,11946
8319,11985
8205,11964
8294,12077
8291,12039
8164,12001
8266,11944
8263,12046
8318,11962
8241,11946
8256,11896
8325,11954
8290,12065
8160,11952
8314,12013
8231,11982
8206,12004
8261,11911
8187,11952
8212,11891
8267,12024
8242,11978
8291,11971
8254,11909
8198,11894
8303,12048
8278,12034
8219,11951
8182,11930
8213,11933
8231,12050
8302,12076
8243,11990
8277,12070
8288,11952
8192,12009
8279,11942
8189,11888
8216,11922
8269,11960
8340,11992
8207,11904
8244,11966
8259,12040
8228,12001
8203,12017
8237,11885
8274,12025
8292,12008
8271,12052
8327,12015
8162,11956
8193,11983
8351,12022
8316,12001
8202,12055
8217,12022
8229,11919
8204,11927
8331,12057
8238,11959
8253,12038
8194,11945
8336,11998
8299,12002
8172,11910
8218,11998
8227,12036
8153,11901
8168,11981
8215,11921
8323,11959
8267,12073
8248,12005
8338,12059
8239,11997
8211,11998
8245,11886
8335,12012
8337,12037
8173,12002
8275,12007
8325,12071
8210,12038
8169,11923
8324,12061
8249,12043
8206,11891
8166,11998
8212,11910
8320,11972
8248,12065
8301,12009
8338,11999
8190,11943
8221,11888
8239,12049
8344,12029
8180,11925
8155,11917
8296,11981
8247,11938
8249,11975
8302,11963
8321,12068
8191,11981
8222,11952
8224,11967
8277,11947
8320,12032
8217,12039
8177,11916
8170,11977
8201,12026
8250,12001
8176,12003
8225,11985
8349,12011
8321,12000
8222,12044
8237,12002
8171,11931
8202,11930
8165,11937
8226,12019
8186,11894
8322,11968
8263,11952
8318,12048
8204,12042
8256,11906
8346,12044
8343,12057
8287,11979
8262,11979
8184,11907
8197,11956
8252,11937
8286,12069
8178,12008
8227,11953
8333,12042
8233,11938
8248,11888
8301,12058
8208,11964
8257,12006
8272,11929
8306,11989
8245,12019
8281,11933
8220,12011
8328,12001
8179,11960
8210,12029
8352,12010
8314,12039
8188,11962
8197,12040
8339,12050
8307,11983
8212,12041
8246,11997
8282,11975
8221,11973
8255,11905
8257,12066
8310,11988
8329,12039
8270,11978
8189,11990
8235,12014
8269,12062
8225,12066
8265,11991
8283,11920
8258,11906
8271,11950
8289,11966
8307,12043
8181,11896
8264,11960
8156,11902
8329,11971
8236,11974
8297,12056
8199,12034
8201,11879
8195,12025
8232,11917
8322,12051
8284,12016
8223,11909
8204,11897
8259,12030
8343,12014
8290,11990
8308,12009
8163,11942
8265,12051
8330,12005
8304,12040
8354,12010
8295,12062
8196,11999
8230,11919
8285,11984
8174,11996
8205,11927
8260,11974
8294,12038
8186,12029
8199,11974
8309,11991
8164,11982
8266,11957
8263,12069
8241,11917
8290,12058
8160,11925
8314,11990
8157,11950
8261,11938
8187,11927
8267,11999
8291,11942
8272,12052
8315,12026
8254,12014
8185,11954
8198,11915
8303,12031
8210,11888
8278,12007
8219,11970
8182,11967
8234,11913
8268,12021
8302,12049
8209,11913
8243,12029
8277,12033
8246,12072
8316,12058
8288,11925
8279,11933
8315,12070
8189,11883
8216,11959
8269,11923
8284,12039
8207,11951
8244,11995
8228,11982
8203,11988
8292,12021
8162,11921
8193,12002
8298,11947
8316,11998
8312,12053
8309,12056
8229,12010
8337,11996
8204,12012
8238,11928
8253,12001
8194,11970
8336,12019
8299,12025
8317,12026
8172,11939
8218,12027
8252,12043
8313,11963
8168,11986
8215,11916
8267,12044
8248,11978
8242,12054
8294,11965
8211,11973
8337,12056
8275,11978
8325,11970
8305,12069
8280,12049
8169,11958
8206,11924
8273,11941
8212,12003
8246,11899
8248,12038
8320,12025
8338,12024
8190,11912
8221,11883
8276,12010
8344,12002
8180,11954
8155,11936
8254,12053
8235,12040
8158,11933
8296,11986
8167,11985
8249,11946
8224,11924
8277,11926
8292,12068
8320,12069
8288,12064
8177,12007
8192,11929
8279,12054
8297,11958
8170,11986
8201,11997
8214,11943
8250,11978
8349,12038
8247,12061
8222,12049
8237,12029
8274,11913
8345,12034
8193,11903
8171,11966
8202,12007
8165,11916
8196,11889
8251,12006
8226,12012
8199,11880
8322,12029
8229,12063
8263,11983
8275,12059
8256,11943
8287,11990
8262,12012
8252,11934
8178,11973
8227,11924
8333,12005
8187,11889
8323,11975
8332,12047
8272,11966
8245,11934
8220,11904
8328,11974
8346,12013
8179,11999
8210,11926
8334,11967
8188,11927
8200,11967
8197,12051
8243,12055
8166,11950
8307,12018
8246,12022
8282,12000
8221,12000
8310,11977
8270,12015
8353,12001
8328,12034
8235,11909
8250,12061
8225,12037
8148,11912
8247,11986
8283,11959
8222,11968
8258,11967
8271,11989
8193,12040
8264,11933
8282,12068
8156,11931
8354,12035
8255,12064
8326,12048
8236,12003
8297,12067
8199,12057
8195,11932
8232,11922
8322,12044
8284,12013
8223,11936
8163,11917
8355,12020
8330,11982
8218,12049
8304,12013
8175,11994
8351,12043
8295,12021
8202,11882
8196,12004
8251,11891
8285,11979
8319,12059
8174,11969
8208,12032
8260,12003
8294,12059
8186,12006
8199,11997
8309,12018
8266,11934
8331,12002
8160,11914
8280,11947
8184,12019
8197,11972
8286,11957
8261,11981
8187,11914
8208,11980
8257,11926
8347,12052
8272,12073
8315,11985
8220,12059
8254,12019
8198,11948
8185,11925
8303,11994
8334,12042
8278,11992
8219,12025
8234,11922
8268,11986
8209,11948
8243,12000
8341,12042
8159,11929
8279,12024
8315,12061
8235,11902
8269,12014
8340,12066
8244,11968
8228,11947
8265,11943
8203,11947
8240,11967
8292,11986
8162,11914
8193,11909
8298,11956
8316,11963
8312,12026
8309,12035
8195,12041
8229,12021
8337,12023
8204,11977
8259,11918
8293,12030
8253,11996
8194,12031
8317,11989
8172,11960
8218,12004
8298,12040
8215,11883
8205,12007
8211,11944
8318,12015
8325,12013
8179,11897
8169,11993
8184,11902
8231,11957
8206,11961
8273,11960
8212,11976
8267,11951
8190,11885
8242,11959
8276,11991
8310,12055
8300,11960
8158,11942
8207,12059
8296,12023
8167,11948
8219,11890
8213,12008
8249,11917
8243,11885
8224,11913
8277,12017
8292,12033
8345,12009
8273,12036
8326,11966
8288,12037
8192,11966
8279,12045
8297,11993
8201,11936
8183,11909
8214,11928
8176,11997
8207,11999
8321,11966
8317,12070
8237,11928
8274,11938
8171,11989
8202,11968
8165,11927
8217,11913
8251,11997
8285,12049
8226,11977
8260,12037
8263,12010
8287,12029
8194,11890
8262,11905
8218,11883
8252,12027
8358,12022
8178,11998
8227,12027
8333,11968
8153,11920
8313,12075
8215,12028
8233,11880
8323,12010
8248,11962
8208,11894
8239,11944
8272,11987
8245,11961
8281,11947
8173,11917
8220,11965
8275,11962
8256,12056
8179,11970
8210,11955
8188,11916
8200,11908
8324,11978
8166,11907
8246,12011
8347,12026
8310,12002
8270,11920
8235,11928
8250,12038
8213,11901
8247,11977
8283,11946
8191,11960
8222,12005
8348,11994
8311,11974
8271,12016
8181,11918
8255,12047
8236,12024
8353,12032
8152,11903
8195,11939
8232,11959
8250,11962
8322,12073
8223,11983
8225,11940
8308,11955
8163,11920
8237,12045
8360,12032
8304,11970
8175,11969
8295,11984
8202,11895
8233,12057
8285,12006
8260,11912
8186,11971
8199,12024
8356,12025
8223,12035
8241,11899
8331,12025
8256,11991
8305,12006
8280,11984
8184,11992
8197,12015
8286,11998
8261,12008
8187,12001
8233,11989
8230,12033
8208,12001
8205,12049
8276,12073
8257,11913
8347,12043
8245,12046
8254,11988
8185,12024
8198,11969
8303,11969
8278,11965
8219,12060
8182,11893
8234,11967
8268,11951
8209,11975
8243,11911
8282,11920
8221,11920
8255,12028
8270,12063
8341,12021
8288,12015
8159,11940
8279,11991
8189,11937
8198,12045
8269,11977
8340,12047
8207,11889
8244,12013
8213,12034
8228,11952
8265,11914
8355,12040
8203,11918
8240,11924
8327,11964
8330,12058
8193,11960
8264,12013
8171,11903
8236,11891
8251,12071
8312,11999
8229,11984
8266,12074
8284,11933
8259,11925
8293,11993
8253,11959
8290,11939
8327,12032
8218,11905
8298,12053
8168,11932
8323,12036
8230,12016
8319,12011
8174,11953
8205,11970
8294,12011
8362,12019
8164,11963
8211,11919
8266,12014
8318,12016
8241,12016
8238,12066
8305,12051
8200,11902
8231,11920
8206,11938
8267,11906
8190,11894
8242,11920
8276,11964
8310,12040
8335,12049
8216,12048
8207,12038
8296,11932
8167,11915
8219,11881
8182,11968
8213,11987
8249,11888
8302,12010
8339,12018
8206,12062
8224,11886
8277,11996
8273,12063
8326,11987
8177,11997
8192,11987
8350,12008
8297,12028
8170,11928
8201,11915
8183,11936
8214,12029
8216,11980
8176,11954
8207,12026
8244,11888
8317,12033
8237,11955
8274,11967
8298,11972
8171,12008
8215,12055
8217,11948
8251,11952
8285,12044
8226,11938
8260,12066
8331,12067
8238,12013
8287,11928
8194,11887
8262,11930
8299,11948
8172,11976
8274,12035
8252,11984
8178,11963
8227,11998
8333,11995
8313,12046
8215,11995
8233,11891
8230,11887
8323,12017
8248,11935
8205,11895
8239,11927
8272,12008
8211,12056
8245,11940
8300,12036
8173,11944
8275,11937
8179,12009
8334,11973
8200,12009
8324,11991
8268,12049
8209,11885
8243,12065
8166,12004
8273,11976
8212,11960
8301,11951
8190,12029
8270,11957
8306,12072
8180,11983
8300,11976
8281,12042
8235,11967
8296,12039
8247,12004
8249,12029
8191,11911
8222,11918
8224,12025
8348,12023
8311,12029
8181,11945
8156,11949
8236,12053
8149,11902
8232,11996
8250,11943
8223,12010
8225,11935
8289,12075
8175,11948
8264,12035
8295,11951
8150,11926
8260,11925
8186,11948
8199,11927
8232,12056
8331,11996
8238,11896
8256,11980
8287,12045
8305,12025
8262,12049
8280,12021
8184,11965
8197,11914
8286,12003
8261,12019
8187,11972
8233,12024
8230,12058
8208,11910
8242,11894
8332,12020
8276,12054
8257,11948
8245,12073
8281,11995
8328,11963
8185,12003
8198,11994
8210,11971
8278,11926
8188,12028
8234,11992
8268,11908
8283,12062
8209,11994
8243,11946
8258,12036
8246,11931
8282,11965
8221,11915
8255,11995
8270,12032
8341,11984
8288,11972
8161,11936
8192,11901
8189,11932
8216,11878
8269,12068
8244,12042
8247,11897
8228,11933
8265,12013
8283,11994
8191,12040
8222,11893
8240,12009
8258,11976
8342,12016
8289,12004
8264,12018
8236,11912
8251,12058
8226,12040
8149,11907
8312,11972
8284,11962
8241,12047
8259,11960
8253,11922
8290,11932
8265,12073
8330,11963
8327,12063
8218,11946
8295,12064
8313,12004
8168,11937
8196,11921
8323,12075
8230,11989
8319,12022
8174,11930
8205,11997
8294,11980
8291,12068
8164,11904
8211,11890
8266,11979
8318,11989
8241,11979
8238,12039
8336,12046
8197,11903
8234,12043
8231,12015
8157,11924
8209,12043
8206,11975
8267,11929
8242,12013
8276,11929
8291,12000
8254,11940
8278,12077
8296,11937
8188,11895
8219,11916
8182,12005
8213,11966
8339,11993
8302,11983
8191,11897
8206,12035
8277,11975
8246,12054
8221,12032
8326,12020
8344,12045
8192,11976
8170,11941
8183,11999
8214,11990
8216,12017
8250,11901
8340,12031
8176,11927
8207,12001
8244,11933
8225,11877
8228,12032
8203,12062
8327,11980
8274,11992
8342,12047
8298,12001
8217,11991
8251,11927
8285,12071
8226,11935
8214,12050
8229,11936
8204,11958
8331,12038
8238,11990
8253,12071
8287,11943
8194,11912
8262,11967
8299,11971
8172,12005
8274,12060
8252,11981
8178,11924
8227,12069
8215,11958
8196,12036
8248,11908
8239,12018
8211,12031
8335,11981
8300,12065
8173,11971
8220,11895
8325,12056
8334,12014
8299,12047
8169,11916
8200,11982
8234,11902
8324,12028
8249,12068
8224,12050
8273,12003
8212,11941
8301,11978
8190,11974
8310,11960
8344,11996
8306,12037
8192,12039
8300,12005
8281,12077
8296,12076
8247,11907
8249,12000
8321,12037
8191,12002
8222,11923
8224,11998
8348,12012
8311,12056
8181,11988
8177,11949
8152,11913
8214,11885
8195,11885
8232,12001
8250,11904
8223,12017
8225,12018
8293,12058
8321,11969
8237,11971
8289,12046
8304,11964
8175,11915
8150,11915
8202,11965
8285,11964
8260,11954
8186,11913
8199,11954
8263,11921
8256,12001
8287,12072
8305,11996
8184,11938
8197,11925
8286,12036
8227,11950
8261,12062
8233,11907
8208,11931
8332,11985
8257,11975
8306,12020
8245,11988
8281,12030
8220,11978
8185,11974
8198,12031
8179,11929
8210,11996
8278,11915
8154,11917
8314,12070
8188,11993
8234,12005
8209,12029
8258,12065
8246,11964
8282,11942
8221,11942
8255,11942
8257,12035
8329,12064
8270,12069
8180,11903
8161,11931
8189,12023
8235,11983
8308,12052
8228,11898
8265,12016
8283,12017
8203,11896
8240,11982
8258,12005
8271,11919
8342,11989
8289,11999
8264,11991
8282,12058
8329,12028
8236,11941
8217,11885
8195,11990
8232,11884
8266,12048
8284,11991
8223,11898
8259,11999
8253,11917
8290,12025
8308,11976
8265,12044
8240,12042
8313,11983
8196,11966
8230,11950
8319,11997
8205,11960
8294,12065
8291,12043
8266,11988
8263,12042
8318,11966
8241,11950
8256,11900
8325,11966
8160,11956
8336,12067
8314,12009
8234,12052
8231,11978
8157,11919
8206,12008
8261,11907
8187,11956
8212,11903
8267,12028
8242,11974
8291,11975
8254,11913
8198,11882
8303,12060
8278,12038
8188,11884
8219,11939
8182,11934
8213,11929
8231,12046
8243,11994
8277,12066
8246,12043
8288,11956
8192,12013
8279,11938
8183,12026
8214,11979
8216,11926
8269,11956
8340,12004
8207,11916
8244,11962
8259,12044
8228,12013
8203,12021
8240,11897
8237,11881
8274,12021
8327,12011
8271,12048
8162,11952
8193,11971
8351,12018
8316,12029
8202,12051
8217,12026
8251,11914
8229,11915
8356,12037
8204,11923
8331,12061
8238,11963
8253,12034
8194,11941
8336,11986
8299,12006
8172,11906
8218,11994
8252,12074
8227,12040
8215,11949
8323,11963
8248,12009
8338,12055
8239,11993
8211,12002
8335,12008
8173,11998
8220,11884
8275,12011
8325,12067
8210,12034
8299,12066
8169,11927
8200,11987
8324,12057
8231,11903
8249,12047
8206,11895
8166,11986
8212,11906
8320,11992
8248,12069
8301,12005
8338,11995
8190,11947
8239,12061
8306,12062
8180,11921
8155,11905
8247,11966
8249,11979
8302,11967
8191,11977
8222,11956
8224,11955
8277,11959
8320,12036
8217,12043
8177,11904
8201,12030
8195,11888
8250,12013
8176,12007
8225,11989
8259,11897
8349,12007
8321,12004
8237,11998
8171,11935
8202,11910
8165,11949
8186,11890
8322,11996
8263,11948
8318,12052
8204,12038
8256,11910
8346,12040
8343,12053
8262,11983
8200,12034
8184,11911
8197,11952
8252,11965
8286,12073
8178,12004
8227,11957
8333,12038
8233,11942
8248,11892
8301,12054
8208,11952
8257,12026
8272,11933
8306,11985
8245,12031
8281,12001
8220,12007
8328,12005
8179,11964
8210,12025
8352,12014
8314,12035
8188,11958
8339,12054
8283,12072
8307,11987
8212,12053
8246,11985
8282,11971
8221,11969
8255,11917
8257,12070
8329,12043
8270,11982
8161,11902
8189,11986
8328,12065
8235,12002
8269,12058
8265,11995
8283,11924
8258,11934
8271,11946
8342,11982
8289,11954
8307,12047
8264,11964
8282,12039
8329,11975
8236,11970
8297,12060
8201,11883
8195,12029
8232,11889
8284,11980
8223,11905
8204,11893
8259,12002
8343,12010
8290,11986
8308,12021
8163,11946
8265,12055
8330,12001
8304,12044
8354,12006
8295,12058
8196,11995
8230,11907
8174,12000
8205,11923
8260,11970
8186,12025
8199,11970
8309,11987
8266,11953
8263,12065
8241,11905
8290,12054
8160,11945
8151,11929
8314,11986
8286,11924
8157,11946
8261,11950
8187,11947
8212,11876
8267,11987
8291,11946
8272,12040
8315,12030
8254,11922
8185,11958
8198,11919
8303,12027
8210,11884
8278,12027
8219,11974
8182,11955
8213,11908
8268,12017
8302,12053
8209,11917
8243,11969
8277,12045
8316,12054
8288,11945
8279,11929
8216,11963
8269,11919
8284,12035
8207,11947
8244,11943
8259,12051
8228,11978
8203,11976
8292,12017
8162,11949
8193,12006
8316,11994
8312,12057
8229,11926
8337,11984
8204,12008
8238,11932
8253,12029
8361,12015
8194,11998
8336,12023
8299,12029
8317,12022
8172,11935
8218,11975
8252,12039
8313,11967
8168,11990
8215,11912
8267,12032
8248,11982
8242,12050
8239,11972
8294,11953
8164,11901
8211,11977
8337,12060
8275,11982
8325,11982
8210,12063
8280,12053
8169,11962
8324,12070
8206,11928
8273,11929
8212,12015
8246,11903
8248,12042
8320,12029
8338,12020
8190,11916
8221,11879
8276,12022
8344,12006
8180,11966
8155,11940
8254,12057
8235,12044
8158,11905
8296,11990
8167,11981
8249,11950
8191,11988
8224,11944
8277,11922
8292,12064
8288,12068
8177,11931
8192,11933
8279,12050
8297,11962
8170,11998
8201,11969
8214,11963
8250,11990
8225,11976
8349,12034
8247,12057
8222,12053
8237,12025
8345,12038
8193,11891
8171,11954
8202,12003
8165,11912
8196,11901
8251,12026
8226,12008
8322,12025
8229,12059
8263,11979
8275,12063
8256,11963
8287,11986
8262,12000
8252,11930
8178,11969
8227,11928
8333,12001
8187,11893
8323,11979
8332,12043
8272,11954
8245,11930
8220,11932
8328,11978
8346,12009
8179,11939
8210,11922
8188,11923
8200,11939
8243,12059
8166,11938
8307,12022
8246,11978
8282,12012
8221,12028
8347,11995
8310,11981
8270,12019
8353,12005
8189,11981
8328,12038
8235,12025
8250,12057
8225,12057
8222,11972
8258,11963
8271,11985
8289,11925
8193,12044
8264,11905
8282,12064
8156,11927
8326,12052
8236,11999
8297,12071
8199,12053
8195,11904
8232,11926
8322,12040
8284,12009
8223,11948
8290,11983
8163,11953
8355,12024
8330,11978
8218,12061
8304,12001
8175,12006
8295,12017
8196,12000
8251,11895
8285,11975
8319,12039
8174,11973
8208,12036
8226,11903
8260,12015
8294,12063
8186,12002
8199,11993
8309,12030
8164,11991
8266,11930
8331,12006
8160,11918
8280,11951
8314,11967
8184,12023
8197,11968
8286,11961
8261,11977
8187,11918
8230,12064
8208,11968
8332,11966
8291,11953
8315,11989
8220,12055
8254,12023
8185,11929
8198,11936
8303,12006
8334,12046
8278,11996
8219,12029
8234,11934
8268,11982
8209,11936
8243,12004
8341,12054
8159,11909
8279,12020
8315,12049
8235,11890
8216,11936
8269,12010
8244,11980
8228,11991
8265,11947
8203,11951
8240,11955
8292,11998
8162,11910
8193,11929
8298,11952
8316,11959
8312,12030
8309,12047
8195,12045
8229,12017
8337,12011
8204,11973
8238,11905
8293,12026
8253,11992
8361,12018
8194,12027
8317,11985
8172,11956
8218,12000
8215,11879
8205,12003
8211,11948
8325,12009
8179,11901
8169,11997
8231,11953
8206,11965
8273,11964
8212,11988
8267,11939
8190,11921
8242,11955
8276,11987
8300,11956
8235,12067
8158,11946
8296,12027
8167,11944
8219,11894
8213,12020
8249,11921
8243,11889
8224,11917
8277,12029
8292,12045
8345,12013
8326,11954
8288,12057
8192,11954
8279,12041
8297,11997
8201,11940
8183,11905
8214,11932
8176,11985
8207,11995
8321,11954
8317,12066
8237,11924
8274,11934
8171,11977
8202,11980
8165,11923
8217,11917
8251,11985
8226,11973
8260,12033
8263,12006
8275,12034
8287,12025
8262,11909
8218,11895
8252,12023
8358,12010
8178,11994
8227,12031
8333,12028
8153,11924
8215,12024
8233,11884
8323,12014
8248,11966
8208,11882
8239,11956
8272,11991
8245,11909
8281,11951
8173,11913
8220,11961
8275,11966
8256,12060
8179,11974
8210,11951
8188,11912
8200,11912
8324,11958
8166,11911
8246,12015
8347,12030
8310,12006
8270,11924
8235,11932
8250,12034
8213,11897
8247,11973
8283,11950
8191,11940
8222,12009
8311,11970
8271,12028
8181,11914
8156,11916
8255,12043
8326,12073
8236,12020
8353,12036
8195,11943
8232,11963
8322,12069
8223,11979
8225,11960
8308,11967
8163,11924
8330,11991
8237,12041
8218,12038
8304,11974
8175,11981
8264,12066
8351,12050
8295,11980
8202,11891
8233,12061
8285,12002
8208,12057
8260,12020
8186,11983
8199,12020
8223,12047
8241,11903
8331,12029
8280,11988
8184,11996
8197,12011
8286,11970
8227,11880
8261,11988
8187,12005
8233,11993
8230,12037
8208,12005
8205,12045
8257,11917
8347,12047
8245,12042
8315,11976
8220,12044
8254,11992
8185,12028
8198,11973
8359,12035
8303,11981
8278,11953
8219,12048
8234,11963
8268,11947
8209,11963
8243,11915
8282,11932
8255,12024
8341,12017
8288,12003
8159,11936
8279,11987
8189,11965
8201,12034
8198,12033
8269,11973
8340,12043
8207,11901
8244,12009
8213,12046
8228,11964
8265,11918
8355,12044
8203,11906
8240,11912
8327,11960
8330,12038
8193,11964
8236,11887
8312,12003
8309,12074
8195,12048
8229,11996
8284,11929
8241,12072
8259,11929
8293,11973
8253,11955
8290,11967
8194,12052
8317,11980
8218,11917
8298,12049
8168,11904
8323,12040
8230,12020
8174,11957
8205,12030
8260,11903
8294,12015
8164,11943
8211,11923
8266,12010
8318,12020
8241,12020
8238,12070
8325,12020
8305,12055
8160,11902
8169,12000
8231,11916
8206,11942
8267,11910
8190,11898
8242,11916
8276,11960
8310,12044
8335,12061
8216,12052
8207,12034
8167,11911
8219,11885
8182,11972
8213,11999
8249,11892
8302,12014
8339,12022
8277,11992
8273,12051
8326,11991
8177,11985
8192,11991
8350,12012
8297,12000
8170,11908
8201,11919
8183,11964
8214,12017
8216,11984
8176,11958
8207,11974
8244,11900
8317,12061
8237,11951
8274,11963
8292,11950
8298,11968
8165,11902
8215,12051
8217,11952
8251,11956
8285,12040
8226,11966
8263,12029
8331,12071
8238,12017
8194,11883
8262,11934
8172,11972
8252,12012
8178,11959
8227,11970
8333,11991
8313,12050
8215,11991
8233,11895
8323,12021
8248,11939
8205,11891
8239,11923
8272,12012
8211,12060
8245,11936
8300,12032
8173,11940
8275,11941
8179,12013
8334,11977
8200,12013
8324,11987
8268,12045
8243,12069
8166,11928
8273,11980
8190,12001
8270,11961
8306,12068
8180,11979
8300,11972
8281,12046
8189,12035
8235,11955
8296,12043
8213,11876
8247,12000
8191,11907
8222,12018
8224,12029
8348,12019
8311,12025
8181,11957
8156,11945
8255,12054
8236,12049
8232,11968
8250,11939
8223,11990
8225,11923
8237,12068
8304,11995
8175,11944
8264,12039
8295,11947
8165,12003
8233,12064
8285,11933
8260,11921
8186,11944
8199,11923
8232,12060
8331,11984
8238,11900
8256,11968
8287,12041
8305,12029
8262,12053
8280,12025
8184,11969
8197,12022
8286,12007
8261,12031
8187,11992
8233,12028
8230,12062
8357,12014
8208,12026
8242,11890
8332,12016
8276,12050
8257,11936
8281,11999
8328,11967
8185,12007
8198,11998
8278,11946
8188,12024
8234,11972
8283,12050
8209,11998
8243,11950
8258,12032
8246,11935
8282,11961
8221,11911
8255,11975
8270,12036
8341,11996
8288,11992
8161,11940
8192,11889
8279,11982
8189,11928
8198,12058
8216,11882
8269,12064
8244,12054
8247,11893
8228,11929
8265,11921
8283,11998
8222,11897
8203,11929
8240,12013
8258,11972
8342,12020
8289,12024
8264,12022
8236,11908
8251,12062
8226,12036
8149,11919
8312,11976
8284,11958
8241,12035
8259,11964
8293,11936
8253,11950
8290,11928
8327,12059
8218,11958
8313,12008
8168,11941
8196,11933
8230,11977
8319,12018
8174,11934
8205,11993
8294,11968
8291,12072
8164,11916
8211,11894
8266,12023
8318,11993
8241,11983
8238,12043
8336,12034
8197,11899
8231,12011
8157,11920
8209,12047
8206,11979
8267,11933
8242,12009
8276,11941
8310,12065
8291,12004
8315,11960
8254,11944
8278,12065
8188,11891
8219,11904
8182,12025
8213,11962
8339,11997
8302,11987
8206,12039
8277,11971
8348,12053
8147,11907
8221,12060
8326,12008
8344,12049
8192,11980
8350,12017
8170,11937
8201,11922
8183,11995
8214,12010
8216,12021
8250,11897
8340,12027
8176,11915
8207,12013
8244,11929
8225,11897
8228,12044
8203,12050
8327,11976
8274,11988
8342,12035
8298,12013
8215,12046
8217,11995
8251,11947
8285,12067
8226,11931
8214,12054
8229,11948
8204,11954
8238,11994
8253,12067
8287,11939
8194,11908
8262,11955
8299,11975
8317,11964
8172,12001
8274,12056
8252,11977
8178,11920
8153,11938
8215,11954
8196,12032
8248,11912
8239,12030
8211,12035
8335,11977
8300,12061
8173,11967
8220,11891
8325,12036
8334,12018
8299,12035
8200,12018
8234,11898
8324,12024
8249,12072
8224,12054
8273,12007
8212,11937
8301,11974
8190,11978
8310,11964
8270,11938
8306,12033
8180,12016
8300,12001
8296,12048
8247,11935
8249,12004
8321,12057
8191,12014
8222,11927
8224,11986
8348,12008
8311,12052
8181,11984
8177,11937
8152,11917
8232,12005
8250,11916
8223,12029
8225,12022
8293,12038
8321,11973
8289,12034
8304,11952
8175,11927
8150,11919
8202,11961
8165,11982
8285,11960
8260,11966
8186,11925
8199,11950
8232,12065
8322,11967
8263,11917
8331,11959
8256,12005
8287,12052
8305,11984
8184,11942
8197,11921
8286,12040
8261,12058
8233,11911
8208,11935
8332,11981
8257,11995
8306,12016
8245,11984
8281,11970
8220,11974
8185,11978
8198,12019
8179,11933
8210,11992
8278,11919
8154,11913
8314,12066
8188,11989
8234,12001
8268,11933
8283,12041
8209,12017
8246,11952
8282,11938
8221,11938
8255,11938
8257,12039
8329,12068
8270,12073
8180,11899
8161,11935
8189,12019
8183,11901
8235,11971
8308,12048
8228,11878
8265,12020
8283,12021
8203,11900
8240,11970
8258,12001
8271,11915
8342,12009
8289,11987
8264,11995
8329,12000
8236,11937
8217,11889
8195,11994
8266,12060
8284,11987
8223,11878
8259,11971
8253,11913
8290,12021
8308,11988
8240,12046
8304,12075
8313,11987
8196,11962
8230,11938
8319,11993
8174,11907
8205,11956
8294,12069
8291,12047
8309,11956
8266,11984
8263,12038
8241,11938
8325,11962
8314,12021
8234,12048
8231,11974
8157,11915
8206,12012
8261,11919
8212,11899
8267,12016
8242,11970
8291,11979
8254,11917
8198,11886
8303,12056
8278,12058
8219,11943
8182,11922
8213,11941
8231,12042
8243,11998
8277,12078
8246,12047
8192,12001
8279,11966
8183,12022
8214,11983
8216,11930
8269,11952
8340,12000
8207,11912
8244,11910
8228,12009
8203,12009
8240,11901
8327,12007
8274,12017
8271,12060
8193,11975
8351,12030
8298,12022
8316,12025
8217,12030
8251,11918
8214,12043
8229,11959
8356,12033
8204,11919
8331,12049
8238,11967
8253,12062
8194,11937
8336,11990
8299,11994
8252,12070
8227,12044
8215,11945
8323,11967
8267,12065
8248,12013
8338,12051
8239,12005
8211,12006
8245,11894
8335,12020
8173,11994
8220,11880
8275,12015
8299,12070
8169,11931
8200,11991
8324,12037
8231,11899
8249,12051
8206,11899
8224,12043
8166,11990
8273,12026
8212,11918
8320,11996
8248,12073
8301,12001
8338,11991
8190,11951
8239,12057
8306,12058
8180,11933
8300,12030
8155,11909
8352,12051
8247,11962
8249,11983
8191,12021
8222,11960
8224,11959
8277,11955
8320,12056
8217,12047
8177,11908
8350,12033
8297,11931
8201,12002
8195,11892
8250,12009
8225,12009
8259,11901
8349,12003
8321,12024
8237,11994
8295,11933
8171,11923
8202,11906
8165,11945
8186,11902
8322,11992
8263,11944
8318,12056
8204,12034
8256,11930
8346,12052
8343,12049
8262,11971
8200,12038
8184,11915
8197,11964
8252,11961
8286,12077
8178,12000
8227,11961
8333,12034
8261,12069
8233,11946
8248,11896
8301,12050
8208,11956
8239,11886
8257,12030
8272,11921
8306,11981
8245,12027
8281,12005
8220,12003
8328,12009
8179,11904
8210,12021
8352,12002
8314,12047
8188,11954
8339,12058
8283,12076
8307,11991
8212,12049
8246,11989
8282,11983
8221,11997
8255,11913
8329,12047
8270,11986
8189,12014
8328,12069
8235,12006
8269,12054
8265,11999
8283,12008
8258,11930
8271,11958
8289,11958
8307,12051
8264,11936
8282,12035
8329,11979
8236,11966
8297,12032
8201,11887
8195,12001
8232,11893
8229,11885
8284,11976
8223,11917
8204,11889
8259,12006
8343,12006
8290,12014
8308,12017
8163,11950
8265,12059
8330,12013
8304,12032
8354,12002
8295,12054
8196,11975
8230,11911
8319,12068
8174,12004
8205,11919
8260,11982
8291,12050
8309,11999
8266,11965
8263,12061
8241,11909
8290,12050
8160,11949
8280,11918
8151,11925
8314,11998
8231,11997
8286,11928
8157,11942
8261,11946
8187,11951
8267,11991
8242,11999
8291,11950
8272,12044
8315,12018
8254,11926
8185,11962
8198,11907
8303,12039
8210,11880
8278,12031
8219,11994
8182,11959
8213,11904
8268,12013
8302,12057
8209,11905
8243,11973
8277,12041
8246,12064
8316,12050
8288,11949
8279,11925
8183,12013
8216,11967
8269,11915
8340,11981
8284,12063
8207,11959
8244,11939
8259,12055
8228,12022
8203,11980
8292,12029
8162,11945
8193,12026
8316,11990
8217,12001
8312,12061
8229,11922
8337,11988
8204,12004
8238,11936
8253,12025
8194,11994
8336,12011
8299,12017
8317,12018
8172,11931
8218,11971
8252,12035
8227,12051
8168,11994
8215,11908
8267,12036
8248,11986
8242,12046
8239,11968
8294,11957
8211,11981
8337,12048
8275,11986
8325,11978
8210,12059
8280,12057
8169,11966
8324,12066
8206,11932
8273,11933
8212,12011
8246,11891
8248,12046
8301,12028
8320,12017
8338,12016
8190,11952
8239,12036
8276,12018
8344,12010
8180,11962
8254,12061
8235,12032
8158,11909
8352,12040
8296,11994
8167,11977
8249,11954
8191,11984
8224,11948
8277,11934
8292,12076
8181,12006
8177,11935
8192,11921
8279,12078
8297,11966
8170,11994
8201,11973
8214,11967
8250,11986
8225,11980
8247,12053
8222,12057
8237,12021
8345,12042
8193,11895
8171,11958
8202,12015
8165,11956
8196,11897
8251,12030
8226,12004
8322,12021
8229,12039
8263,11975
8275,12067
8256,11967
8343,12044
8287,11998
8262,12004
8252,11926
8227,11932
8333,12061
8323,11983
8301,12077
8332,12039
8272,11958
8245,12006
8220,11928
8328,11982
8346,12021
8179,11943
8210,11918
8188,11951
8200,11943
8339,12033
8243,12063
8166,11942
8307,12026
8246,11982
8282,12008
8221,12024
8255,11924
8329,12050
8310,11969
8347,11999
8270,12023
8353,12025
8189,11977
8328,12042
8235,12029
8250,12069
8225,12061
8148,11920
8283,11919
8222,11976
8258,11959
8271,11997
8289,11945
8193,12032
8264,11909
8282,12076
8156,11923
8255,12072
8326,12040
8236,11995
8297,12075
8199,12049
8201,11890
8195,11908
8232,11930
8322,12036
8284,12005
8223,11944
8343,11997
8290,11979
8163,11957
8355,12028
8330,12022
8218,12057
8304,12005
8175,12002
8295,12013
8196,12012
8230,11928
8285,11971
8319,12035
8174,11977
8226,11899
8260,12011
8294,12051
8186,12014
8199,11989
8309,12026
8164,11987
8266,11910
8241,11928
8290,12047
8305,11963
8160,11906
8280,11955
8314,11963
8184,12027
8197,11980
8286,11965
8261,11957
8187,11906
8230,12068
8208,11972
8332,11962
8291,11957
8272,12065
8315,12009
8220,12051
8254,12027
8198,11940
8185,11933
8303,12002
8334,12050
8278,11984
8219,12017
8182,11944
8234,11930
8268,11978
8302,12034
8209,11940
8243,12008
8316,12047
8341,12050
8159,11905
8279,12016
8315,12053
8235,11894
8216,11940
8269,12006
8244,11976
8228,11987
8265,11951
8203,11939
8240,11959
8292,11994
8271,12070
8162,11906
8193,11933
8298,11964
8312,12034
8309,12043
8229,12029
8337,12015
8204,11969
8238,11909
8293,12006
8253,11988
8361,12022
8194,12023
8317,12013
8172,11952
8218,12012
8215,11875
8267,12059
8319,11956
8211,11952
8325,11989
8169,11969
8231,11949
8206,11905
8273,11952
8212,11984
8267,11943
8190,11925
8242,11951
8276,11999
8180,11943
8300,11952
8158,11950
8296,12031
8167,11940
8213,12016
8249,11925
8243,11893
8224,11905
8277,12025
8292,12041
8345,12017
8326,11958
8288,12061
8192,11958
8279,12037
8297,11969
8170,12007
8201,11944
8183,11933
8214,11920
8176,11989
8321,11958
8222,12066
8237,11920
8274,11930
8193,11882
8171,11981
8202,11976
8165,11935
8217,11921
8251,11989
8226,11969
8260,12045
8199,11903
8322,12014
8263,12002
8275,12038
8287,12005
8262,12025
8218,11891
8252,12019
8358,12014
8178,11990
8227,12003
8333,12024
8153,11928
8215,12020
8323,11986
8208,11886
8332,12060
8239,11952
8272,11979
8245,11905
8281,11955
8173,11909
8220,11957
8328,11987
8256,12048
8179,11978
8210,11947
8188,11908
8200,11916
8324,11954
8243,12034
8166,11963
8307,12001
8246,12003
8190,12032
8347,12018
8310,12026
8270,11928
8235,11920
8250,12046
8148,11901
8247,11969
8283,11938
8191,11936
8222,12013
8311,11998
8271,12024
8181,11926
8156,11912
8236,12016
8195,11947
8232,11967
8322,12065
8223,11959
8225,11964
8308,11963
8163,11928
8330,11987
8237,12037
8218,12034
8304,12026
8175,11977
8264,12070
8295,11976
8202,11903
8233,12033
8285,12030
8208,12061
8260,12016
8186,11979
8199,12016
8309,12005
8223,12043
8241,11891
8331,12017
8280,11992
8184,12000
8197,11991
8286,11974
8227,11884
8261,11984
8187,12025
8233,11997
8208,11993
8205,12041
8257,11905
8347,12035
8291,11928
8245,12054
8315,11980
8220,12040
8254,11996
8185,11904
8198,11961
8303,11977
8278,11957
8219,12052
8234,11943
8268,11943
8209,11967
8243,11919
8282,11928
8255,12004
8341,12029
8288,12007
8159,11948
8279,12015
8315,12040
8189,11961
8201,12038
8198,12037
8269,11969
8340,12055
8207,11897
8244,12021
8213,12042
8228,11960
8265,11954
8203,11910
8240,11916
8327,11956
8330,12034
8193,11952
8236,11883
8312,12007
8195,12052
8229,11992
8284,11925
8204,11998
8259,11933
8293,11969
8253,11983
8290,11963
8194,12048
8317,11976
8218,11913
8298,12061
8168,11908
8323,12044
8230,12008
8174,11961
8205,12026
8260,11899
8294,12003
8362,12027
8164,11939
8211,11927
8318,12024
8241,12008
8325,12016
8305,12043
8280,12067
8169,12004
8200,11878
8231,11912
8206,11946
8267,11962
8190,11902
8242,11912
8276,11972
8310,12032
8335,12057
8216,12056
8158,11955
8207,12046
8167,11907
8182,11992
8213,11995
8249,11896
8302,12018
8339,12026
8224,11878
8277,12004
8292,12054
8273,12055
8326,11979
8177,11989
8192,11947
8297,12004
8170,11904
8201,11955
8183,11960
8214,12021
8216,11988
8176,11946
8207,11970
8244,11896
8228,12067
8317,12057
8237,11947
8274,11959
8292,11946
8298,11980
8171,12000
8202,11989
8217,11956
8251,11976
8285,12036
8226,11962
8263,12025
8238,12021
8194,11879
8262,11922
8172,11968
8252,12008
8178,11955
8227,11974
8333,11987
8153,11907
8313,12054
8215,11987
8233,11899
8230,11879
8323,12025
8248,11943
8205,11887
8239,11935
8272,12000
8211,12064
8245,11948
8173,11936
8275,11945
8334,11981
8200,11921
8324,11999
8268,12041
8209,11877
8243,12073
8166,11932
8273,11968
8190,12005
8347,12009
8270,11965
8306,12064
8180,11991
8300,11968
8281,12050
8235,11959
8296,12047
8247,12028
8191,11919
8222,12022
8224,12017
8311,12021
8271,12007
8181,11953
8156,11941
8255,12050
8236,12045
8232,11972
8250,11951
8223,11986
8225,11927
8293,12071
8237,12064
8289,12067
8304,11999
8175,11956
8264,12043
8233,12068
8285,11929
8260,11933
8186,11956
8199,11919
8232,12032
8223,12054
8331,11988
8256,11972
8305,12017
8262,12041
8280,12029
8184,11973
8197,12018
8286,12011
8227,11891
8261,12027
8187,11996
8233,12000
8230,12050
8357,12010
8208,12030
8242,11886
8332,12012
8276,12062
8257,11940
8185,12011
8198,11986
8303,11956
8278,11950
8188,12020
8219,12043
8234,11968
8268,11964
8283,12054
8209,11986
8243,11954
8258,12060
8246,11923
8221,11907
8255,11971
8270,12040
8341,11992
8288,11996
8161,11960
8192,11893
8279,11978
8189,11924
8216,11886
8269,11996
8207,11876
8244,12050
8247,11889
8228,11909
8265,11925
8283,11986
8222,11901
8203,11933
8240,12001
8258,11968
8289,12028
8193,11947
8264,12026
8236,11904
8251,12050
8226,12032
8149,11915
8312,11980
8284,11954
8241,12039
8259,11936
8293,11948
8253,11946
8194,12045
8327,12055
8218,11954
8298,12070
8313,12012
8168,11945
8196,11929
8323,12051
8230,11981
8319,12030
8174,11938
8205,11989
8294,11972
8291,12076
8164,11912
8211,11898
8266,12019
8318,11997
8241,11971
8238,12047
8336,12038
8197,11879
8231,12007
8209,12035
8206,11983
8267,11921
8242,12005
8276,11937
8310,12069
8291,12008
8335,12036
8315,11964
8254,11948
8185,11888
8278,12069
8296,11945
8167,11934
8219,11908
8213,11974
8339,12001
8302,11991
8206,12043
8277,11983
8348,12049
8273,12074
8147,11911
8221,12056
8326,12012
8344,12053
8192,11968
8350,12021
8170,11949
8201,11926
8183,11991
8214,12014
8216,12025
8176,11919
8207,12009
8225,11901
8228,12040
8203,12054
8327,11972
8274,11984
8292,11959
8342,12039
8351,11999
8298,12009
8215,12042
8217,11999
8251,11951
8226,11927
8229,11944
8204,11950
8238,11998
8287,11951
8194,11904
8262,11959
8299,11963
8317,11960
8172,11997
8274,12052
8252,11973
8178,11916
8215,11982
8196,12044
8230,11896
8248,11916
8239,12026
8211,12039
8335,11989
8300,12057
8173,11963
8275,11916
8256,12074
8325,12032
8359,12028
8334,12022
8299,12039
8200,12022
8324,12004
8209,11896
8273,11995
8212,11949
8320,11963
8301,11970
8190,11982
8270,11942
8300,11997
8296,12052
8247,11931
8249,12008
8321,12061
8191,12010
8222,11931
8224,11990
8348,12004
8311,12048
8181,11996
8177,11941
8152,11921
8214,11877
8232,12009
8250,11912
8223,12025
8225,11914
8293,12034
8321,11993
8289,12038
8304,11956
8175,11923
8264,12048
8150,11907
8202,11941
8285,11956
8260,11962
8186,11921
8199,11946
8232,12069
8322,11963
8263,11913
8256,12025
8287,12048
8305,11988
8262,12066
8280,12002
8184,11946
8197,11933
8286,12044
8333,12067
8261,12038
8233,11915
8357,12021
8208,11923
8332,11977
8257,11999
8306,12012
8245,11996
8281,11974
8220,11970
8185,11982
8198,12023
8210,11988
8154,11925
8188,11985
8234,12013
8268,11929
8283,12045
8209,12021
8307,11956
8246,11956
8282,11950
8221,11966
8255,11950
8257,12059
8161,11923
8192,11882
8155,11903
8189,11919
8183,11897
8235,11975
8308,12060
8265,12024
8283,11977
8203,11888
8240,11974
8258,12029
8271,11927
8342,12013
8289,11991
8264,11999
8329,12004
8236,11933
8217,11893
8251,12041
8195,11998
8266,12056
8284,11951
8241,12058
8259,11975
8293,11959
8253,11909
8290,12017
8308,11984
8240,12034
8313,11991
8187,12032
8196,11942
8230,11942
8319,11973
8174,11911
8205,11952
8294,11993
8164,11925
8266,11996
8263,12034
8241,11942
8336,12059
8314,12017
8234,12060
8231,11970
8157,11911
8206,12016
8261,11915
8267,12020
8242,12030
8276,11918
8291,11983
8335,12067
8254,11953
8216,12066
8303,12068
8278,12062
8219,11963
8182,11926
8213,11937
8231,12038
8277,12074
8348,12046
8246,12035
8192,12005
8279,11962
8170,11958
8214,11971
8216,11934
8269,11948
8340,12012
8207,11924
8244,11906
8228,12053
8203,12013
8240,11889
8327,12003
8274,12013
8292,11932
8271,12056
8360,12012
8193,11995
8351,12026
8298,12018
8316,12021
8202,12059
8217,11970
8251,11906
8214,12047
8229,11955
8204,11915
8331,12053
8238,11971
8253,12058
8194,11965
8336,11978
8299,11998
8252,12066
8215,11941
8267,12069
8248,12017
8338,12047
8239,12001
8211,12010
8245,11890
8335,12016
8173,11990
8220,11876
8275,12019
8299,12058
8169,11935
8200,11995
8324,12033
8231,11895
8249,12055
8206,11903
8224,12047
8166,11978
8273,12030
8212,11914
8320,11984
8338,11987
8301,11997
8190,11987
8239,12069
8306,12054
8180,11929
8300,12026
8155,11929
8247,11958
8249,11987
8191,12017
8222,11964
8224,11979
8277,11967
8311,12047
8181,11975
8320,12060
8217,12051
8177,11960
8350,12037
8297,11935
8201,12006
8195,11896
8250,12021
8225,12013
8349,12031
8321,12028
8237,11990
8295,11929
8171,11927
8202,11918
8165,11989
8285,11951
8186,11898
8322,11988
8263,11940
8318,12060
8256,11934
8346,12048
8262,11975
8200,12042
8184,11919
8197,11960
8252,11957
8286,12049
8227,11965
8261,12065
8233,11950
8248,11900
8301,12046
8208,11944
8332,12070
8239,11882
8257,12018
8272,11925
8306,11977
8245,11975
8281,12009
8220,12031
8328,12013
8179,11908
8210,12017
8352,12006
8314,12043
8188,11982
8234,12022
8339,12062
8283,12064
8307,11995
8212,12061
8246,11945
8282,11979
8221,11993
8255,11957
8270,11990
8189,12010
8235,11994
8269,12050
8244,12068
8265,11971
8283,12012
8240,11995
8258,11926
8271,11954
8289,11978
8307,12055
8264,11940
8282,12047
8329,11983
8236,11962
8297,12036
8195,12005
8232,11897
8229,11881
8284,11972
8223,11913
8204,11885
8259,12010
8343,12002
8290,12010
8308,12029
8163,11986
8265,12063
8330,12009
8304,12036
8354,12030
8295,12050
8196,11971
8230,11963
8319,12064
8174,12008
8205,11915
8260,11978
8291,12054
8309,11995
8266,11961
8263,12057
8241,11961
8160,11937
8280,11922
8151,11921
8314,11994
8231,11993
8286,11932
8157,11938
8261,11926
8187,11939
8212,11884
8267,11979
8242,11995
8291,11986
8272,12032
8315,12022
8254,11930
8185,11966
8198,11911
8303,12035
8210,11876
8278,12019
8219,11998
8182,11915
8213,11916
8231,12061
8268,12009
8302,12061
8209,11909
8243,11977
8277,12053
8246,12068
8288,11937
8279,11921
8189,11903
8183,12009
8216,11907
8269,11911
8340,11977
8284,12059
8207,11955
8244,11951
8259,12059
8228,12018
8203,11968
8237,11900
8327,12030
8292,12025
8271,12039
8360,12017
8162,11941
8193,12030
8298,11935
8316,11986
8217,12005
8312,12065
8229,11934
8337,11976
8204,12000
8238,11940
8253,12021
8194,11990
8336,12015
8299,12021
8172,11927
8218,11983
8252,12063
8227,12055
8168,11998
8215,11904
8248,11990
8242,12042
8239,11980
8294,11945
8211,11985
8337,12052
8275,11990
8210,12055
8280,12061
8169,11938
8273,11921
8212,12023
8246,11895
8248,12050
8301,12024
8320,12021
8338,12012
8190,11956
8221,11903
8239,12032
8276,12030
8344,12014
8180,11910
8254,12033
8235,12036
8158,11913
8352,12044
8296,11998
8167,11973
8247,11949
8249,11958
8321,12075
8191,11996
8224,11936
8277,11930
8311,12074
8292,12072
8181,12002
8177,11923
8192,11925
8279,12074
8170,11974
8201,11977
8214,11955
8250,11998
8225,11968
8247,12049
8222,12061
8237,12017
8345,12046
8171,11946
8202,12011
8165,11952
8251,12018
8226,12000
8322,12017
8229,12035
8263,11971
8204,12059
8275,12071
8256,11955
8343,12040
8287,11994
8262,11992
8252,11922
8227,11904
8333,12057
8233,11953
8301,12073
8332,12035
8272,11946
8245,12002
8220,11924
8328,12018
8346,12017
8179,11947
8210,11914
8188,11947
8200,11947
8197,12039
8339,12037
8307,12030
8246,11970
8282,12020
8221,12020
8255,11920
8329,12054
8310,11973
8270,12027
8353,12029
8189,11973
8328,12046
8235,12017
8250,12065
8225,12049
8167,11902
8308,12070
8222,11980
8258,11955
8311,11967
8271,11993
8289,11949
8181,11895
8193,12036
8264,11913
8282,12072
8329,11986
8326,12044
8236,11991
8199,12045
8201,11894
8195,11912
8232,11934
8229,11892
8322,12032
8284,12001
8223,11924
8259,12017
8343,11993
8290,11975
8163,11961
8330,12018
8304,12057
8175,12014
8295,12009
8196,12008
8230,11932
8285,11999
8319,12047
8174,11981
8226,11895
8260,11991
8294,12055
8186,12010
8199,11985
8309,11974
8164,11999
8266,11906
8241,11932
8290,12043
8305,11967
8160,11910
8280,11959
8151,11916
8314,11975
8184,12031
8197,11976
8286,11937
8261,11953
8187,11910
8332,11958
8291,11961
8272,12069
8315,12013
8254,12031
8185,11937
8198,11928
8303,12014
8334,12054
8278,11988
8219,12021
8182,11948
8234,11910
8268,11974
8302,12038
8209,11928
8243,12012
8316,12043
8341,12062
8159,11917
8279,11916
8315,12073
8235,11882
8216,11944
8269,12002
8244,11988
8228,11999
8203,11943
8240,11947
8330,12069
8292,11974
8271,12066
8162,11934
8193,11921
8298,11960
8316,11983
8312,12038
8309,12055
8229,12025
8337,12003
8204,12029
8238,11913
8293,12002
8253,11984
8361,12026
8194,12019
8317,12009
8172,11948
8218,12008
8168,12003
8215,11903
8267,12063
8211,11956
8325,11985
8145,11905
8280,12034
8169,11973
8231,11945
8206,11909
8273,11956
8212,11996
8320,12010
8190,11929
8242,11947
8276,11995
8180,11939
8300,11948
8235,12059
8158,11922
8296,12003
8167,11936
8213,12028
8249,11929
8243,11897
8224,11909
8345,12021
8288,12049
8192,11914
8279,12033
8297,11973
8170,12003
8201,11948
8183,11929
8214,11924
8176,11977
8247,12044
8237,11916
8274,11926
8193,11886
8171,11969
8202,12020
8165,11931
8217,11925
8251,12009
8226,11997
8260,12041
8199,11899
8322,12010
8263,11998
8275,12042
8256,11944
8287,12001
8262,12029
8218,11903
8252,11919
8178,11986
8227,12007
8333,12020
8153,11932
8215,12016
8323,11990
8357,12038
8332,12056
8239,11964
8272,11983
8306,11967
8245,11917
8281,11959
8173,11905
8220,11953
8328,11991
8256,12052
8179,11982
8210,11943
8188,11904
8200,11952
8324,11966
8268,12072
8243,12038
8166,11967
8307,12005
8246,12007
8190,12036
8221,12015
8347,12022
8310,12030
8270,11932
8328,12051
8235,11924
8250,12042
8247,11997
8283,11942
8191,11948
8222,11985
8258,11948
8311,11994
8271,11972
8307,12065
8181,11922
8156,11908
8329,11957
8326,12065
8236,12012
8195,11951
8232,11939
8223,11955
8225,11952
8163,11932
8330,11999
8237,12033
8218,12046
8304,12030
8175,11989
8264,12074
8295,11972
8202,11899
8196,12021
8233,12037
8285,12026
8208,12049
8260,12028
8186,11991
8199,12012
8309,12001
8356,12013
8241,11895
8331,12021
8280,11996
8184,12004
8197,11987
8286,11978
8261,11996
8187,12029
8233,11969
8208,11997
8205,12037
8257,11909
8347,12039
8291,11932
8245,12050
8315,11968
8220,12036
8254,11968
8185,11908
8198,11965
8303,11989
8278,11977
8219,12008
8234,11939
8268,11939
8209,11955
8243,11923
8255,12000
8341,12025
8288,12027
8159,11944
8279,12011
8315,12044
8189,11957
8201,12042
8269,12029
8340,12051
8284,12077
8244,12017
8213,12054
8228,11940
8265,11958
8203,11962
8240,11904
8330,12046
8193,11956
8236,11879
8226,12067
8312,12011
8229,11972
8284,11921
8204,11994
8241,12064
8259,11905
8293,11981
8253,11979
8290,11959
8194,12012
8317,11972
8218,11925
8298,12057
8168,11912
8230,12012
8174,11965
8205,12022
8294,12007
8164,11951
8211,11931
8318,12028
8241,12012
8325,12028
8305,12047
8280,12071
8169,12008
8200,11882
8231,11908
8206,11950
8267,11966
8242,11908
8276,11968
8310,12036
8216,12060
8207,12042
8167,11967
8219,11877
8182,11996
8213,12007
8249,11900
8302,12022
8339,12030
8224,11898
8277,12000
8292,12050
8273,12043
8326,11983
8177,11977
8192,11951
8297,12008
8170,11916
8201,11959
8183,11956
8214,11913
8216,11992
8176,11950
8207,11982
8317,12053
8237,11943
8274,11955
8298,11976
8171,12004
8202,11985
8217,11960
8251,11980
8285,12032
8226,11958
8260,12054
8263,12021
8238,12025
8262,11926
8252,12004
8178,11951
8227,11978
8333,11983
8153,11911
8313,12058
8215,12015
8233,11903
8323,12029
8248,11947
8205,11883
8239,11931
8272,12004
8245,11944
8173,11932
8220,11950
8275,11949
8256,12041
8334,11985
8200,11925
8324,11995
8268,12037
8166,11920
8273,11972
8190,12009
8347,12013
8180,11987
8281,12054
8235,11947
8213,11884
8247,12024
8191,11915
8222,12026
8224,12021
8311,12017
8271,12003
8181,11965
8156,11937
8255,12062
8236,12041
8195,11954
8232,11976
8250,11947
8223,11998
8225,11947
8293,12067
8237,12060
8289,12071
8304,11987
8175,11952
8264,12047
8285,11925
8260,11929
8186,11952
8199,11915
8232,12036
8223,12050
8331,11976
8256,11992
8305,12021
8262,12045
8280,11969
8184,11977
8197,12030
8252,11903
8286,12015
8227,11895
8261,12007
8187,11984
8233,12004
8230,12054
8208,12018
8242,11882
8332,12008
8276,12058
8257,11960
8220,12065
8185,12015
8198,11990
8303,11952
8278,11938
8188,12016
8219,12047
8182,11898
8234,11980
8268,11960
8209,11990
8243,11958
8258,12056
8246,11927
8221,11935
8255,11983
8270,12044
8341,12004
8288,11984
8159,11959
8279,11974
8189,11920
8198,12050
8216,11890
8269,11992
8244,12062
8228,11905
8265,11929
8283,11990
8203,11921
8240,12005
8258,11996
8289,12016
8193,11951
8264,12030
8236,11900
8251,12054
8226,12060
8312,11984
8259,11940
8253,11942
8194,12041
8240,12065
8327,12051
8218,11966
8298,12066
8313,12016
8168,11949
8196,11909
8323,12055
8230,11969
8319,12026
8174,11942
8205,11985
8294,12024
8164,11956
8211,11902
8266,12031
8318,11969
8241,11975
8238,12051
8231,12003
8209,12039
8206,11987
8166,11902
8267,11925
8242,12001
8276,11949
8291,12012
8335,12032
8185,11892
8216,12033
8296,11949
8167,11930
8219,11928
8213,11970
8339,12005
8302,11995
8191,11885
8206,12047
8277,11979
8147,11915
8221,12052
8326,12000
8344,12057
8192,11972
8350,12025
8297,12019
8170,11945
8201,11930
8183,11987
8214,12002
8216,12029
8176,11907
8207,12021
8225,11889
8203,12042
8327,11968
8274,11980
8292,11955
8342,12059
8351,11995
8298,11989
8215,12038
8217,11939
8251,11939
8226,11923
8204,11946
8238,12002
8287,11947
8194,11932
8262,11947
8299,11967
8317,11956
8172,11993
8274,12048
8252,11969
8178,11912
8227,11985
8215,11978
8196,12040
8230,11900
8248,11920
8239,11910
8272,12025
8211,12043
8335,11985
8300,12053
8173,11959
8275,11920
8325,12044
8359,12024
8334,12026
8200,12026
8324,12000
8209,11900
8273,11999
8212,11945
8320,11967
8301,11966
8190,12018
8310,11956
8270,11946
8192,12051
8300,11993
8296,12056
8247,11927
8249,12012
8321,12049
8191,11926
8222,11935
8224,12010
8348,12000
8311,12012
8181,11992
8236,12070
8152,11925
8214,11897
8232,12013
8250,11924
8223,12005
8225,11918
8293,12046
8321,11997
8289,12058
8175,11935
8264,12052
8295,11966
8150,11911
8202,11937
8285,11952
8174,11900
8260,11942
8186,11933
8199,11942
8322,11959
8263,11909
8238,11881
8256,12029
8287,12060
8305,11976
8262,12070
8280,12006
8184,11950
8197,11929
8286,12016
8261,12034
8233,11919
8357,12017
8208,11927
8332,11973
8276,12039
8257,11987
8306,12008
8245,11992
8281,11978
8220,11998
8185,11986
8198,12011
8210,11984
8154,11921
8314,12074
8188,12013
8219,12066
8234,12009
8268,11925
8283,12033
8209,12009
8307,11960
8246,11912
8282,11946
8221,11962
8255,11946
8257,12063
8341,11983
8161,11927
8192,11886
8189,11915
8183,11893
8308,12056
8228,11886
8265,12028
8283,11981
8203,11892
8240,12026
8258,12025
8271,11923
8342,12001
8289,12011
8264,11971
8329,12008
8236,11929
8217,11897
8251,12045
8312,11957
8195,11970
8266,12036
8284,11947
8223,11886
8241,12062
8259,11979
8293,11955
8253,11905
8308,11996
8240,12038
8304,12067
8313,11995
8168,11954
8196,11938
8230,11994
8319,11969
8174,11915
8205,11948
8294,11997
8309,11964
8164,11921
8211,11877
8266,11992
8241,11994
8336,12063
8314,12029
8234,12056
8231,12030
8157,11907
8209,12058
8206,12020
8267,12008
8242,12026
8276,11914
8291,12019
8254,11957
8198,11878
8303,12064
8278,12050
8296,11954
8219,11967
8182,12010
8213,11949
8231,12034
8339,11976
8348,12042
8246,12039
8221,12047
8192,12025
8279,11958
8170,11954
8183,11982
8214,11975
8216,12002
8269,11944
8340,12008
8176,11928
8207,11920
8244,11918
8228,12049
8203,12001
8240,11893
8327,11999
8274,12009
8292,11928
8193,11999
8351,12006
8298,12030
8316,12017
8202,12039
8217,11974
8251,11910
8226,11916
8214,12035
8229,11967
8356,12041
8204,11911
8331,12041
8238,11975
8253,12054
8287,11958
8194,11961
8336,11982
8299,11986
8274,12077
8215,11937
8196,12053
8248,12021
8338,12043
8239,12013
8211,12014
8245,11902
8335,12028
8173,11986
8275,12023
8325,12055
8299,12062
8169,11907
8200,11999
8324,12045
8231,11891
8249,12059
8224,12035
8166,11982
8273,12018
8212,11926
8320,11988
8338,11983
8301,11993
8190,11991
8239,12065
8306,12050
8180,12005
8192,12040
8300,12022
8155,11933
8254,12064
8247,11954
8249,11991
8191,12029
8222,11936
8224,11983
8277,11963
8311,12043
8181,11971
8320,12048
8217,12055
8177,11964
8350,12041
8201,12010
8195,11900
8232,12018
8250,12017
8225,12001
8349,12027
8321,12016
8237,11986
8171,11915
8202,11914
8165,11985
8285,11947
8186,11910
8199,11965
8322,11984
8229,12068
8263,11936
8318,12032
8256,11922
8200,12046
8184,11923
8197,11940
8252,11953
8286,12053
8227,11937
8233,11922
8301,12042
8208,11948
8332,12066
8239,11894
8257,12022
8272,11913
8306,11973
8245,11971
8281,12013
8220,12027
8179,11912
8210,12013
8352,12026
8314,12055
8188,11978
8234,12018
8339,12066
8283,12068
8307,11999
8212,12057
8246,11949
8282,11991
8221,11989
8255,11953
8270,11994
8161,11914
8189,12006
8235,11998
8269,12046
8244,12064
8308,12037
8265,11975
8283,12000
8240,11999
8258,11922
8271,11966
8342,11994
8289,11982
8307,12059
8264,11944
8282,12043
8329,12019
8236,11958
8297,12040
8195,12009
8232,11901
8284,11968
8223,11893
8204,11881
8259,12014
8293,11934
8253,11900
8290,12006
8308,12025
8343,12030
8265,12035
8240,12059
8354,12026
8295,12046
8196,11983
8230,11967
8319,12076
8174,12012
8205,11911
8291,12058
8266,11941
8263,12053
8241,11965
8290,12074
8160,11941
8280,11926
8314,12006
8234,12069
8231,11989
8261,11922
8187,11943
8212,11880
8267,11983
8242,11991
8291,11990
8272,12036
8254,11934
8198,11899
8303,12047
8278,12023
8219,11986
8182,11919
8213,11912
8231,12057
8268,12005
8302,12065
8243,11981
8277,12049
8316,12074
8288,11941
8279,11949
8189,11899
8183,12005
8216,11911
8340,11989
8284,12055
8207,11967
8244,11947
8259,12063
8228,12030
8203,11972
8237,11896
8327,12026
8292,12005
8271,12035
8360,12021
8162,11937
8193,12018
8298,11931
8316,12014
8217,12009
8312,12069
8229,11930
8337,11980
8204,11932
8238,11944
8253,12017
8194,11986
8336,12003
8299,12009
8172,11923
8218,11979
8252,12059
8178,11902
8227,12059
8168,11970
8215,11932
8248,11994
8338,12068
8242,12038
8239,11976
8294,11949
8211,11989
8337,12040
8173,12013
8275,11994
8210,12051
8169,11942
8324,12074
8273,11925
8212,12019
8320,11977
8248,12054
8301,12020
8338,12008
8190,11960
8221,11899
8239,12044
8276,12026
8344,12018
8180,11906
8254,12037
8158,11917
8352,12032
8296,11970
8167,11969
8247,11945
8249,11962
8191,11992
8224,11940
8277,11942
8311,12070
8345,11990
8181,12014
8177,11927
8279,12070
8350,12050
8170,11970
8201,11981
8214,11959
8250,11994
8176,12008
8225,11972
8349,12054
8321,12011
8222,12033
8237,12013
8345,12050
8171,11950
8202,11927
8165,11964
8251,12022
8226,12028
8322,11981
8229,12047
8263,11967
8204,12055
8275,12075
8256,11959
8343,12036
8287,11974
8262,11996
8200,12051
8252,11950
8227,11908
8333,12053
8233,11957
8301,12069
8257,12009
8272,11950
8306,11998
8245,12014
8281,11920
8220,11920
8328,12022
8346,12029
8179,11951
8210,11910
8352,11999
8188,11943
8200,11951
8197,12035
8339,12041
8307,11970
8212,12038
8246,11974
8282,12016
8221,12016
8255,11932
8329,12058
8310,11993
8270,12031
8353,12017
8189,11969
8235,12021
8225,12053
8308,12066
8258,11919
8311,11963
8271,11941
8289,11937
8264,11917
8329,11990
8326,12032
8236,11987
8297,12051
8199,12041
8201,11898
8195,11916
8232,11906
8229,11888
8322,12060
8284,12029
8223,11920
8259,12021
8343,11989
8290,11971
8308,12006
8355,12004
8330,12030
8304,12061
8175,12010
8295,12005
8196,11988
8230,11920
8285,11995
8319,12043
8174,11985
8226,11891
8260,11987
8294,12043
8186,12022
8199,11981
8309,11970
8164,11995
8266,11918
8241,11920
8290,12039
8305,11955
8160,11930
8280,11963
8151,11912
8314,11971
8286,11941
8261,11965
8187,11930
8291,11965
8272,12057
8315,12001
8254,12003
8185,11941
8198,11932
8303,12010
8210,11901
8334,12058
8278,12008
8219,11977
8182,11936
8234,11906
8268,11970
8302,12042
8209,11932
8243,12016
8316,12039
8341,12058
8288,11930
8159,11913
8235,11886
8216,11948
8269,11934
8284,12044
8244,11984
8259,12066
8228,11995
8203,11995
8240,11951
8330,12065
8292,11970
8162,11930
8193,11925
8316,11979
8312,12042
8309,12051
8229,12005
8337,12007
8204,12025
8238,11917
8293,12014
8253,12012
8361,12030
8194,11983
8336,12024
8317,12005
8172,11944
8218,12020
8175,11903
8168,12007
8215,11899
8267,12051
8319,11964
8211,11960
8337,12067
8275,11969
8325,11997
8145,11909
8305,12072
8280,12038
8154,11901
8169,11977
8231,11941
8206,11913
8273,11944
8212,11992
8320,12014
8190,11933
8242,11943
8276,12007
8180,11951
8235,12063
8158,11926
8296,12007
8167,11996
8213,12024
8249,11933
8243,11901
8224,11929
8345,12025
8320,12074
8288,12053
8177,12010
8192,11918
8279,12061
8297,11977
8201,11984
8183,11925
8214,11944
8250,11975
8176,11981
8247,12040
8237,11912
8274,11922
8171,11973
8202,12016
8165,11911
8217,11929
8251,12013
8226,11993
8199,11895
8322,12006
8263,11994
8275,12046
8256,11948
8287,12013
8262,12017
8218,11899
8252,11915
8178,11982
8227,12011
8333,12016
8323,11994
8357,12034
8208,11878
8332,12052
8239,11960
8272,11971
8306,11963
8245,11913
8281,11963
8173,11901
8220,11917
8328,11995
8346,12006
8179,11986
8210,11939
8188,11932
8200,11956
8324,11962
8268,12068
8243,12042
8166,11955
8307,12009
8246,12027
8190,12040
8221,12011
8310,12018
8270,12000
8328,12055
8235,11912
8250,12054
8225,12040
8148,11909
8247,11993
8283,11962
8191,11944
8222,11989
8258,11944
8311,11990
8271,11968
8307,12069
8181,11934
8264,11922
8354,12044
8156,11904
8329,11961
8326,12069
8236,12008
8353,12048
8195,11923
8232,11943
8176,11896
8223,11967
8225,11956
8163,11904
8330,11995
8218,12042
8304,12018
8175,11985
8351,12038
8295,11968
8202,11879
8196,12017
8233,12041
8285,12022
8319,12054
8208,12053
8226,11884
8260,12024
8186,11987
8199,12008
8309,12013
8356,12009
8241,11883
8331,12009
8280,11936
8184,12008
8197,11999
8286,11982
8261,11992
8187,12017
8233,11973
8208,11985
8205,12033
8257,11929
8245,12062
8315,11972
8220,12032
8254,11972
8185,11912
8198,11953
8303,11985
8278,11981
8219,12012
8234,11951
8268,11999
8209,11959
8243,11927
8255,12012
8341,12037
8288,12031
8159,11924
8279,12007
8315,12032
8189,11953
8201,12046
8269,12025
8340,12063
8284,12073
8244,12029
8213,12050
8228,11936
8265,11962
8203,11966
8240,11908
8330,12042
8193,11912
8312,12015
8229,11968
8337,12026
8204,11990
8241,12068
8259,11909
8293,11977
8253,11975
8290,11955
8194,12008
8317,11968
8218,11921
8298,12037
8168,11916
8230,12000
8205,12018
8294,11931
8164,11947
8211,11935
8318,12000
8241,12000
8325,12024
8305,12035
8280,12075
8200,11886
8184,11891
8231,11904
8206,11954
8212,11973
8267,11954
8242,11904
8276,11980
8310,12056
8207,12054
8167,11963
8219,11897
8182,11984
8213,12003
8249,11904
8302,12026
8224,11902
8277,12012
8292,12062
8273,12047
8326,11971
8288,12042
8177,11981
8192,11939
8297,12012
8170,11912
8201,11963
8183,11952
8214,11917
8216,11996
8176,11938
8207,11978
8247,12071
8317,12049
8237,11939
8274,11951
8171,11992
8202,11997
8217,11964
8251,11968
8285,12060
8226,11954
8260,12050
8263,12017
8238,12029
8194,11903
8262,11914
8299,11932
8218,11876
8252,12000
8358,12027
8178,11947
8227,11982
8333,11979
8153,11915
8313,12062
8215,12011
8323,12001
8248,11951
8208,11899
8205,11879
8239,11943
8272,11992
8245,11956
8173,11928
8220,11946
8275,11953
8256,12045
8210,11964
8334,11989
8200,11929
8324,11975
8268,12033
8166,11924
8190,12013
8347,12001
8180,11999
8281,12058
8235,11951
8213,11880
8247,12020
8191,11959
8222,12030
8311,11981
8271,12015
8181,11961
8255,12058
8236,12037
8177,11898
8353,12043
8195,11958
8232,11980
8250,11959
8223,11994
8225,11951
8237,12056
8304,11991
8175,11964
8295,11999
8285,11921
8260,11909
8186,11964
8199,11911
8232,12040
8356,12022
8223,12062
8331,11980
8256,11996
8305,12009
8262,12033
8280,11973
8184,11981
8197,12026
8252,11899
8286,11987
8227,11899
8261,12003
8187,11988
8233,12008
8230,12042
8208,12022
8205,12060
8332,12004
8276,12070
8257,11964
8185,12019
8198,11978
8303,11964
8334,12064
8278,11942
8219,12035
8182,11902
8234,11976
8268,11956
8209,11978
8243,11962
8258,12052
8221,11931
8255,11979
8270,12048
8341,12000
8288,11988
8159,11955
8161,11952
8279,11970
8189,11948
8201,12049
8198,12054
8216,11894
8269,11988
8340,12036
8207,11884
8244,12058
8228,11917
8265,11933
8222,11877
8203,11925
8240,11929
8258,11992
8330,12055
8289,12020
8193,11939
8264,12002
8236,11896
8251,12074
8226,12056
8149,11923
8312,11988
8266,12071
8259,11944
8293,11988
8253,11938
8290,11948
8194,12037
8240,12069
8327,12047
8218,11962
8313,12020
8168,11921
8196,11905
8323,12059
8230,11973
8319,12006
8174,11946
8205,11981
8294,12028
8164,11952
8211,11906
8266,12027
8318,11973
8241,12027
8238,12055
8200,11891
8197,11887
8231,11935
8206,11991
8267,11913
8242,11933
8276,11945
8335,12044
8315,11956
8185,11896
8216,12037
8167,11926
8219,11932
8182,12021
8213,11982
8231,12067
8339,12009
8302,11999
8206,12051
8277,11991
8273,12066
8147,11919
8221,12048
8255,11900
8326,12004
8344,12061
8192,11992
8350,12029
8297,12023
8170,11925
8201,11934
8183,11951
8214,12006
8216,11969
8176,11911
8207,12017
8244,11885
8225,11893
8317,12044
8203,12046
8237,11966
8274,11976
8292,11967
8342,12063
8298,11985
8215,12034
8217,11943
8251,11943
8226,11951
8204,11942
8238,12006
8287,11927
8194,11928
8262,11951
8299,11955
8172,11989
8274,12044
8252,11997
8178,11908
8227,11989
8313,12033
8215,11974
8230,11888
8248,11924
8239,11906
8272,12029
8211,12047
8335,11997
8300,12049
8173,11955
8275,11924
8256,12066
8325,12040
8359,12020
8334,12030
8200,12030
8234,11886
8324,12012
8268,12062
8209,11888
8224,12066
8273,11987
8212,11957
8320,11955
8301,11962
8190,12022
8270,11950
8146,11912
8180,11972
8300,11989
8296,12060
8247,11923
8249,12016
8321,12053
8191,11922
8222,11907
8224,12014
8258,11902
8311,12008
8348,12028
8181,11940
8236,12066
8152,11929
8214,11901
8232,11985
8250,11920
8223,12001
8225,11906
8349,11996
8293,12042
8321,11985
8289,12062
8175,11931
8264,12056
8295,11962
8202,11949
8260,11938
8186,11929
8199,11938
8322,11955
8263,11905
8318,12067
8238,11885
8256,12017
8287,12056
8305,11980
8262,12058
8280,12010
8184,11954
8197,11909
8286,12020
8261,12046
8187,11979
8233,12019
8357,12029
8208,11915
8332,11969
8276,12035
8257,11991
8306,12004
8245,12068
8281,11982
8220,11994
8185,11990
8198,12015
8210,11980
8278,11931
8154,11933
8188,12009
8234,11989
8268,11921
8283,12037
8209,12013
8243,11937
8307,11964
8246,11916
8282,11958
8221,11958
8255,11990
8257,12051
8341,11979
8288,11977
8161,11947
8189,11911
8183,11889
8244,12039
8228,11882
8265,12000
8283,11969
8191,12039
8203,11880
8240,12030
8258,12021
8271,11935
8342,12005
8289,12015
8264,11975
8329,12012
8236,11925
8217,11901
8251,12033
8312,11961
8195,11974
8266,12032
8284,11943
8223,11882
8241,12050
8259,11983
8293,11967
8253,11933
8308,11992
8330,11956
8218,11943
8304,12071
8313,11999
8168,11958
8196,11950
8230,11998
8319,11981
8174,11919
8205,11944
8294,11985
8309,11960
8164,11933
8211,11881
8266,11972
8241,11998
8336,12051
8314,12025
8234,12036
8231,12026
8157,11935
8209,12062
8206,12024
8267,12012
8242,12022
8276,11926
8291,12023
8254,11961
8303,12076
8278,12054
8296,11958
8188,11900
8219,11955
8182,12014
8213,11945
8339,11980
8302,11968
8191,11892
8348,12038
8246,12059
8221,12043
8326,12025
8344,12034
8192,12029
8279,11954
8170,11966
8183,11978
8214,11995
8216,12006
8269,11940
8250,11894
8340,12020
8176,11932
8207,11932
8244,11914
8225,11880
8228,12061
8203,12005
8327,11995
8274,12005
8193,11987
8351,12002
8298,12026
8202,12035
8217,11978
8251,11930
8226,11912
8214,12039
8229,11963
8204,11907
8331,12045
8238,11979
8253,12050
8287,11954
8194,11957
8336,11970
8299,11990
8274,12073
8215,11965
8196,12049
8248,12025
8338,12039
8239,12009
8211,12018
8245,11898
8335,12024
8173,11982
8220,11900
8275,12027
8325,12051
8334,12003
8299,12050
8169,11911
8200,11971
8324,12041
8231,11887
8249,12063
8224,12039
8166,11970
8273,12022
8212,11922
8338,11979
8301,11989
8190,11995
8306,12046
8180,12001
8192,12044
8300,12018
8281,12064
8155,11921
8254,12068
8296,12065
8167,12006
8247,11918
8249,11995
8321,12040
8191,12025
8222,11940
8224,11971
8311,12039
8147,11903
8181,11983
8320,12052
8217,12059
8177,11952
8350,12045
8201,12014
8232,12022
8250,12029
8225,12005
8349,12023
8293,12053
8321,12020
8237,11982
8175,11910
8171,11919
8202,11958
8165,11997
8285,11943
8186,11906
8199,11961
8229,12064
8263,11932
8318,12036
8256,11926
8346,12056
8287,12071
8184,11927
8197,11936
8286,12057
8227,11941
8261,12073
8233,11926
8301,12038
8208,11936
8332,11998
8239,11890
8257,11978
8272,11917
8306,11969
8245,11983
8281,12017
8220,12023
8346,11996
8179,11916
8210,12009
8352,12030
8154,11910
8314,12051
8188,11974
8234,12030
8246,11937
8282,11987
8221,11985
8255,11965
8270,11998
8161,11918
8189,12002
8235,11986
8269,12042
8308,12033
8228,11895
8265,11979
8283,12004
8240,11987
8258,12014
8271,11962
8342,11998
8289,11970
8307,12063
8264,11948
8282,12055
8329,12023
8236,11954
8297,12044
8195,12013
8284,11996
8223,11889
8259,11986
8293,11930
8253,11896
8290,12002
8308,11973
8343,12026
8265,12039
8240,12063
8354,12022
8295,12042
8313,11970
8196,11979
8230,11955
8319,12072
8205,11907
8294,12074
8291,12062
8266,11937
8263,12049
8318,11955
8241,11953
8290,12070
8160,11961
8280,11930
8314,12002
8234,12065
8231,11985
8261,11934
8187,11963
8212,11892
8267,11971
8242,11987
8291,11994
8254,11906
8198,11903
8303,12043
8278,12043
8219,11990
8182,11907
8213,11924
8231,12053
8268,12001
8302,12069
8243,11985
8277,12061
8316,12070
8288,11961
8279,11945
8189,11895
8183,12001
8216,11915
8269,11967
8340,11985
8284,12051
8207,11963
8244,11959
8259,12035
8228,12026
8203,12024
8237,11892
8274,12030
8292,12001
8271,12047
8327,12022
8360,12025
8193,12022
8316,12010
8217,12013
8312,12073
8229,11910
8204,11928
8238,11948
8253,12045
8194,11950
8336,12007
8299,12013
8172,11919
8218,11991
8252,12055
8178,11898
8227,12063
8168,11974
8215,11928
8248,11998
8338,12064
8242,12034
8239,11988
8294,11937
8211,11993
8335,12007
8337,12044
8173,12009
8275,11998
8210,12047
8299,12073
8169,11946
8324,12054
8249,12034
8206,11880
8273,11913
8212,12031
8320,11981
8248,12058
8301,12016
8338,12004
8190,11964
8221,11895
8239,12040
8344,12022
8180,11918
8254,12041
8352,12036
8296,11974
8247,11941
8249,11966
8302,11952
8321,12067
8191,11972
8224,11960
8277,11938
8311,12066
8345,11994
8181,12010
8320,12041
8177,11915
8279,12066
8350,12054
8297,11946
8170,11982
8201,12017
8250,12006
8176,12012
8225,11992
8349,12050
8321,12015
8222,12037
8237,12009
8345,12054
8171,11938
8202,11923
8165,11960
8196,11885
8226,12024
8186,11887
8322,11977
8229,12043
8263,11963
8204,12051
8256,11915
8346,12037
8343,12032
8287,11970
8262,11984
8200,12055
8252,11946
8358,12033
8286,12066
8227,11912
8333,12049
8233,11961
8301,12065
8257,12013
8272,11938
8306,11994
8245,12010
8281,11924
8220,12012
8254,11896
8328,12026
8346,12025
8179,11955
8210,11906
8154,11939
8188,11939
8197,12047
8339,12045
8307,11974
8212,12034
8246,11994
8282,12028
8221,11980
8255,11928
8257,12073
8310,11997
8329,12062
8270,11971
8353,12021
8189,11997
8235,12009
8250,12073
8283,11931
8258,11915
8311,11959
8271,11937
8289,11941
8307,12034
8181,11903
8264,11953
8329,11994
8326,12036
8236,11983
8297,12055
8199,12037
8201,11902
8195,12016
8232,11910
8229,11900
8322,12056
8284,12025
8223,11932
8259,12025
8343,11985
8290,11999
8308,12002
8163,11937
8355,12008
8330,12026
8304,12049
8295,12001
8196,11984
8230,11924
8285,11991
8174,11989
8205,11934
8260,11999
8294,12047
8186,12018
8199,11977
8309,11982
8266,11914
8241,11924
8290,12035
8305,11959
8160,11934
8280,11967
8151,11908
8314,11983
8286,11945
8261,11961
8187,11934
8257,11898
8291,11937
8272,12061
8315,12005
8254,12007
8198,11920
8185,11945
8303,12022
8210,11897
8334,12062
8278,12012
8219,11981
8182,11940
8234,11918
8268,12030
8302,12046
8209,11920
8243,12020
8316,12035
8288,11934
8315,12065
8216,11952
8269,11930
8284,12040
8207,11942
8244,11996
8259,12070
8228,11975
8203,11999
8240,11939
8292,11982
8271,12074
8162,11926
8193,12009
8316,11975
8312,12046
8309,12063
8229,12001
8337,11995
8204,12021
8238,11921
8293,12010
8253,12008
8194,11979
8262,11902
8336,12028
8317,12001
8172,11940
8218,12016
8252,12044
8175,11899
8215,11895
8267,12055
8248,11971
8319,11960
8242,12063
8294,11962
8211,11964
8275,11973
8325,11993
8305,12076
8280,12042
8169,11981
8231,11937
8206,11917
8273,11948
8212,12004
8320,12002
8190,11905
8242,11939
8276,12003
8180,11947
8254,12050
8235,12051
8158,11930
8296,12011
8167,11992
8249,11937
8224,11933
8277,11917
8345,12029
8217,12065
8288,12073
8159,11902
8177,12014
8192,11906
8279,12057
8297,11981
8201,11988
8183,11921
8214,11948
8250,11971
8176,11969
8349,12045
8247,12036
8237,11908
8274,11918
8171,11961
8202,12028
8165,11907
8217,11933
8251,12001
8226,11989
8199,11891
8322,12002
8229,12054
8263,11990
8275,12050
8256,11936
8287,12009
8262,12021
8252,11911
8178,11978
8227,12015
8333,12012
8187,11896
8323,11998
8332,12048
8272,11975
8306,11959
8245,11925
8281,11967
8220,11913
8328,11999
8346,12002
8179,11990
8210,11935
8188,11928
8200,11960
8268,12064
8243,12046
8166,11959
8307,12013
8246,12031
8190,12044
8221,12007
8310,12022
8270,12004
8353,12008
8328,12059
8235,11916
8250,12050
8225,12044
8148,11905
8247,11989
8283,11966
8222,11993
8258,11940
8311,11986
8271,11980
8289,11928
8307,12073
8181,11930
8264,11926
8354,12040
8156,11932
8329,11965
8326,12057
8236,12004
8195,11927
8232,11947
8176,11900
8223,11963
8163,11908
8330,11975
8218,12054
8304,12022
8175,11997
8351,12034
8295,12028
8196,12029
8233,12045
8251,11898
8285,12018
8319,12050
8208,12041
8226,11880
8260,12004
8186,11999
8199,12004
8309,12009
8266,11927
8241,11887
8331,12013
8280,11940
8184,12012
8197,11995
8286,11954
8261,11972
8187,12021
8233,11977
8208,11989
8257,11933
8245,12058
8315,11992
8220,12060
8254,11976
8198,11957
8185,11916
8303,11997
8334,12035
8278,11969
8219,12000
8234,11947
8268,11995
8209,11947
8243,11931
8255,12008
8341,12033
8288,12019
8159,11920
8279,12003
8315,12036
8235,11897
8269,12021
8340,12059
8284,12069
8244,12025
8213,12062
8228,11948
8265,11966
8203,11954
8240,11960
8193,11916
8316,11964
8312,12019
8195,12032
8229,11980
8337,12030
8204,11986
8259,11913
8293,12021
8253,11971
8194,12004
8317,11996
8218,11933
8298,12033
8230,12004
8205,12014
8294,11935
8211,11939
8318,12004
8241,12004
8325,12004
8305,12039
8169,11984
8184,11895
8231,11964
8206,11958
8212,11969
8267,11958
8190,11882
8242,11964
8276,11976
8310,12060
8207,12050
8296,12016
8167,11959
8219,11901
8182,11988
8213,12015
8249,11908
8302,12030
8224,11890
8277,12008
8292,12058
8345,12000
8273,12035
8326,11975
8288,12046
8177,11969
8192,11943
8350,11996
8297,11984
8201,11967
8183,11916
8214,11905
8176,11942
8207,11990
8247,12067
8237,11935
8274,11947
8171,11996
8202,11993
8217,11904
8251,11972
8285,12056
8226,11982
8260,12062
8263,12013
8287,12020
8194,11899
8262,11918
8252,12028
8358,12031
8178,11943
8227,12018
8333,11975
8153,11919
8313,12066
8215,12007
8233,11879
8323,12005
8248,11955
8208,11903
8239,11939
8272,11996
8245,11952
8281,11938
8173,11924
8220,11942
8275,11957
8256,12033
8210,11960
8334,11993
8200,11933
8324,11971
8166,11912
8347,12005
8310,12011
8270,11913
8180,11995
8281,12062
8235,11939
8213,11892
8247,12016
8191,11955
8222,12002
8311,11977
8271,12011
8181,11909
8255,12038
8236,12033
8177,11902
8353,12047
8195,11962
8232,11952
8250,11955
8223,11974
8225,11939
8293,12075
8308,11956
8237,12052
8304,11979
8175,11960
8295,11995
8233,12048
8285,12013
8260,11905
8186,11960
8199,11907
8232,12044
8356,12018
8223,12058
8331,11968
8256,11984
8305,12013
8262,12037
8280,11977
8184,11985
8197,12006
8252,11895
8286,11991
8227,11903
8261,12015
8187,12008
8233,12012
8230,12046
8208,12010
8205,12056
8332,12000
8276,12066
8257,11952
8245,12037
8185,12023
8198,11982
8303,11960
8334,12068
8278,11962
8219,12039
8234,11956
8268,11952
8209,11982
8243,11966
8258,12048
8221,11927
8255,12023
8270,12052
8341,12012
8288,12008
8161,11956
8279,11998
8189,11944
8201,12053
8198,12042
8216,11898
8269,11984
8340,12032
8207,11880
8244,12006
8228,11913
8265,11905
8355,12035
8222,11881
8203,11913
8240,11933
8258,11988
8330,12051
8193,11943
8264,12006
8236,11892
8226,12052
8312,11992
8309,12069
8229,11991
8266,12067
8259,11948
8293,11984
8253,11966
8290,11944
8194,12033
8327,12043
8218,11910
8298,12074
8313,12024
8168,11925
8196,11917
8323,12063
8230,12025
8319,12002
8174,11950
8205,11977
8294,12016
8164,11964
8211,11910
8266,12007
8318,11977
8241,12031
8238,12059
8305,12058
8200,11895
8197,11883
8231,11931
8206,11995
8267,11917
8242,11929
8276,11957
8335,12040
8185,11900
8216,12041
8167,11922
8219,11920
8182,11977
8213,11978
8249,11887
8302,12003
8339,12013
8206,12055
8277,11987
8273,12070
8255,11896
8326,11992
8192,11996
8350,12001
8297,12027
8170,11921
8201,11906
8183,11947
8214,12026
8216,11973
8176,11963
8207,12029
8317,12040
8203,12034
8237,11962
8274,11972
8292,11963
8342,12051
8144,11904
8298,11997
8215,12062
8217,11947
8251,11963
8226,11947
8204,11938
8238,12010
8194,11924
8262,11939
8299,11959
8172,11985
8274,12040
8252,11993
8178,11904
8227,11993
8313,12037
8215,11970
8230,11892
8248,11928
8205,11902
8239,11918
8272,12017
8211,12051
8335,11993
8300,12045
8173,11951
8275,11928
8256,12070
8359,12016
8179,12000
8334,11970
8200,12002
8234,11882
8324,12008
8268,12058
8209,11892
8273,11991
8212,11953
8320,11959
8301,11958
8190,12026
8270,11954
8146,11908
8180,11968
8300,11985
8281,12033
8296,12032
8247,12015
8249,12020
8191,11934
8222,11911
8224,12002
8258,11898
8311,12004
8348,12024
8181,11936
8236,12062
8152,11933
8214,11889
8232,11989
8250,11932
8223,12013
8225,11910
8321,11989
8289,12050
8175,11943
8264,12060
8295,11958
8202,11945
8260,11950
8186,11941
8199,11934
8232,12049
8318,12071
8223,12065
8238,11889
8256,12021
8287,12036
8305,11968
8262,12062
8280,12014
8184,11958
8197,11905
8286,12024
8261,12042
8187,11983
8233,12023
8357,12025
8208,11919
8242,11903
8332,12029
8276,12047
8257,11947
8306,12000
8245,12064
8281,11986
8220,11990
8328,11956
8185,11994
8198,12003
8158,11902
8210,11976
8278,11935
8154,11929
8188,12005
8234,11985
8268,11917
8283,12057
8209,12001
8243,11941
8258,12045
8246,11904
8282,11954
8221,11954
8255,11986
8257,12055
8341,11991
8288,11981
8161,11951
8189,11907
8269,12075
8244,12035
8228,11926
8265,12004
8283,11973
8191,12035
8222,11890
8203,11884
8240,12018
8258,12017
8271,11931
8342,12025
8289,12003
8264,11979
8236,11921
8251,12037
8312,11965
8195,11978
8266,12044
8284,11939
8241,12054
8259,11955
8293,11963
8253,11929
8265,12064
8327,12070
8218,11939
8295,12075
8313,12003
8168,11962
8196,11946
8323,12066
8230,11986
8319,11977
8174,11923
8205,11940
8294,11989
8164,11929
8211,11885
8266,11968
8318,11986
8241,11986
8336,12055
8197,11894
8234,12032
8231,12022
8157,11931
8209,12050
8206,12028
8261,11903
8267,12000
8242,12018
8276,11922
8310,12074
8291,12027
8254,11965
8303,12072
8278,12074
8296,11962
8188,11896
8219,11959
8182,12002
8213,11957
8339,11984
8302,11972
8191,11888
8348,12034
8246,12063
8221,12039
8326,12029
8344,12038
8192,12017
8170,11962
8183,11974
8214,11999
8216,12010
8269,11936
8250,11890
8340,12016
8176,11920
8207,11928
8244,11926
8225,11884
8228,12057
8203,12057
8240,11885
8327,11991
8274,12001
8193,11991
8351,12014
8298,12006
8202,12047
8217,11982
8251,11934
8285,12078
8226,11908
8214,12059
8229,11943
8204,11967
8331,12033
8238,11983
8287,11966
8194,11953
8336,11974
8299,11978
8274,12069
8178,11933
8333,11965
8215,11961
8248,12029
8338,12035
8242,12069
8239,12021
8211,12022
8335,11972
8300,12074
8173,11978
8220,11896
8275,12031
8325,12063
8334,12007
8299,12054
8169,11915
8200,11975
8234,11895
8231,11883
8324,12021
8249,12067
8224,12059
8166,11974
8273,12010
8212,11934
8338,11975
8301,11985
8190,11999
8344,11989
8306,12042
8180,12013
8192,12032
8300,12014
8281,12068
8155,11925
8254,12072
8296,12069
8167,12002
8247,11914
8249,11999
8321,12044
8191,12005
8222,11944
8224,11975
8311,12035
8181,11979
8217,12063
8177,11956
8152,11906
8214,11882
8232,12026
8250,12025
8225,12025
8349,12019
8293,12049
8321,11976
8237,11978
8175,11906
8171,11907
8202,11954
8165,11993
8285,11939
8186,11918
8199,11957
8263,11928
8318,12040
8331,11962
8256,12010
8287,12067
8305,11995
8184,11931
8197,11948
8286,12061
8227,11945
8261,12053
8233,11930
8301,12034
8208,11940
8332,11994
8239,11902
8257,11982
8306,12029
8245,11979
8281,12021
8220,12019
8346,11992
8179,11920
8210,12005
8352,12018
8154,11906
8314,12063
8188,11970
8234,12026
8258,12070
8246,11941
8282,11999
8221,11949
8255,11961
8257,12042
8270,12066
8161,11906
8189,12030
8235,11990
8269,12038
8244,12072
8308,12045
8228,11891
8265,11983
8283,12024
8240,11991
8258,12010
8342,11986
8289,11974
8264,11984
8282,12051
8329,12027
8236,11950
8217,11876
8195,11985
8284,11992
8223,11901
8259,11990
8253,11892
8290,12030
8308,11969
8343,12022
8163,11998
8265,12043
8240,12051
8354,12018
8295,12038
8313,11974
8196,11959
8230,11959
8319,11988
8205,11967
8291,12034
8266,11949
8263,12045
8318,11959
8241,11957
8325,11957
8290,12066
8280,11934
8314,12014
8231,11981
8206,12001
8261,11930
8187,11967
8212,11888
8267,11975
8242,11983
8291,11998
8254,11910
8198,11891
8303,12055
8278,12047
8219,11946
8182,11911
8213,11920
8231,12049
8302,12073
8243,11989
8277,12057
8316,12066
8221,12066
8288,11965
8279,11941
8189,11891
8216,11919
8269,11963
8340,11997
8207,11911
8244,11955
8259,12039
8228,12006
8203,12028
8237,11888
8274,12026
8292,12013
8271,12043
8327,12018
8360,12029
8162,11961
8193,11978
8351,12021
8316,12006
8217,12017
8229,11906
8337,11972
8204,11924
8238,11952
8253,12041
8194,11946
8336,11995
8299,12001
8172,11915
8218,11987
8252,12051
8227,12035
8168,11978
8215,11924
8323,11954
8248,12002
8338,12060
8239,11984
8211,11997
8335,12003
8337,12032
8173,12005
8275,12002
8210,12043
8169,11950
8324,12050
8249,12038
8206,11884
8166,11995
8273,11917
8212,12027
8320,11969
8248,12062
8301,12012
8338,12000
8190,11936
8221,11891
8239,12052
8344,12026
8180,11914
8155,11912
8254,12045
8296,11978
8247,11937
8249,11970
8302,11956
8321,12071
8191,11968
8224,11964
8277,11950
8345,11998
8320,12045
8217,12034
8177,11919
8297,11950
8170,11978
8201,12021
8250,12002
8176,12000
8225,11996
8349,12014
8321,12003
8222,12041
8237,12005
8345,12058
8171,11942
8202,11935
8165,11940
8196,11881
8226,12020
8322,11973
8263,11959
8204,12047
8256,11919
8346,12033
8343,12060
8287,11982
8262,11988
8172,11902
8200,12059
8184,11904
8197,11959
8252,11942
8358,12037
8286,12070
8178,12013
8227,11916
8333,12045
8233,11965
8301,12061
8208,11961
8257,12001
8272,11942
8306,11990
8245,12022
8281,11928
8220,12008
8254,11900
8328,12030
8179,11959
8210,12030
8188,11967
8197,12043
8339,12049
8307,11978
8212,12046
8246,11998
8282,12024
8221,11976
8255,11908
8329,12034
8310,11985
8270,11975
8189,11993
8235,12013
8308,12074
8265,11986
8283,11935
8258,11911
8271,11949
8289,11961
8307,12038
8181,11899
8193,12048
8264,11957
8329,11998
8236,11979
8297,12059
8199,12033
8195,12020
8232,11914
8229,11896
8322,12052
8284,12021
8223,11928
8204,11902
8259,12029
8343,12013
8290,11995
8308,12014
8163,11941
8355,12012
8330,12006
8304,12053
8354,12015
8295,12061
8196,11996
8230,11912
8285,11987
8174,11993
8205,11930
8260,11995
8294,12035
8186,12030
8199,11973
8309,11978
8266,11958
8263,12072
8241,11912
8290,12063
8160,11922
8151,11904
8314,11979
8286,11949
8261,11941
8187,11922
8267,11994
8257,11902
8291,11941
8272,12049
8315,12025
8254,12011
8185,11949
8198,11924
8303,12018
8210,11893
8278,12000
8219,11969
8182,11960
8234,11914
8268,12026
8302,12050
8209,11924
8243,12024
8277,12036
8316,12063
8341,12066
8315,12069
8189,11886
8216,11956
8269,11926
8284,12036
8207,11938
8244,11992
8228,11971
8203,11987
8240,11943
8292,11978
8162,11922
8193,12013
8298,11948
8316,11971
8312,12050
8309,12059
8229,12013
8337,11999
8204,12017
8238,11925
8253,12004
8194,11975
8336,12016
8317,12029
8172,11936
8218,12028
8252,12040
8150,11903
8313,11958
8215,11891
8267,12043
8248,11975
8242,12059
8294,11966
8211,11968
8337,12059
8275,11977
8325,11973
8305,12064
8280,12046
8188,12033
8169,11953
8206,11921
8273,11936
8212,12000
8320,12006
8248,12035
8338,12029
8190,11909
8221,11886
8276,12015
8180,11959
8254,12054
8235,12055
8158,11934
8296,12015
8167,11988
8249,11941
8224,11921
8320,12066
8288,12077
8177,12002
8192,11910
8279,12053
8297,11953
8170,11991
8201,11992
8214,11936
8250,11983
8176,11973
8349,12041
8247,12032
8222,12050
8237,11904
8274,11914
8193,11898
8171,11965
8202,12024
8165,11919
8196,11894
8251,12005
8226,11985
8199,11887
8322,12030
8229,12050
8263,11986
8275,12054
8256,11940
8287,11989
8262,12009
8252,11907
8178,11974
8227,11923
8333,12008
8187,11900
8323,11970
8332,12044
8272,11963
8306,11955
8245,11921
8220,11909
8328,11971
8346,12014
8179,11994
8210,11931
8188,11924
8200,11964
8197,12054
8243,12050
8166,11947
8307,12017
8246,12019
8282,12005
8221,12003
8310,11978
8270,12008
8353,12012
8328,12063
8235,11904
8250,12062
8225,12032
8148,11917
8247,11985
8283,11954
8222,11997
8258,11936
8271,11976
8289,11932
8193,12043
8264,11930
8354,12036
8156,11928
8255,12071
8326,12061
8236,12000
8199,12060
8195,11931
8232,11951
8223,11943
8163,11912
8355,12019
8330,11971
8218,12050
8304,12010
8175,11993
8351,12046
8295,12024
8202,11887
8196,12025
8251,11902
8285,11982
8319,12062
8174,11970
8208,12045
8260,12000
8186,11995
8199,12000
8309,12021
8266,11923
8331,12001
8280,11944
8197,11975
8286,11958
8261,11968
8187,11913
8233,11981
8208,11977
8257,11921
8347,12051
8315,11996
8220,12056
8254,11980
8185,11920
8198,11945
8303,11993
8334,12039
8278,11973
8219,12004
8234,11927
8268,11991
8209,11951
8243,11935
8341,12045
8288,12023
8159,11932
8279,12031
8315,12056
8235,11901
8269,12017
8284,12065
8244,11973
8213,12058
8228,11944
8265,11938
8203,11958
8240,11964
8292,11991
8162,11919
8193,11904
8316,11960
8312,12023
8309,12038
8195,12036
8229,11976
8337,12018
8204,11982
8259,11917
8293,12017
8253,11999
8194,12000
8317,11992
8172,11965
8218,11929
8298,12045
8215,11886
8205,12010
8211,11943
8318,12008
8325,12000
8169,11988
8184,11899
8231,11960
8206,11962
8273,11963
8212,11981
8267,11946
8190,11886
8242,11960
8276,11988
8310,12048
8300,11965
8158,11939
8207,12062
8296,12020
8167,11955
8219,11889
8213,12011
8249,11912
8224,11894
8277,12020
8292,12038
8345,12004
8273,12039
8326,11963
8288,12034
8177,11973
8192,11963
8297,11988
8201,11939
8183,11912
8214,11909
8176,11994
8207,11986
8321,11961
8317,12073
8237,11931
8274,11943
8171,11984
8202,11973
8217,11908
8251,11992
8285,12052
8226,11978
8260,12058
8263,12009
8287,12016
8194,11895
8262,11906
8218,11884
8252,12024
8358,12019
8178,11939
8227,12022
8333,11971
8153,11923
8313,12070
8168,11903
8215,12003
8233,11883
8323,12009
8248,11959
8208,11891
8239,11951
8272,11984
8245,11964
8281,11942
8173,11920
8220,11938
8275,11961
8256,12037
8179,11969
8210,11956
8334,11997
8200,11905
8324,11983
8166,11916
8347,12025
8310,12015
8270,11917
8235,11943
8213,11888
8247,11980
8283,11945
8191,11967
8222,12006
8348,11999
8311,11973
8271,12023
8181,11905
8255,12034
8236,12029
8353,12035
8186,12032
8195,11966
8232,11956
8250,11967
8322,12074
8223,11970
8225,11943
8237,12048
8304,11983
8175,11972
8351,12053
8295,11991
8233,12052
8285,12009
8260,11917
8186,11972
8199,12031
8356,12030
8223,12038
8331,11972
8256,11988
8305,12001
8280,11981
8184,11989
8197,12002
8252,11891
8286,11995
8261,12011
8187,12012
8233,11984
8230,12034
8208,12014
8205,12052
8257,11956
8245,12033
8254,11985
8185,12027
8198,11970
8303,11972
8278,11966
8219,12059
8182,11894
8234,11952
8268,11948
8209,11970
8243,11906
8282,11925
8221,11923
8255,12019
8270,12056
8341,12008
8288,12012
8279,11994
8189,11940
8201,12057
8198,12046
8216,11902
8269,11980
8340,12044
8207,11892
8244,12002
8213,12037
8228,11957
8265,11909
8355,12039
8222,11885
8203,11917
8240,11921
8258,11984
8330,12063
8193,11963
8264,12010
8236,11888
8251,12066
8226,12048
8312,11996
8309,12065
8229,11987
8259,11920
8293,11996
8253,11962
8290,11940
8327,12039
8218,11906
8298,12054
8313,12028
8168,11929
8196,11913
8323,12035
8230,12029
8319,12014
8174,11954
8205,11973
8294,12020
8362,12020
8164,11960
8211,11914
8266,12003
8318,11981
8241,12019
8238,12063
8305,12062
8200,11899
8231,11927
8206,11999
8190,11891
8242,11925
8276,11953
8335,12052
8216,12045
8207,12037
8296,11929
8167,11918
8219,11924
8182,11981
8213,11990
8249,11891
8302,12007
8339,12017
8206,12059
8224,11883
8277,11999
8273,12058
8326,11996
8177,11992
8192,11984
8350,12005
8297,12031
8170,11933
8201,11910
8183,11943
8214,12030
8216,11977
8176,11967
8207,12025
8244,11893
8317,12036
8203,12038
8237,11958
8274,11968
8292,11943
8342,12055
8144,11908
8298,11993
8215,12058
8217,11951
8251,11967
8285,12047
8226,11943
8260,12071
8238,12014
8287,11935
8194,11920
8262,11943
8299,11947
8172,11981
8274,12036
8252,11989
8178,11964
8227,11997
8333,11998
8313,12041
8215,11998
8230,11880
8248,11932
8205,11898
8239,11914
8272,12021
8211,12055
8245,11943
8300,12041
8173,11947
8275,11932
8359,12012
8179,12004
8334,11974
8200,12006
8324,11988
8268,12054
8209,11880
8166,12001
8273,11979
8212,11965
8301,11954
8190,12030
8270,11958
8146,11904
8180,11980
8300,11981
8281,12037
8235,11962
8296,12036
8247,12011
8249,12024
8191,11930
8222,11915
8224,12006
8348,12020
8311,12000
8181,11948
8236,12058
8214,11893
8232,11993
8250,11928
8223,12009
8225,11930
8289,12054
8175,11939
8264,12032
8295,11954
8150,11923
8260,11946
8186,11937
8199,11930
8232,12053
8318,12075
8331,11995
8238,11893
8256,11977
8287,12032
8305,11972
8262,12050
8280,12018
8184,11962
8197,11917
8286,12028
8261,12022
8187,11971
8233,12027
8208,11907
8242,11899
8332,12025
8276,12043
8257,11951
8281,11990
8220,11986
8328,11960
8185,11998
8198,12007
8210,11972
8278,11923
8188,12001
8234,11997
8268,11913
8283,12061
8209,12005
8243,11945
8258,12041
8246,11908
8282,11966
8221,11918
8255,11998
8341,11987
8288,11969
8161,11939
8192,11898
8189,11935
8216,11875
8269,12071
8244,12047
8247,11900
8228,11922
8265,12008
8283,11993
8191,12047
8222,11894
8240,12022
8258,11981
8342,12029
8289,12007
8264,11983
8236,11917
8251,12057
8226,12045
8149,11910
8312,11969
8195,11982
8266,12040
8284,11967
8241,12042
8259,11959
8253,11925
8265,12068
8330,11964
8327,12066
8218,11951
8295,12071
8313,12007
8168,11966
8196,11926
8323,12070
8230,11990
8319,12021
8174,11927
8205,11936
8294,11977
8291,12067
8164,11909
8211,11889
8266,11980
8318,11990
8241,11990
8238,12032
8336,12043
8197,11890
8234,12044
8231,12018
8157,11927
8209,12054
8206,11968
8267,12004
8242,12014
8276,11934
8291,12031
8254,11937
8278,12078
8296,11966
8188,11892
8219,11915
8182,12006
8213,11953
8339,11988
8302,11976
8191,11900
8246,12051
8221,12035
8326,12017
8344,12042
8192,12021
8170,11942
8183,11970
8214,11987
8216,12014
8250,11902
8340,12028
8176,11924
8207,12004
8244,11922
8228,12037
8203,12061
8327,11987
8274,11997
8342,12040
8351,12010
8298,12002
8202,12043
8217,11986
8251,11922
8285,12074
8226,11904
8214,12063
8229,11939
8204,11963
8331,12037
8238,11987
8253,12074
8287,11962
8194,11917
8262,11960
8299,11982
8172,12010
8274,12065
8178,11929
8227,12064
8333,11961
8215,11957
8248,11905
8242,12065
8239,12017
8211,12026
8335,11968
8300,12070
8173,11974
8220,11892
8325,12059
8334,12011
8299,12042
8169,11919
8200,11979
8234,11891
8231,11879
8324,12017
8249,12071
8224,12063
8273,12014
8212,11930
8301,11981
8190,11971
8344,11993
8306,12038
8180,12009
8192,12036
8300,12010
8281,12072
8296,12073
8247,11910
8249,12003
8321,12032
8191,12001
8222,11948
8224,11995
8311,12063
8181,11991
8177,11944
8152,11910
8214,11886
8195,11880
8232,12030
8250,11909
8223,12020
8225,12029
8293,12061
8321,11980
8237,11974
8289,12041
8304,11961
8175,11918
8171,11911
8202,11966
8285,11967
8260,11959
8186,11914
8199,11953
8263,11924
8318,12044
8331,11966
8256,12014
8305,11999
8184,11935
8197,11944
8286,12033
8227,11949
8261,12049
8233,11934
8208,11928
8332,11990
8239,11898
8257,11970
8143,11906
8306,12025
8245,11991
8281,12025
8220,11983
8185,11969
8198,12024
8179,11924
8210,12001
8352,12022
8154,11918
8314,12059
8188,11998
8234,12006
8209,12024
8258,12066
8246,11961
8282,11995
8221,11945
8255,11941
8257,12046
8329,12067
8270,12070
8180,11900
8161,11910
8189,12026
8235,11978
8269,12034
8308,12041
8228,11903
8265,12019
8283,12028
8240,11979
8258,12006
8342,11990
8289,11994
8264,11988
8282,12063
8329,12031
8236,11946
8217,11880
8195,11989
8232,11881
8266,12053
8284,11988
8223,11897
8259,11994
8343,12018
8290,12026
8308,11981
8265,12047
8240,12055
8295,12034
8313,11978
8196,11955
8230,11947
8319,11984
8205,11963
8294,12066
8291,12038
8164,12002
8266,11945
8263,12041
8318,11963
8241,11945
8256,11897
8160,11953
8336,12064
8314,12010
8231,11977
8157,11954
8206,12005
8261,11910
8187,11955
8212,11900
8267,12027
8242,11979
8291,11970
8254,11914
8198,11895
8303,12051
8278,12035
8219,11950
8182,11931
8213,11932
8231,12045
8243,11993
8277,12069
8288,11953
8192,12010
8279,11937
8183,12025
8216,11923
8269,11959
8340,11993
8207,11907
8244,11967
8259,12043
8228,12002
8203,12016
8237,11884
8274,12022
8292,12009
8271,12055
8327,12014
8162,11957
8193,11982
8351,12017
8316,12002
8202,12052
8217,12021
8251,11913
8229,11918
8204,11920
8331,12056
8238,11956
8253,12037
8194,11942
8336,11999
8299,12005
8172,11911
8218,11999
8227,12039
8168,11982
8215,11920
8323,11958
8267,12072
8248,12006
8338,12056
8239,11996
8211,12001
8245,11885
8335,12015
8337,12036
8173,12001
8275,12006
8325,12070
8210,12039
8299,12065
8169,11922
8200,11984
8324,12062
8249,12042
8206,11888
8166,11999
8212,11911
8320,11973
8248,12066
8301,12008
8338,11996
8190,11940
8239,12048
8344,12030
8180,11926
8155,11916
8296,11982
8247,11965
8249,11974
8302,11960
8191,11980
8222,11953
8224,11952
8277,11946
8320,12033
8217,12038
8177,11907
8201,12025
8250,12014
8176,12004
8225,11984
8349,12010
8321,12007
8222,12045
8237,12001
8171,11930
8202,11931
8165,11936
8226,12016
8186,11895
8322,11969
8263,11955
8318,12049
8204,12043
8256,11907
8346,12045
8343,12056
8287,11978
8262,11976
8184,11908
8197,11955
8252,11938
8286,12074
8178,12009
8227,11952
8333,12041
8233,11937
8248,11889
8301,12057
8208,11965
8257,12005
8272,11930
8306,11986
8245,12018
8281,11932
8220,12004
8328,12002
8179,11963
8210,12026
8352,12011
8314,12036
8188,11963
8339,12053
8307,11982
8212,12042
8246,11986
8282,11972
8221,11972
8255,11904
8257,12065
8310,11989
8329,12038
8270,11979
8189,11989
8235,12001
8269,12061
8225,12065
8265,11990
8283,11923
8258,11907
8271,11945
8289,11965
8307,12042
8193,12052
8264,11961
8156,11903
8329,11970
8236,11975
8297,12063
8201,11878
8195,12024
8232,11918
8322,12048
8284,12017
8223,11908
8204,11898
8259,12001
8343,12009
8290,11991
8308,12010
8163,11945
8265,12050
8330,12002
8304,12041
8354,12011
8295,12057
8196,11992
8230,11916
8174,11997
8205,11926
8260,11975
8294,12039
8186,12026
8199,11969
8309,11990
8164,11983
8266,11954
8263,12068
8241,11916
8290,12059
8160,11926
8314,11991
8157,11949
8261,11937
8187,11926
8267,11998
8291,11945
8272,12053
8315,12029
8254,12015
8185,11953
8198,11912
8303,12030
8210,11889
8278,12004
8219,11973
8182,11964
8213,11911
8268,12022
8302,12054
8209,11912
8243,12028
8277,12032
8246,12073
8316,12059
8288,11926
8279,11932
8216,11960
8269,11922
8340,11974
8284,12032
8207,11950
8244,11940
8228,11983
8203,11991
8292,12022
8162,11950
8193,12001
8316,11999
8312,12054
8229,12009
8337,11987
8204,12013
8238,11929
8253,12000
8194,11971
8336,12020
8299,12024
8317,12025
8172,11932
8218,12024
8252,12036
8313,11962
8168,11987
8215,11919
8267,12047
8248,11979
8242,12055
8294,11954
8211,11972
8337,12063
8275,11981
8325,11969
8305,12068
8280,12050
8169,11957
8206,11925
8273,11940
8212,12012
8246,11896
8248,12039
8320,12026
8338,12025
8190,11913
8221,11882
8276,12011
8344,12003
8180,11955
8155,11939
8254,12058
8235,12043
8158,11906
8296,11987
8167,11984
8249,11945
8224,11925
8277,11925
8292,12069
8320,12070
8288,12065
8177,12006
8192,11930
8279,12049
8297,11957
8170,11987
8201,11996
8214,11940
8250,11979
8225,11979
8349,12037
8247,12060
8222,12054
8237,12028
8345,12033
8193,11902
8171,11953
8202,12004
8165,11915
8196,11890
8251,12025
8226,12013
8199,11883
8322,12026
8229,12062
8263,11982
8275,12058
8256,11960
8287,11985
8262,12013
8252,11935
8178,11970
8227,11927
8333,12004
8187,11888
8323,11974
8332,12040
8272,11967
8245,11933
8220,11905
8328,11975
8346,12010
8179,11998
8210,11927
8188,11920
8200,11936
8197,12050
8243,12054
8166,11951
8307,12021
8246,12023
8282,12001
8221,12031
8310,11982
8270,12012
8353,12000
8328,12035
8235,11908
8250,12058
8225,12036
8148,11913
8283,11958
8222,11969
8258,11964
8271,11988
8193,12047
8264,11934
8282,12069
8156,11924
8354,12032
8255,12067
8326,12049
8236,11996
8297,12066
8199,12056
8195,11935
8232,11923
8322,12045
8284,12014
8223,11939
8163,11916
8355,12023
8330,11983
8218,12062
8304,12014
8175,12005
8351,12042
8295,12020
8202,11883
8196,12005
8251,11890
8285,11978
8319,12058
8174,11974
8208,12033
8260,12012
8294,12056
8186,12007
8199,11996
8309,12017
8164,11988
8266,11935
8331,12005
8160,11915
8280,11948
8184,12020
8197,11971
8286,11962
8261,11980
8187,11917
8208,11981
8257,11925
8347,12055
8272,12074
8315,11984
8220,12052
8254,12016
8198,11949
8185,11924
8303,12005
8334,12043
8278,11993
8219,12024
8234,11923
8268,11987
8209,11939
8243,12003
8341,12041
8159,11928
8279,12027
8315,12060
8235,11889
8269,12013
8340,12067
8244,11969
8228,11988
8265,11942
8203,11946
8240,11952
8292,11987
8162,11915
8193,11908
8298,11957
8316,11956
8312,12027
8309,12034
8195,12040
8229,12020
8337,12022
8204,11978
8238,11906
8293,12029
8253,11995
8194,12028
8317,11988
8172,11961
8218,12005
8298,12041
8215,11882
8205,12006
8294,11927
8211,11947
8318,12012
8325,12012
8179,11896
8169,11992
8184,11903
8231,11956
8206,11966
8273,11967
8212,11977
8267,11950
8190,11922
8242,11956
8276,11984
8310,12052
8300,11961
8158,11943
8207,12058
8296,12024
8167,11951
8219,11893
8213,12023
8249,11916
8243,11884
8224,11914
8277,12016
8292,12034
8345,12008
8326,11967
8288,12038
8192,11967
8279,12044
8297,11992
8201,11943
8183,11908
8214,11929
8176,11998
8207,11998
8321,11965
8317,12069
8237,11927
8274,11939
8171,11988
8202,11969
8165,11926
8217,11912
8251,11996
8285,12048
8226,11974
8260,12038
8263,12005
8275,12033
8287,12028
8194,11891
8262,11910
8218,11880
8252,12020
8358,12023
8178,11999
8227,12026
8333,12031
8153,11927
8313,12074
8215,12031
8233,11887
8323,12013
8248,11963
8208,11895
8239,11947
8272,11988
8245,11960
8281,11946
8173,11916
8220,11966
8275,11965
8256,12057
8179,11973
8210,11952
8188,11917
8200,11909
8324,11979
8166,11904
8246,12008
8347,12029
8310,12003
8270,11921
8235,11931
8250,12039
8213,11900
8247,11976
8283,11949
8191,11963
8222,12010
8348,11995
8311,11969
8271,12019
8181,11917
8255,12046
8236,12025
8353,12039
8195,11938
8232,11960
8250,11963
8322,12070
8223,11982
8225,11963
8308,11964
8163,11923
8237,12044
8360,12033
8304,11971
8175,11968
8351,12049
8295,11987
8202,11892
8233,12056
8285,12005
8260,11913
8186,11968
8199,12027
8356,12026
8223,12034
8241,11898
8331,12024
8305,12005
8280,11985
8184,11993
8197,12014
8286,11999
8227,11879
8261,11991
8187,12000
8233,11988
8230,12038
8208,12002
8205,12048
8276,12074
8257,11912
8347,12042
8245,12045
8254,11989
8185,12031
8198,11974
8303,11968
8278,11954
8219,12063
8234,11964
8268,11944
8209,11974
8243,11910
8282,11921
8255,12031
8270,12060
8341,12020
8288,12000
8159,11943
8279,11990
8189,11936
8201,12061
8198,12034
8269,11976
8340,12040
8207,11888
8244,12014
8213,12033
8228,11953
8265,11913
8355,12043
8203,11905
8240,11925
8327,11967
8330,12059
8193,11967
8264,12014
8171,11902
8236,11884
8251,12070
8312,12000
8229,11999
8266,12075
8284,11934
8259,11924
8293,11992
8253,11958
8290,11936
8317,11983
8327,12035
8218,11918
8298,12050
8168,11933
8323,12039
8230,12017
8319,12010
8174,11958
8205,11969
8260,11900
8294,12008
8164,11940
8211,11918
8266,12015
8318,12017
8241,12023
8238,12067
8325,12023
8305,12050
8169,12003
8200,11903
8231,11923
8206,11939
8267,11909
8190,11895
8242,11921
8276,11965
8310,12041
8335,12048
8216,12049
8207,12033
8296,11933
8167,11914
8219,11880
8182,11969
8213,11986
8249,11895
8302,12011
8339,12021
8206,12063
8224,11887
8277,11995
8273,12062
8326,11984
8177,11996
8192,11988
8350,12009
8297,12003
8170,11929
8201,11914
8183,11939
8214,12018
8216,11981
8176,11955
8207,11973
8244,11889
8228,12068
8317,12032
8237,11954
8274,11964
8298,11973
8215,12054
8217,11955
8251,11955
8285,12043
8226,11939
8260,12067
8331,12066
8238,12018
8287,11931
8194,11884
8262,11931
8299,11951
8172,11977
8274,12032
8252,11985
8178,11960
8227,11969
8333,11994
8313,12045
8215,11994
8233,11890
8230,11884
8323,12016
8248,11936
8205,11894
8239,11926
8272,12009
8211,12059
8245,11939
8300,12037
8173,11943
8275,11936
8179,12008
8334,11978
8200,12010
8324,11984
8268,12050
8209,11884
8243,12064
8166,12005
8273,11983
8212,11961
8301,11950
8190,12002
8270,11962
8306,12073
8180,11976
8300,11977
8281,12041
8235,11966
8296,12040
8213,11879
8247,12007
8249,12028
8191,11910
8222,11919
8224,12026
8348,12016
8311,12028
8181,11944
8156,11950
8255,12053
8236,12054
8232,11997
8250,11940
8223,11989
8225,11934
8237,12071
8289,12074
8304,11992
8175,11951
8264,12036
8295,11950
8150,11927
8233,12067
8260,11926
8186,11949
8199,11926
8232,12057
8331,11999
8238,11897
8256,11981
8287,12044
8305,12024
8262,12054
8280,12022
8184,11966
8197,11913
8286,12000
8261,12018
8187,11975
8233,12031
8230,12059
8208,11911
8242,11895
8332,12021
8276,12055
8257,11939
8245,12072
8281,11994
8328,11964
8185,12002
8198,11995
8303,11951
8210,11968
8278,11927
8188,12029
8234,11993
8268,11909
8283,12049
8209,11993
8243,11949
8258,12037
8246,11928
8282,11962
8221,11914
8255,11994
8270,12033
8341,11999
8288,11973
8161,11943
8192,11902
8279,11981
8189,11931
8216,11879
8269,12067
8244,12043
8247,11896
8228,11934
8265,12012
8283,11997
8191,12043
8222,11898
8240,12010
8258,11977
8342,12017
8289,12027
8264,12019
8236,11913
8251,12061
8226,12041
8149,11906
8312,11973
8284,11963
8241,12046
8259,11963
8253,11921
8290,11933
8265,12072
8330,11960
8327,12062
8218,11947
8295,12067
8313,12011
8168,11938
8196,11922
8323,12074
8230,11978
8319,12017
8174,11931
8205,11996
8294,11981
8291,12071
8164,11905
8211,11893
8266,11976
8318,11994
8241,11978
8238,12036
8336,12047
8197,11902
8234,12040
8231,12014
8157,11923
8209,12042
8206,11972
8267,11928
8242,12010
8276,11930
8310,12066
8291,12003
8254,11941
8185,11887
8278,12066
8188,11888
8219,11919
8182,12026
8213,11965
8339,11992
8302,11980
8191,11896
8206,12032
8277,11974
8246,12055
8221,12063
8326,12021
8344,12046
8192,11977
8350,12018
8170,11938
8183,11998
8214,11991
8216,12018
8250,11898
8340,12024
8176,11912
8207,12000
8244,11934
8228,12033
8203,12049
8327,11983
8274,11993
8342,12044
8298,12014
8215,12045
8217,11990
8251,11926
8285,12070
8226,11932
8214,12051
8229,11951
8204,11959
8238,11991
8253,12070
8287,11942
8194,11913
8262,11964
8299,11970
8317,11967
8172,12006
8274,12061
8252,11982
8178,11925
8227,12068
8215,11953
8196,12037
8248,11909
8239,12029
8211,12030
8335,11980
8300,12066
8173,11970
8220,11888
8325,12039
8334,12015
8299,12046
8200,11983
8234,11903
8324,12029
8249,12075
8224,12051
8273,12002
8212,11942
8301,11977
8190,11975
8310,11961
8344,11997
8306,12034
8300,12006
8281,12076
8296,12077
8247,11906
8249,12007
8321,12036
8191,12013
8222,11920
8224,11999
8348,12013
8311,12059
8181,11987
8177,11948
8152,11914
8195,11884
8232,12002
8250,11905
8223,12016
8225,12017
8293,12057
8321,11968
8237,11970
8289,12045
8304,11965
8175,11914
8150,11912
8202,11962
8285,11963
8260,11955
8186,11926
8199,11949
8263,11920
8256,12002
8287,12075
8305,11987
8184,11939
8197,11924
8286,12037
8261,12061
8233,11906
8208,11932
8332,11986
8257,11974
8306,12021
8245,11987
8281,12029
8220,11979
8185,11973
8198,12028
8179,11928
8210,11997
8154,11914
8314,12071
8188,11994
8234,12002
8209,12028
8246,11965
8282,11943
8221,11941
8255,11937
8257,12034
8329,12071
8270,12074
8180,11896
8161,11930
8189,12022
8185,12033
8235,11982
8308,12053
8228,11899
8265,12023
8283,12016
8203,11899
8240,11983
8258,12002
8271,11918
8342,12010
8289,11998
8264,11992
8282,12059
8329,12003
8236,11942
8217,11884
8195,11993
8232,11885
8266,12049
8284,11984
8223,11877
8259,11998
8253,11916
8290,12022
8308,11977
8240,12043
8304,12072
8313,11982
8196,11967
8230,11951
8319,11996
8205,11959
8294,12070
8291,12042
8309,11959
8266,11989
8263,12037
8318,11967
8241,11949
8256,11901
8325,11965
8160,11957
8336,12068
8314,12022
8234,12053
8231,11973
8157,11918
8206,12009
8261,11906
8187,11959
8212,11896
8267,12031
8242,11975
8291,11974
8254,11918
8198,11883
8303,12063
8278,12039
8188,11885
8219,11938
8182,11935
8213,11928
8231,12041
8243,11997
8277,12065
8246,12040
8288,11957
8192,12014
8279,11965
8183,12021
8214,11976
8216,11927
8269,11955
8340,12005
8207,11919
8244,11963
8259,12047
8228,12014
8203,12020
8240,11898
8237,11880
8274,12018
8327,12010
8271,12051
8162,11953
8193,11970
8351,12029
8316,12030
8202,12048
8217,12025
8251,11917
8229,11914
8356,12038
8204,11916
8331,12060
8238,11960
8253,12033
8194,11938
8336,11987
8299,11993
8172,11907
8218,11995
8252,12075
8227,12043
8215,11948
8323,11962
8248,12010
8338,12052
8239,11992
8211,12005
8335,12011
8173,11997
8220,11885
8275,12010
8325,12066
8210,12035
8299,12069
8169,11926
8200,11988
8324,12058
8231,11902
8249,12046
8206,11892
8224,12040
8166,11987
8212,11907
8320,11993
8248,12070
8301,12004
8338,11992
8190,11944
8239,12060
8306,12063
8180,11922
8155,11904
8352,12048
8247,11961
8249,11978
8302,11964
8191,11976
8222,11957
8224,11956
8277,11958
8320,12037
8217,12042
8177,11911
8350,12034
8201,12029
8195,11891
8250,12010
8225,11988
8349,12006
8321,12027
8237,11997
8171,11934
8202,11911
8165,11948
8186,11891
8322,11997
8263,11951
8318,12053
8204,12039
8256,11911
8346,12041
8343,12052
8262,11980
8200,12035
8184,11912
8197,11967
8252,11966
8286,12078
8178,12005
8227,11956
8333,12037
8233,11941
8248,11893
8301,12053
8208,11953
8239,11885
8257,12025
8272,11934
8306,11982
8245,12030
8281,12000
8220,12000
8328,12006
8179,11967
8210,12022
8352,12015
8314,12032
8188,11959
8339,12057
8283,12075
8307,11986
8212,12054
8246,11990
8282,11968
8221,11968
8255,11916
8257,12069
8329,12042
8270,11983
8161,11901
8189,11985
8328,12066
8235,12005
8269,12057
8225,12069
8265,11994
8283,11927
8258,11935
8271,11957
8342,11983
8289,11953
8307,12046
8264,11965
8282,12036
8329,11974
8236,11971
8297,12035
8201,11882
8195,12028
8232,11890
8284,11981
8223,11904
8204,11894
8259,12005
8343,12005
8290,11987
8308,12022
8163,11949
8265,12054
8330,12014
8304,12045
8354,12007
8295,12053
8196,11972
8230,11904
8174,12001
8205,11922
8260,11971
8291,12049
8309,11986
8266,11966
8263,12064
8241,11904
8290,12055
8160,11946
8151,11928
8314,11987
8286,11925
8157,11945
8261,11949
8187,11946
8212,11877
8267,11986
8291,11949
8272,12041
8315,12017
8254,11923
8185,11957
8198,11916
8303,12026
8210,11885
8278,12024
8219,11993
8182,11952
8213,11907
8268,12018
8302,12058
8209,11916
8243,11968
8277,12044
8316,12055
8288,11946
8279,11928
8216,11964
8269,11918
8284,12060
8207,11946
8244,11936
8259,12050
8228,11979
8203,11979
8292,12018
8162,11946
8193,12005
8316,11995
8312,12058
8229,11925
8337,11991
8204,12009
8238,11933
8253,12028
8194,11999
8336,12008
8299,12028
8317,12021
8172,11928
8218,11972
8252,12032
8313,11966
8168,11991
8215,11915
8267,12035
8248,11983
8242,12051
8239,11975
8294,11958
8164,11902
8211,11976
8337,12051
8275,11985
8325,11981
8210,12060
8280,12054
8169,11961
8324,12071
8206,11929
8273,11928
8212,12008
8246,11900
8248,12043
8301,12031
8320,12030
8338,12021
8190,11917
8221,11878
8276,12023
8344,12007
8180,11967
8155,11943
8254,12062
8235,12047
8158,11910
8296,11991
8167,11980
8249,11949
8191,11991
8224,11945
8277,11921
8292,12065
8288,12069
8177,11930
8192,11934
8279,12077
8297,11961
8170,11999
8201,11968
8214,11960
8250,11991
8225,11983
8349,12033
8247,12056
8222,12058
8237,12024
8345,12037
8193,11890
8171,11957
8202,12000
8165,11959
8196,11902
8251,12029
8226,12009
8199,11879
8322,12022
8229,12058
8263,11978
8204,12060
8275,12062
8256,11964
8287,11997
8262,12001
8252,11931
8227,11931
8333,12000
8187,11892
8323,11978
8332,12036
8272,11955
8245,11929
8220,11933
8328,11979
8346,12022
8179,11938
8210,11923
8188,11948
8200,11940
8243,12058
8166,11939
8307,12025
8246,11979
8282,12013
8221,12027
8347,11994
8310,11970
8270,12016
8353,12004
8189,11980
8328,12039
8235,12024
8250,12070
8225,12056
8222,11973
8258,11960
8271,11984
8289,11924
8193,12035
8264,11906
8282,12065
8156,11920
8326,12053
8236,11992
8297,12070
8199,12052
8195,11907
8232,11927
8322,12041
8284,12010
8223,11951
8290,11980
8163,11952
8355,12027
8330,11979
8218,12058
8304,12002
8175,12001
8295,12016
8196,12001
8251,11894
8285,11974
8319,12038
8174,11978
8208,12037
8226,11900
8260,12008
8294,12060
8186,12003
8199,11992
8309,12029
8164,11984
8266,11931
8241,11931
8160,11919
8280,11952
8314,11964
8184,12024
8197,11983
8286,11966
8261,11976
8187,11905
8230,12065
8208,11969
8332,11967
8291,11952
8315,11988
8220,12048
8254,12020
8185,11928
8198,11937
8303,12001
8334,12047
8278,11997
8219,12028
8234,11935
8268,11983
8209,11943
8243,12007
8316,12044
8341,12053
8159,11908
8279,12023
8315,12048
8235,11893
8216,11937
8269,12009
8244,11981
8228,11984
8265,11946
8203,11950
8240,11956
8292,11999
8271,12069
8162,11911
8193,11928
8298,11953
8312,12031
8309,12046
8195,12044
8229,12016
8337,12010
8204,11974
8238,11910
8293,12025
8253,11991
8361,12017
8194,12024
8317,11984
8172,11957
8218,12001
8215,11878
8205,12002
8211,11951
8325,12008
8179,11900
8169,11996
8231,11952
8206,11906
8273,11955
8212,11989
8267,11938
8190,11926
8242,11952
8276,11996
8180,11940
8300,11957
8235,12066
8158,11947
8296,12028
8167,11947
8213,12019
8249,11920
8243,11888
8224,11918
8277,12028
8292,12046
8345,12012
8326,11955
8288,12058
8192,11955
8279,12040
8297,11996
8201,11947
8183,11904
8214,11933
8176,11986
8207,11994
8317,12065
8237,11923
8274,11935
8171,11976
8202,11981
8165,11922
8217,11916
8251,11984
8226,11970
8260,12034
8263,12001
8275,12037
8287,12024
8262,12026
8218,11892
8252,12016
8358,12011
8178,11995
8227,12030
8333,12027
8153,11931
8215,12027
8323,11985
8248,11967
8208,11883
8239,11959
8272,11976
8245,11908
8281,11950
8173,11912
8220,11962
8328,11984
8256,12061
8179,11977
8210,11948
8188,11913
8200,11913
8324,11959
8243,12033
8166,11908
8246,12012
8347,12017
8310,12007
8270,11925
8353,11999
8235,11935
8250,12035
8213,11896
8247,11972
8283,11937
8191,11943
8222,12014
8311,11997
8271,12031
8181,11913
8156,11917
8255,12042
8236,12021
8195,11942
8232,11964
8322,12066
8223,11978
8225,11967
8308,11960
8163,11927
8330,11988
8237,12040
8218,12039
8304,11975
8175,11980
8264,12067
8295,11983
8202,11888
8233,12060
8285,12001
8208,12058
8260,12021
8186,11980
8199,12023
8223,12046
8241,11902
8331,12028
8280,11989
8184,11997
8197,12010
8286,11971
8157,11903
8227,11883
8261,11987
8187,12004
8233,11992
8208,12006
8205,12044
8257,11916
8347,12046
8291,11927
8245,12041
8315,11979
8220,12045
8254,11993
8185,11907
8198,11962
8359,12034
8303,11980
8278,11958
8219,12051
8234,11960
8268,11940
8209,11962
8243,11914
8282,11933
8255,12027
8341,12016
8288,12004
8159,11939
8279,11986
8189,11964
8201,12033
8198,12038
8269,11972
8340,12052
8207,11900
8244,12010
8213,12045
8228,11965
8265,11917
8203,11909
8240,11913
8327,11963
8330,12039
8193,11955
8236,11880
8312,12004
8309,12073
8195,12051
8229,11995
8284,11930
8259,11928
8293,11972
8253,11954
8290,11964
8194,12053
8317,11979
8218,11914
8298,12062
8168,11905
8323,12043
8230,12021
8174,11962
8205,12029
8294,12012
8362,12028
8164,11936
8211,11922
8266,12011
8318,12021
8241,12011
8238,12071
8325,12019
8305,12054
8160,11903
8280,12064
8169,12007
8231,11919
8206,11943
8267,11961
8190,11899
8242,11917
8276,11961
8310,12045
8335,12060
8216,12053
8207,12045
8167,11910
8219,11884
8182,11973
8213,11998
8249,11899
8302,12015
8339,12025
8277,12007
8273,12050
8326,11988
8177,11984
8192,11944
8350,12013
8297,12007
8170,11909
8201,11918
8183,11967
8214,12022
8216,11985
8176,11959
8207,11969
8244,11901
8228,12064
8317,12060
8237,11950
8274,11960
8292,11951
8298,11969
8202,11990
8165,11901
8215,12050
8217,11959
8251,11959
8285,12039
8226,11967
8263,12028
8331,12070
8238,12022
8194,11880
8262,11935
8172,11973
8252,12013
8178,11956
8227,11973
8333,11990
8313,12049
8215,11990
8233,11894
8323,12020
8248,11940
8205,11890
8239,11922
8272,12013
8211,12063
8245,11951
8300,12033
8173,11939
8275,11940
8179,12012
8334,11982
8200,12014
8324,11996
8268,12046
8243,12068
8166,11929
8273,11971
8190,12006
8270,11966
8306,12069
8180,11988
8300,11973
8281,12045
8189,12034
8235,11954
8296,12044
8213,11875
8247,12003
8191,11906
8222,12019
8224,12030
8311,12024
8181,11956
8156,11946
8255,12049
8236,12050
8232,11969
8250,11936
8223,11985
8225,11922
8237,12067
8218,12064
8304,11996
8175,11947
8264,12040
8295,11946
8165,12002
8285,11932
8260,11922
8186,11945
8199,11922
8232,12061
8223,12053
8331,11987
8238,11901
8256,11969
8287,12040
8305,12028
8262,12042
8280,12026
8184,11970
8197,12021
8286,12004
8261,12030
8187,11995
8233,12003
8230,12063
8357,12013
8208,12027
8242,11891
8332,12017
8276,12051
8257,11943
8281,11998
8185,12006
8198,11999
8278,11947
8188,12025
8234,11973
8283,12053
8209,11997
8243,11953
8258,12033
8246,11932
8221,11910
8255,11974
8270,12037
8341,11995
8288,11993
8192,11890
8279,11977
8189,11927
8198,12059
8216,11883
8269,11999
8244,12055
8247,11892
8228,11930
8265,11920
8283,11985
8222,11902
8203,11928
8240,12014
8258,11973
8342,12021
8289,12031
8264,12023
8236,11909
8251,12049
8226,12037
8149,11918
8312,11977
8284,11959
8241,12034
8259,11967
8293,11951
8253,11949
8290,11929
8194,12046
8327,12058
8218,11959
8313,12015
8168,11942
8196,11934
8230,11982
8319,12029
8174,11935
8205,11992
8294,11969
8291,12075
8164,11917
8211,11897
8266,12020
8318,11998
8241,11982
8238,12040
8336,12035
8197,11898
8231,12010
8209,12046
8206,11976
8267,11932
8242,12006
8276,11942
8310,12070
8291,12007
8315,11963
8254,11945
8185,11891
8278,12070
8167,11933
8219,11907
8213,11961
8339,11996
8302,11984
8206,12036
8277,11970
8348,12054
8147,11906
8221,12059
8326,12009
8344,12050
8192,11981
8350,12022
8170,11950
8201,11921
8183,11994
8214,12011
8216,12022
8176,11916
8207,12012
8244,11930
8225,11896
8228,12045
8203,12053
8327,11979
8274,11989
8292,11956
8342,12032
8298,12010
8215,12041
8217,11994
8251,11946
8285,12066
8226,11928
8214,12055
8229,11947
8204,11955
8238,11995
8253,12066
8287,11938
8194,11909
8262,11952
8299,11974
8317,11963
8172,12002
8274,12057
8252,11978
8178,11921
8153,11937
8215,11981
8196,12033
8248,11913
8239,12025
8211,12034
8335,11976
8300,12062
8173,11966
8275,11915
8325,12035
8334,12019
8299,12034
8200,12019
8234,11899
8324,12025
8209,11899
8224,12055
8273,12006
8212,11938
8320,11960
8301,11973
8190,11979
8310,11965
8270,11939
8300,12002
8296,12049
8247,11934
8249,12011
8321,12056
8191,12009
8222,11924
8224,11987
8348,12009
8311,12055
8181,11999
8177,11936
8152,11918
8214,11878
8232,12006
8250,11917
8223,12028
8225,12021
8293,12037
8321,11972
8289,12033
8304,11953
8175,11926
8150,11916
8202,11942
8165,11981
8285,11959
8260,11967
8186,11922
8199,11945
8232,12066
8322,11964
8263,11916
8331,11958
8256,12006
8287,12055
8305,11991
8184,11943
8197,11920
8286,12041
8333,12070
8261,12057
8233,11910
8208,11920
8332,11982
8257,11994
8306,12017
8245,11999
8281,11969
8220,11975
8185,11977
8198,12016
8179,11932
8210,11993
8278,11916
8154,11926
8314,12067
8188,11990
8234,12014
8268,11934
8283,12040
8209,12016
8307,11955
8246,11953
8282,11939
8221,11937
8255,11949
8257,12038
8161,11934
8189,12018
8183,11900
8235,11970
8308,12049
8228,11879
8265,12027
8283,12020
8203,11903
8240,11971
8258,12030
8271,11914
8342,12014
8289,11986
8264,11996
8329,12007
8236,11938
8217,11888
8195,11997
8266,12061
8284,11948
8259,11970
8253,11912
8290,12018
8308,11989
8240,12047
8304,12076
8313,11986
8196,11963
8230,11939
8319,11992
8174,11904
8205,11955
8294,11994
8291,12046
8309,11955
8266,11985
8263,12033
8241,11937
8325,11961
8336,12056
8314,12018
8234,12049
8231,11969
8157,11914
8206,12013
8261,11918
8267,12019
8242,11971
8291,11978
8254,11954
8198,11887
8303,12059
8278,12059
8219,11942
8182,11923
8213,11940
8231,12037
8277,12077
8246,12044
8192,12002
8279,11961
8214,11980
8216,11931
8269,11951
8340,12001
8207,11915
8244,11911
8228,12010
8203,12008
8240,11902
8327,12006
8274,12014
8271,12063
8193,11974
8351,12025
8298,12023
8316,12026
8202,12060
8217,12029
8251,11905
8214,12040
8229,11958
8356,12034
8204,11912
8331,12048
8238,11964
8253,12061
8194,11966
8336,11991
8299,11997
8252,12071
8227,12047
8215,11944
8323,11966
8267,12064
8248,12014
8338,12048
8239,12004
8211,12009
8245,11893
8335,12023
8173,11993
8220,11881
8275,12014
8299,12057
8169,11930
8200,11992
8324,12038
8231,11898
8249,12050
8206,11896
8224,12044
8166,11991
8273,12025
8212,11919
8320,11997
8248,12074
8301,12000
8338,11988
8190,11948
8239,12056
8306,12059
8180,11934
8300,12031
8155,11908
8352,12052
8247,11957
8249,11982
8191,12020
8222,11961
8224,11976
8277,11954
8320,12057
8217,12046
8177,11963
8350,12038
8297,11930
8201,12001
8195,11895
8250,12022
8225,12008
8259,11900
8349,12002
8321,12031
8237,11993
8295,11932
8171,11922
8202,11907
8165,11944
8186,11903
8322,11993
8263,11947
8318,12057
8204,12035
8256,11931
8346,12053
8343,12048
8262,11968
8200,12039
8184,11916
8197,11963
8252,11962
8286,12050
8178,12001
8227,11960
8333,12033
8261,12068
8233,11945
8248,11897
8301,12049
8208,11957
8239,11881
8257,12029
8272,11922
8306,11978
8245,12026
8281,12004
8220,12028
8328,12010
8179,11907
8210,12018
8352,12003
8314,12044
8188,11955
8339,12061
8307,11990
8212,12050
8246,11946
8282,11980
8221,11996
8255,11912
8329,12046
8270,11987
8189,12013
8328,12070
8235,11993
8269,12053
8265,11998
8283,12011
8240,11992
8258,11931
8271,11953
8289,11957
8307,12050
8264,11937
8282,12032
8329,11978
8236,11967
8297,12039
8201,11886
8195,12000
8232,11894
8229,11884
8284,11977
8223,11916
8204,11890
8259,12009
8343,12001
8290,12015
8308,12018
8163,11985
8265,12058
8330,12010
8304,12033
8354,12003
8295,12049
8196,11968
8230,11908
8319,12071
8174,12005
8205,11918
8260,11983
8291,12053
8309,11998
8266,11962
8263,12060
8241,11908
8290,12051
8160,11950
8280,11919
8151,11924
8314,11999
8231,11996
8286,11929
8157,11941
8261,11945
8187,11950
8267,11990
8242,11996
8291,11985
8272,12045
8315,12021
8254,11927
8198,11904
8185,11961
8303,12038
8210,11881
8278,12028
8219,11997
8182,11956
8213,11919
8268,12014
8302,12062
8209,11904
8243,11972
8277,12040
8246,12065
8316,12051
8288,11950
8279,11924
8183,12012
8216,11904
8269,11914
8340,11982
8284,12056
8207,11958
8244,11948
8259,12054
8228,12023
8203,11983
8237,11903
8327,12029
8292,12030
8162,11942
8193,12025
8316,11991
8217,12000
8312,12062
8229,11921
8337,11979
8204,12005
8238,11937
8253,12024
8194,11995
8336,12012
8299,12016
8317,12017
8172,11924
8218,11968
8252,12060
8227,12050
8168,11995
8215,11911
8267,12039
8248,11987
8242,12047
8239,11971
8294,11946
8211,11980
8337,12055
8275,11989
8325,11977
8210,12056
8280,12058
8169,11965
8324,12067
8206,11933
8273,11932
8212,12020
8246,11888
8248,12047
8301,12027
8320,12018
8338,12017
8190,11953
8239,12039
8276,12019
8344,12011
8180,11963
8254,12034
8235,12035
8158,11914
8352,12041
8296,11995
8167,11976
8249,11953
8191,11987
8224,11949
8277,11933
8311,12073
8292,12077
8181,12005
8177,11934
8192,11922
8279,12073
8297,11965
8170,11995
8201,11972
8214,11964
8250,11987
8225,11971
8247,12052
8222,12062
8237,12020
8345,12041
8193,11894
8171,11945
8202,12012
8165,11955
8196,11898
8251,12017
8226,12005
8322,12018
8229,12038
8263,11974
8204,12056
8275,12066
8256,11952
8343,12047
8287,11993
8262,12005
8252,11927
8227,11935
8333,12060
8323,11982
8301,12076
8332,12032
8272,11959
8245,12005
8281,11919
8220,11929
8328,11983
8346,12018
8179,11942
8210,11919
8188,11944
8200,11944
8197,12058
8339,12032
8243,12062
8166,11943
8307,12029
8246,11983
8282,12009
8221,12023
8255,11927
8329,12049
8310,11974
8347,11998
8270,12020
8353,12024
8189,11976
8328,12043
8235,12028
8250,12066
8225,12060
8167,11901
8148,11921
8283,11918
8222,11977
8258,11956
8271,11996
8289,11944
8193,12039
8264,11910
8282,12077
8255,12075
8326,12041
8236,11988
8297,12074
8199,12048
8201,11889
8195,11911
8232,11931
8229,11895
8322,12037
8284,12006
8223,11947
8343,11996
8290,11976
8163,11956
8355,12031
8330,12023
8304,12006
8175,12013
8295,12012
8196,12013
8230,11929
8285,11970
8319,12034
8174,11982
8226,11896
8260,11988
8294,12048
8186,12015
8199,11988
8309,12025
8164,11996
8266,11911
8241,11935
8290,12044
8305,11962
8160,11907
8280,11956
8314,11960
8184,12028
8197,11979
8286,11938
8261,11956
8187,11909
8230,12069
8208,11973
8332,11963
8291,11956
8272,12066
8315,12008
8254,12024
8185,11932
8198,11941
8303,12013
8334,12051
8278,11985
8219,12016
8182,11945
8234,11931
8268,11979
8302,12035
8209,11931
8243,12011
8316,12040
8341,12049
8159,11904
8279,12019
8315,12052
8235,11881
8216,11941
8269,12005
8244,11977
8228,11996
8265,11950
8203,11938
8240,11944
8330,12070
8292,11995
8271,12065
8162,11907
8193,11932
8298,11965
8316,11980
8312,12035
8309,12042
8229,12028
8337,12014
8204,11970
8238,11914
8293,12005
8253,11987
8361,12021
8194,12020
8317,12012
8172,11953
8218,12013
8168,12000
8267,12058
8319,11959
8211,11955
8325,11988
8169,11968
8231,11948
8206,11910
8273,11959
8212,11985
8267,11942
8190,11930
8242,11948
8276,11992
8180,11936
8300,11953
8235,12070
8158,11951
8296,12000
8167,11943
8213,12031
8249,11924
8243,11892
8224,11906
8277,12024
8292,12042
8345,12016
8326,11959
8288,12062
8192,11959
8279,12036
8297,11968
8170,12004
8201,11951
8183,11932
8214,11921
8176,11990
8321,11957
8222,12067
8237,11919
8274,11931
8193,11881
8171,11980
8202,11977
8165,11934
8217,11920
8251,11988
8226,11998
8260,12046
8199,11902
8322,12015
8263,11997
8275,12041
8287,12004
8262,12030
8218,11888
8252,11916
8358,12015
8178,11991
8227,12002
8333,12023
8153,11935
8187,11887
8215,12023
8323,11989
8208,11887
8332,12061
8239,11955
8272,11980
8245,11904
8281,11954
8173,11908
8220,11958
8328,11988
8256,12049
8179,11981
8210,11944
8188,11909
8200,11917
8324,11955
8243,12037
8166,11960
8307,12000
8246,12000
8190,12033
8347,12021
8310,12027
8270,11929
8328,12048
8235,11923
8250,12047
8148,11902
8247,11968
8283,11941
8191,11939
8222,11986
8311,11993
8271,12027
8181,11925
8156,11913
8326,12066
8236,12017
8195,11946
8232,11936
8223,11958
8225,11955
8163,11931
8330,11984
8237,12036
8218,12035
8304,12027
8175,11976
8264,12071
8295,11979
8202,11900
8233,12032
8285,12029
8208,12062
8260,12017
8186,11976
8199,12019
8309,12004
8223,12042
8241,11890
8331,12016
8280,11993
8184,12001
8197,11990
8286,11975
8227,11887
8261,11999
8187,12024
8233,11996
8208,11994
8205,12040
8257,11904
8347,12034
8291,11931
8245,12053
8315,11983
8220,12041
8254,11997
8185,11911
8198,11966
8303,11976
8278,11978
8219,12055
8234,11940
8268,11936
8209,11966
8243,11918
8282,11929
8255,12007
8341,12028
8288,12024
8159,11951
8279,12014
8315,12043
8189,11960
8201,12037
8269,11968
8340,12048
8207,11896
8244,12022
8213,12041
8228,11961
8265,11953
8203,11961
8240,11917
8327,11959
8330,12035
8193,11959
8226,12068
8312,12008
8229,11975
8284,11926
8204,11999
8241,12067
8259,11932
8293,11968
8253,11982
8290,11960
8194,12049
8317,11975
8218,11926
8298,12058
8168,11909
8323,12047
8230,12009
8174,11966
8205,12025
8294,12000
8362,12024
8164,11948
8211,11926
8318,12025
8241,12015
8325,12031
8305,12042
8280,12068
8200,11879
8231,11915
8206,11947
8267,11965
8190,11903
8242,11913
8276,11973
8310,12033
8335,12056
8216,12057
8158,11952
8207,12041
8167,11906
8182,11993
8213,11994
8249,11903
8302,12019
8339,12029
8224,11879
8277,12003
8292,12055
8273,12054
8326,11976
8177,11988
8192,11948
8297,12011
8170,11905
8201,11954
8183,11963
8214,11914
8216,11989
8176,11947
8207,11981
8244,11897
8317,12056
8237,11946
8274,11956
8292,11947
8298,11981
8171,12003
8202,11986
8217,11963
8251,11979
8285,12035
8226,11963
8263,12024
8238,12026
8262,11923
8172,11969
8252,12009
8178,11952
8227,11977
8333,11986
8153,11906
8313,12053
8215,11986
8233,11898
8323,12024
8248,11944
8205,11886
8239,11934
8272,12001
8245,11947
8173,11935
8275,11944
8179,12016
8334,11986
8200,11922
8324,11992
8268,12042
8209,11876
8243,12072
8166,11933
8273,11975
8190,12010
8347,12008
8306,12065
8180,11984
8300,11969
8281,12049
8235,11958
8213,11887
8247,12031
8191,11918
8222,12023
8224,12018
8311,12020
8271,12006
8181,11952
8156,11942
8255,12061
8236,12046
8195,11953
8232,11973
8250,11948
8223,11997
8225,11926
8293,12070
8237,12063
8289,12066
8304,11984
8175,11959
8264,12044
8285,11928
8260,11934
8186,11957
8199,11918
8232,12033
8223,12049
8331,11991
8256,11973
8305,12016
8262,12046
8280,12030
8184,11974
8197,12017
8252,11900
8286,12008
8227,11890
8261,12026
8187,11999
8233,12007
8230,12051
8357,12009
8208,12031
8242,11887
8332,12013
8276,12063
8257,11963
8185,12010
8198,11987
8303,11959
8278,11951
8188,12021
8219,12042
8234,11969
8268,11965
8209,11985
8243,11957
8258,12061
8246,11920
8221,11906
8255,11970
8270,12041
8341,12007
8288,11997
8192,11894
8279,11973
8189,11923
8216,11887
8269,11995
8207,11879
8244,12051
8247,11888
8228,11910
8265,11924
8283,11989
8203,11932
8240,12002
8258,11969
8289,12019
8193,11946
8264,12027
8236,11905
8251,12053
8226,12033
8149,11914
8312,11981
8284,11955
8241,12038
8259,11939
8293,11947
8253,11945
8290,11925
8194,12042
8327,12054
8218,11955
8298,12071
8313,12019
8168,11946
8196,11930
8323,12050
8230,11970
8319,12025
8174,11939
8205,11988
8294,11973
8164,11913
8211,11901
8266,12016
8318,11970
8241,11970
8238,12044
8336,12039
8197,11878
8231,12006
8209,12034
8206,11980
8267,11920
8242,12002
8276,11938
8291,12011
8335,12039
8315,11967
8254,11949
8185,11895
8296,11946
8167,11929
8219,11911
8213,11973
8339,12000
8302,11988
8206,12040
8277,11982
8348,12050
8273,12073
8147,11910
8221,12055
8255,11895
8326,12013
8344,12054
8192,11969
8350,12026
8170,11946
8201,11925
8183,11990
8214,12015
8216,12026
8176,11904
8207,12008
8225,11900
8228,12041
8203,12041
8327,11975
8274,11985
8292,11952
8342,12036
8351,11998
8298,11990
8215,12037
8217,11998
8251,11950
8226,11924
8204,11951
8238,11999
8287,11950
8194,11905
8262,11956
8299,11962
8317,11959
8172,11998
8274,12053
8252,11974
8178,11917
8215,11977
8196,12045
8230,11897
8248,11917
8239,11909
8211,12038
8335,11988
8300,12058
8173,11962
8275,11919
8256,12075
8325,12047
8359,12031
8334,12023
8299,12038
8200,12023
8234,11879
8324,12005
8209,11903
8273,11994
8212,11950
8320,11964
8301,11969
8190,11983
8270,11943
8192,12048
8300,11998
8296,12053
8247,11930
8249,12015
8321,12060
8191,11925
8222,11928
8224,11991
8348,12005
8311,12051
8181,11995
8177,11940
8152,11922
8214,11898
8232,12010
8250,11913
8223,12024
8225,11913
8293,12033
8321,11992
8289,12037
8304,11957
8175,11922
8264,12049
8295,11965
8150,11904
8202,11938
8285,11955
8260,11963
8186,11934
8199,11941
8232,12070
8322,11960
8263,11912
8238,11882
8256,12026
8287,12051
8305,11979
8262,12067
8280,12003
8184,11947
8197,11932
8286,12045
8333,12066
8261,12037
8233,11914
8357,12020
8208,11924
8332,11978
8276,12036
8257,11998
8306,12013
8245,11995
8281,11973
8220,11971
8185,11981
8198,12020
8210,11989
8154,11922
8188,11986
8219,12065
8234,12010
8268,11930
8283,12044
8209,12020
8307,11959
8246,11957
8282,11951
8221,11965
8255,11945
8257,12058
8161,11922
8192,11883
8155,11902
8189,11918
8183,11896
8235,11974
8308,12061
8247,11887
8265,12031
8283,11976
8203,11891
8240,11975
8258,12026
8271,11926
8342,12002
8289,11990
8264,11968
8329,12011
8236,11934
8217,11892
8251,12040
8195,11969
8266,12057
8284,11944
8223,11885
8241,12057
8259,11974
8293,11958
8253,11908
8308,11985
8240,12035
8304,12064
8313,11990
8187,12035
8196,11943
8230,11943
8319,11972
8174,11908
8205,11951
8294,11998
8309,11967
8164,11926
8266,11997
8241,11941
8336,12060
8314,12030
8234,12061
8231,12029
8157,11910
8206,12017
8261,11914
8267,12023
8242,12031
8276,11919
8291,11982
8335,12066
8254,11958
8303,12071
8278,12063
8219,11962
8182,11927
8213,11936
8231,12033
8339,11975
8277,12073
8348,12047
8246,12032
8192,12006
8279,11957
8170,11959
8183,11981
8214,11968
8216,11935
8269,11947
8250,11887
8340,12013
8207,11927
8244,11907
8228,12054
8203,12012
8240,11890
8327,12002
8274,12010
8292,11933
8271,12059
8360,12013
8193,11994
8351,12005
8298,12019
8316,12022
8202,12056
8217,11969
8251,11909
8214,12044
8229,11954
8204,11908
8331,12052
8238,11968
8253,12057
8287,11957
8194,11962
8336,11979
8299,11985
8252,12067
8215,11940
8267,12068
8248,12018
8338,12044
8239,12000
8211,12013
8245,11889
8335,12019
8173,11989
8220,11877
8275,12018
8325,12074
8299,12061
8169,11934
8200,11996
8324,12034
8231,11894
8249,12054
8206,11900
8224,12032
8166,11979
8273,12029
8212,11915
8320,11985
8338,11984
8301,11996
8190,11984
8239,12068
8306,12055
8180,11930
8300,12027
8155,11928
8247,11953
8249,11986
8191,12016
8222,11965
8224,11980
8277,11966
8311,12046
8181,11974
8320,12061
8217,12050
8177,11967
8350,12042
8297,11934
8201,12005
8195,11899
8250,12018
8225,12012
8349,12030
8321,12019
8237,11989
8295,11928
8171,11926
8202,11919
8165,11988
8285,11950
8186,11899
8322,11989
8263,11943
8318,12061
8256,11935
8346,12049
8262,11972
8200,12043
8184,11920
8197,11943
8252,11958
8286,12054
8227,11964
8261,12064
8233,11949
8248,11901
8301,12045
8208,11945
8239,11893
8257,12017
8272,11926
8306,11974
8245,11974
8281,12008
8220,12024
8328,12014
8179,11911
8210,12014
8352,12007
8314,12040
8188,11983
8234,12023
8339,12065
8283,12067
8307,11994
8212,12062
8246,11950
8282,11976
8221,11992
8255,11956
8270,11991
8189,12009
8235,11997
8269,12049
8244,12069
8265,11970
8283,12015
8240,11996
8258,11927
8271,11965
8289,11977
8307,12054
8264,11941
8282,12044
8329,11982
8236,11963
8297,12043
8195,12004
8232,11898
8229,11880
8284,11973
8223,11912
8204,11886
8259,12013
8253,11903
8290,12011
8308,12030
8343,12029
8163,11989
8265,12062
8240,12056
8304,12037
8354,12031
8295,12045
8196,11980
8230,11960
8319,12067
8174,12009
8205,11914
8260,11979
8291,12057
8309,11994
8266,11942
8263,12056
8241,11960
8160,11938
8280,11923
8151,11920
8314,11995
8234,12070
8231,11992
8286,11933
8157,11937
8261,11925
8187,11938
8212,11885
8267,11978
8242,11992
8291,11989
8272,12033
8254,11931
8185,11965
8198,11908
8303,12034
8210,11877
8278,12016
8219,11985
8182,11912
8213,11915
8231,12060
8268,12010
8302,12066
8209,11908
8243,11976
8277,12052
8246,12069
8288,11938
8279,11920
8189,11902
8183,12008
8216,11908
8269,11910
8340,11978
8284,12052
8207,11954
8244,11944
8259,12058
8228,12019
8203,11971
8237,11899
8327,12025
8292,12026
8271,12038
8360,12018
8162,11938
8193,12029
8298,11932
8316,11987
8217,12004
8312,12066
8229,11933
8337,11983
8204,12001
8238,11941
8253,12020
8194,11991
8336,12000
8299,12020
8172,11920
8218,11980
8252,12056
8227,12054
8168,11999
8215,11907
8248,11991
8242,12043
8239,11983
8294,11950
8211,11984
8337,12043
8275,11993
8210,12052
8280,12062
8169,11937
8273,11920
8212,12016
8246,11892
8248,12051
8301,12023
8320,12022
8338,12013
8190,11957
8221,11902
8239,12035
8276,12031
8344,12015
8180,11911
8254,12038
8235,12039
8158,11918
8352,12045
8296,11999
8167,11972
8247,11948
8249,11957
8321,12074
8191,11999
8224,11937
8277,11929
8311,12069
8292,12073
8181,12001
8177,11922
8192,11926
8279,12069
8170,11975
8201,11976
8214,11952
8250,11999
8225,11975
8247,12048
8222,12034
8237,12016
8345,12045
8171,11949
8202,12008
8165,11967
8251,12021
8226,12001
8322,11982
8229,12034
8263,11970
8204,12052
8275,12070
8256,11956
8343,12043
8287,11973
8262,11993
8200,12048
8252,11923
8227,11907
8333,12056
8233,11952
8301,12072
8272,11947
8245,12001
8281,11923
8220,11925
8328,12019
8346,12030
8179,11946
8210,11915
8188,11940
8200,11948
8197,12038
8339,12036
8307,11969
8246,11971
8282,12021
8221,12019
8255,11923
8329,12053
8310,11994
8270,12024
8353,12028
8189,11972
8328,12047
8235,12016
8225,12048
8308,12071
8222,11981
8258,11952
8311,11966
8271,11992
8289,11948
8181,11894
8264,11914
8282,12073
8329,11985
8326,12045
8236,11984
8199,12044
8201,11893
8195,11915
8232,11935
8229,11891
8322,12033
8284,12002
8223,11927
8259,12016
8343,11992
8290,11972
8163,11960
8330,12019
8304,12058
8175,12009
8295,12008
8196,12009
8230,11933
8285,11998
8319,12046
8174,11986
8226,11892
8260,11984
8294,12052
8186,12011
8199,11984
8309,11973
8164,11992
8266,11907
8241,11923
8290,12040
8305,11966
8160,11911
8280,11960
8151,11919
8314,11972
8286,11942
8261,11952
8187,11929
8332,11959
8291,11960
8272,12070
8315,12012
8254,12028
8185,11936
8198,11929
8303,12009
8210,11902
8334,12055
8278,11989
8219,12020
8182,11949
8234,11911
8268,11975
8302,12039
8209,11935
8243,12015
8316,12036
8341,12061
8159,11916
8279,11919
8315,12072
8170,11901
8235,11885
8216,11945
8269,12001
8244,11989
8259,12065
8228,11992
8203,11942
8240,11948
8330,12066
8292,11975
8162,11935
8193,11920
8298,11961
8316,11976
8312,12039
8309,12054
8229,12024
8337,12002
8204,12030
8238,11918
8293,12001
8253,12015
8361,12025
8194,12016
8317,12008
8172,11949
8218,12009
8168,12004
8215,11902
8267,12062
8319,11955
8211,11959
8325,11984
8145,11904
8305,12075
8280,12035
8154,11902
8169,11972
8231,11944
8206,11914
8273,11947
8212,11997
8320,12011
8190,11934
8242,11944
8276,12004
8180,11948
8300,11949
8235,12058
8158,11923
8296,12004
8167,11939
8213,12027
8249,11928
8243,11896
8224,11910
8345,12020
8288,12050
8192,11915
8279,12032
8297,11972
8170,12000
8201,11987
8183,11928
8214,11925
8176,11978
8247,12047
8237,11915
8274,11927
8193,11885
8171,11968
8202,12021
8165,11930
8217,11924
8251,12008
8226,11994
8260,12042
8199,11898
8322,12011
8263,11993
8275,12045
8256,11945
8287,12000
8262,12018
8218,11900
8252,11912
8178,11987
8227,12006
8333,12019
8215,12019
8323,11993
8357,12037
8332,12057
8239,11967
8272,11968
8306,11964
8245,11916
8281,11958
8173,11904
8220,11954
8328,11992
8256,12053
8179,11985
8210,11940
8188,11905
8200,11953
8324,11967
8268,12073
8243,12041
8166,11964
8307,12004
8246,12004
8190,12037
8221,12014
8310,12031
8270,11933
8328,12052
8235,11927
8250,12043
8225,12043
8247,11996
8283,11961
8191,11951
8222,11990
8258,11949
8311,11989
8271,11975
8307,12064
8181,11921
8156,11909
8329,11956
8326,12070
8236,12013
8353,12051
8195,11950
8232,11940
8223,11954
8225,11959
8163,11935
8330,11996
8237,12032
8218,12047
8304,12031
8175,11988
8351,12037
8295,11975
8202,11896
8196,12022
8233,12036
8285,12025
8319,12053
8208,12050
8260,12029
8186,11988
8199,12015
8309,12000
8356,12014
8241,11894
8331,12020
8280,11997
8197,11986
8184,12005
8286,11979
8261,11995
8187,12028
8233,11968
8208,11998
8205,12036
8257,11908
8347,12038
8291,11935
8245,12049
8315,11971
8220,12037
8254,11969
8185,11915
8198,11954
8303,11988
8278,11982
8219,12011
8234,11936
8268,11996
8209,11954
8243,11922
8255,12003
8341,12024
8288,12028
8159,11947
8279,12010
8315,12047
8189,11956
8201,12041
8269,12028
8340,12060
8284,12078
8244,12018
8213,12053
8228,11941
8265,11957
8203,11965
8240,11905
8327,11955
8330,12047
8193,11915
8226,12064
8312,12012
8229,11971
8284,11922
8204,11995
8241,12071
8259,11904
8293,11980
8253,11978
8290,11956
8194,12013
8317,11971
8218,11922
8298,12038
8168,11913
8230,12013
8205,12021
8294,12004
8164,11944
8211,11930
8318,12029
8241,12003
8325,12027
8305,12046
8280,12072
8151,11903
8200,11883
8184,11888
8231,11911
8206,11951
8267,11953
8242,11909
8276,11969
8310,12037
8216,12061
8158,11956
8207,12053
8167,11966
8219,11876
8182,11997
8213,12006
8249,11907
8302,12023
8224,11899
8277,12015
8292,12051
8273,12042
8326,11980
8177,11976
8192,11936
8297,12015
8170,11917
8201,11958
8183,11959
8214,11918
8216,11993
8176,11951
8207,11977
8247,12074
8317,12052
8237,11942
8274,11952
8298,11977
8171,12007
8202,11998
8217,11967
8251,11983
8285,12063
8226,11959
8260,12055
8263,12020
8238,12030
8262,11927
8252,12005
8178,11948
8227,11981
8333,11982
8153,11910
8313,12057
8215,12014
8233,11902
8323,12028
8248,11948
8208,11896
8205,11882
8239,11930
8272,12005
8245,11959
8173,11931
8220,11951
8275,11948
8256,12042
8334,11990
8200,11926
8324,11972
8268,12038
8166,11921
8190,12014
8347,12012
8270,11910
8180,11996
8281,12053
8235,11946
8213,11883
8247,12027
8191,11914
8222,12027
8224,12022
8311,12016
8271,12002
8181,11964
8156,11938
8255,12057
8236,12042
8195,11957
8232,11977
8250,11944
8223,11993
8225,11946
8293,12066
8237,12059
8289,12070
8304,11988
8175,11955
8285,11924
8260,11930
8186,11953
8199,11914
8232,12037
8223,12061
8331,11979
8256,11993
8305,12020
8262,12034
8280,11970
8184,11978
8197,12029
8252,11896
8286,12012
8227,11894
8261,12006
8187,11987
8233,12011
8230,12055
8208,12019
8242,11883
8332,12009
8276,12059
8257,11967
8220,12066
8185,12014
8198,11991
8303,11955
8278,11939
8188,12017
8219,12046
8182,11899
8234,11981
8268,11961
8209,11989
8243,11961
8258,12057
8246,11924
8282,11918
8221,11934
8255,11982
8270,12045
8341,12003
8288,11985
8159,11958
8161,11955
8279,11969
8189,11951
8198,12051
8216,11891
8269,11991
8244,12063
8228,11906
8265,11928
8222,11878
8203,11920
8240,12006
8258,11997
8289,12023
8193,11950
8264,12031
8236,11901
8251,12073
8226,12061
8312,11985
8284,11919
8259,11943
8293,11991
8253,11941
8194,12038
8240,12066
8327,12050
8218,11967
8298,12067
8313,12023
8168,11950
8196,11910
8323,12054
8230,11974
8319,12005
8174,11943
8205,11984
8294,12025
8164,11957
8211,11905
8266,12028
8318,11974
8241,11974
8238,12048
8200,11888
8231,12002
8209,12038
8206,11984
8166,11903
8267,11924
8242,11934
8276,11950
8291,12015
8335,12035
8185,11899
8216,12034
8296,11950
8167,11925
8219,11931
8182,12022
8213,11969
8339,12004
8302,11992
8191,11884
8206,12044
8277,11978
8147,11914
8221,12051
8326,12001
8344,12058
8192,11973
8350,12030
8297,12018
8170,11926
8201,11929
8183,11986
8214,12003
8216,12030
8176,11908
8207,12020
8225,11888
8317,12047
8203,12045
8327,11971
8274,11981
8292,11964
8342,12056
8298,11986
8215,12033
8217,11938
8251,11938
8226,11920
8204,11947
8238,12003
8287,11946
8194,11933
8262,11944
8299,11966
8172,11994
8274,12049
8252,11970
8178,11913
8227,11984
8215,11973
8196,12041
8230,11901
8248,11921
8239,11905
8272,12026
8211,12042
8335,11984
8300,12054
8173,11958
8275,11923
8325,12043
8359,12027
8334,12027
8169,11903
8200,12027
8324,12001
8209,11891
8273,11998
8212,11946
8301,11965
8190,12019
8310,11957
8270,11947
8300,11994
8296,12057
8247,11926
8249,12019
8321,12048
8191,11921
8222,11932
8224,12011
8348,12001
8311,12015
8181,11943
8152,11926
8214,11902
8232,12014
8250,11925
8223,12004
8225,11917
8349,11999
8293,12045
8321,11996
8289,12057
8175,11934
8264,12053
8295,11961
8150,11908
8202,11950
8174,11901
8260,11943
8186,11930
8199,11937
8322,11956
8263,11908
8238,11886
8256,12030
8287,12063
8305,11983
8262,12071
8280,12007
8184,11951
8197,11928
8286,12017
8261,12033
8233,11918
8357,12016
8208,11912
8332,11974
8276,12032
8257,11986
8306,12009
8245,12071
8281,11977
8220,11999
8185,11985
8198,12008
8210,11985
8154,11934
8314,12075
8188,12014
8234,11990
8268,11926
8283,12032
8209,12008
8307,11963
8246,11913
8282,11947
8221,11961
8255,11989
8257,12062
8341,11982
8161,11926
8192,11887
8189,11914
8183,11892
8244,12036
8308,12057
8228,11887
8265,12003
8283,11980
8203,11895
8240,12027
8258,12022
8271,11922
8342,12006
8289,12010
8264,11972
8329,12015
8236,11930
8217,11896
8251,12044
8312,11958
8195,11973
8266,12037
8284,11940
8223,11881
8241,12061
8259,11978
8293,11954
8253,11904
8308,11997
8240,12039
8304,12068
8313,11994
8168,11955
8196,11939
8230,11995
8319,11968
8174,11912
8205,11947
8294,11986
8309,11963
8164,11922
8211,11876
8266,11993
8241,11993
8336,12048
8314,12026
8234,12057
8231,12025
8157,11906
8209,12057
8206,12021
8267,12011
8242,12027
8276,11915
8291,12018
8254,11962
8198,11879
8303,12067
8278,12051
8296,11955
8219,11966
8182,12011
8213,11948
8339,11979
8348,12043
8246,12036
8221,12046
8326,12026
8192,12026
8279,11953
8170,11955
8183,11977
8214,11972
8216,12003
8269,11943
8340,12009
8176,11929
8207,11923
8244,11919
8225,11883
8228,12050
8203,12000
8240,11894
8327,11998
8274,12006
8292,11929
8193,11998
8351,12001
8298,12031
8316,12018
8202,12036
8217,11973
8251,11929
8226,11917
8214,12032
8229,11966
8204,11904
8331,12040
8238,11972
8253,12053
8287,11953
8163,11903
8194,11958
8336,11983
8299,11989
8274,12074
8215,11936
8196,12054
8248,12022
8338,12040
8239,12012
8211,12017
8245,11901
8335,12031
8173,11985
8275,12022
8325,12054
8299,12049
8169,11906
8200,11968
8324,12046
8231,11890
8249,12058
8224,12036
8166,11983
8273,12017
8212,11927
8320,11989
8338,11980
8301,11992
8190,11988
8239,12064
8306,12051
8180,12006
8192,12041
8300,12023
8281,12067
8155,11932
8254,12065
8167,12005
8247,11917
8249,11990
8321,12043
8191,12028
8222,11937
8224,11968
8277,11962
8311,12042
8181,11970
8320,12049
8217,12054
8177,11955
8350,12046
8201,12009
8195,11903
8232,12019
8250,12030
8225,12000
8349,12026
8321,12023
8237,11985
8175,11909
8171,11914
8202,11915
8165,11984
8285,11946
8186,11911
8199,11964
8322,11985
8229,12067
8263,11939
8318,12033
8256,11923
8200,12047
8184,11924
8197,11939
8252,11954
8286,12058
8227,11936
8233,11921
8301,12041
8208,11949
8332,12067
8239,11889
8257,12021
8272,11914
8306,11970
8245,11970
8281,12012
8220,12020
8179,11915
8210,12010
8352,12027
8314,12052
8188,11979
8234,12019
8283,12071
8307,11998
8212,12058
8246,11938
8282,11988
8221,11988
8255,11952
8270,11995
8161,11913
8189,12005
8235,11985
8269,12045
8244,12065
8308,12038
8228,11892
8265,11974
8283,12003
8240,11984
8258,11923
8271,11961
8342,11995
8289,11981
8307,12058
8264,11945
8282,12040
8329,12018
8236,11959
8217,11875
8297,12047
8195,12008
8232,11902
8284,11969
8223,11892
8204,11882
8259,11985
8293,11933
8253,11899
8290,12007
8308,12026
8343,12025
8265,12034
8240,12060
8354,12027
8295,12041
8196,11976
8230,11964
8174,12013
8205,11910
8291,12061
8266,11938
8263,12052
8241,11964
8290,12075
8160,11942
8280,11927
8314,12007
8234,12066
8231,11988
8261,11921
8187,11942
8212,11881
8267,11982
8242,11988
8291,11993
8272,12037
8254,11935
8198,11896
8303,12046
8278,12020
8219,11989
8182,11916
8213,11927
8231,12056
8268,12006
8302,12070
8243,11980
8277,12048
8316,12075
8288,11942
8279,11948
8189,11898
8183,12004
8216,11912
8340,11990
8284,12048
8207,11966
8244,11956
8259,12062
8228,12031
8203,11975
8237,11895
8327,12021
8292,12006
8271,12034
8360,12022
8193,12017
8316,12015
8217,12008
8312,12070
8229,11929
8337,11971
8204,11933
8238,11945
8253,12016
8194,11987
8336,12004
8299,12008
8172,11916
8218,11976
8252,12052
8178,11903
8227,12058
8168,11971
8215,11935
8248,11995
8242,12039
8239,11979
8294,11938
8211,11988
8337,12047
8173,12012
8275,11997
8210,12048
8169,11941
8324,12075
8206,11877
8273,11924
8212,12028
8320,11978
8248,12055
8301,12019
8338,12009
8190,11961
8221,11898
8239,12047
8276,12027
8344,12019
8180,11907
8254,12042
8352,12033
8296,11971
8167,11968
8247,11944
8249,11961
8302,11949
8191,11995
8224,11941
8277,11941
8311,12065
8181,12013
8177,11926
8279,12065
8350,12051
8170,11971
8201,11980
8214,11956
8250,11995
8176,12009
8225,11995
8349,12053
8321,12010
8222,12038
8237,12012
8345,12049
8171,11937
8202,11924
8165,11963
8226,12029
8322,11978
8229,12046
8263,11966
8204,12048
8275,12074
8256,11912
8346,12038
8343,12039
8287,11969
8262,11997
8200,12052
8252,11951
8358,12034
8227,11911
8333,12052
8233,11956
8301,12068
8257,12008
8272,11951
8306,11999
8245,12013
8281,11927
8220,11921
8254,11893
8328,12023
8346,12026
8179,11950
8210,11911
8154,11940
8188,11936
8197,12034
8339,12040
8307,11973
8212,12039
8246,11975
8282,12017
8221,11983
8255,11935
8329,12057
8310,11998
8270,12028
8353,12016
8189,11968
8235,12020
8250,12074
8225,12052
8308,12067
8258,11916
8311,11962
8271,11940
8289,11936
8307,12033
8264,11918
8354,12048
8329,11989
8326,12033
8236,11980
8297,12050
8199,12040
8201,11897
8195,11919
8232,11907
8229,11903
8322,12061
8284,12030
8223,11923
8259,12020
8343,11988
8290,11968
8308,12007
8163,11964
8355,12007
8330,12031
8304,12062
8295,12004
8196,11989
8230,11921
8285,11994
8319,12042
8174,11990
8226,11888
8260,11996
8294,12040
8186,12023
8199,11980
8309,11969
8266,11919
8241,11927
8290,12036
8305,11954
8160,11931
8280,11964
8151,11915
8314,11968
8286,11946
8261,11964
8187,11933
8291,11964
8272,12058
8315,12000
8254,12000
8185,11940
8198,11933
8303,12021
8210,11898
8334,12059
8278,12009
8219,11976
8182,11937
8234,11907
8268,11971
8302,12043
8209,11923
8243,12019
8316,12032
8341,12057
8288,11931
8159,11912
8279,11915
8315,12076
8216,11949
8269,11933
8284,12045
8207,11941
8244,11985
8259,12069
8228,11972
8203,11994
8240,11936
8292,11971
8271,12073
8162,11931
8193,11924
8316,11972
8312,12043
8309,12050
8229,12004
8337,12006
8204,12026
8238,11922
8293,12013
8253,12011
8361,12029
8194,11980
8336,12025
8317,12004
8172,11945
8218,12021
8175,11902
8168,12008
8215,11898
8267,12050
8248,11968
8319,11967
8211,11963
8337,12066
8275,11968
8325,11996
8145,11908
8280,12039
8169,11976
8231,11940
8206,11918
8273,11951
8212,11993
8246,11885
8320,12015
8190,11906
8242,11940
8276,12000
8180,11944
8235,12062
8158,11927
8296,12008
8167,11999
8249,11932
8243,11900
8224,11930
8345,12024
8320,12075
8288,12054
8159,11901
8177,12009
8192,11919
8279,12060
8297,11976
8201,11991
8183,11924
8214,11945
8250,11972
8176,11982
8247,12043
8237,11911
8274,11923
8171,11972
8202,12017
8165,11910
8217,11928
8251,12012
8226,11990
8199,11894
8322,12007
8263,11989
8275,12049
8256,11949
8287,12012
8262,12022
8218,11896
8252,11908
8178,11983
8227,12010
8333,12015
8323,11997
8357,12033
8208,11879
8332,12053
8239,11963
8272,11972
8306,11960
8245,11912
8281,11962
8173,11900
8220,11918
8328,11996
8346,12007
8179,11989
8210,11936
8188,11933
8200,11957
8324,11963
8268,12069
8243,12045
8166,11952
8307,12008
8246,12024
8190,12041
8221,12010
8310,12019
8270,12001
8353,12011
8328,12056
8235,11915
8250,12055
8225,12047
8148,11910
8247,11992
8283,11965
8191,11947
8222,11994
8258,11945
8311,11985
8271,11971
8289,11931
8307,12068
8181,11933
8264,11923
8354,12045
8156,11905
8329,11960
8326,12058
8236,12009
8195,11922
8232,11944
8176,11897
8223,11966
8163,11907
8330,11992
8218,12043
8304,12019
8175,11984
8351,12033
8295,11971
8196,12018
8233,12040
8251,11897
8285,12021
8319,12049
8208,12054
8226,11885
8260,12025
8186,11984
8199,12011
8309,12012
8356,12010
8241,11882
8331,12008
8280,11937
8184,12009
8197,11998
8286,11983
8261,11975
8187,12016
8233,11972
8208,11986
8205,12032
8257,11928
8245,12061
8315,11975
8220,12033
8254,11973
8185,11919
8198,11958
8303,11984
8278,11970
8219,12015
8234,11948
8268,11992
8209,11958
8243,11926
8255,12015
8341,12036
8288,12016
8159,11927
8279,12006
8315,12035
8189,11952
8201,12045
8269,12024
8340,12056
8284,12074
8244,12030
8213,12049
8228,11937
8265,11961
8203,11953
8240,11909
8330,12043
8193,11919
8312,12016
8229,11983
8263,11903
8337,12025
8204,11991
8259,11908
8293,11976
8253,11974
8290,11952
8194,12009
8317,11999
8218,11934
8298,12034
8168,11917
8230,12001
8205,12017
8294,11928
8211,11934
8318,12001
8241,12007
8325,12007
8305,12034
8280,12076
8169,11987
8200,11887
8184,11892
8231,11907
8206,11955
8212,11974
8267,11957
8242,11905
8276,11981
8310,12057
8207,12049
8167,11962
8219,11896
8182,11985
8213,12002
8249,11911
8302,12027
8224,11903
8277,12011
8292,12063
8345,12003
8273,12046
8326,11968
8288,12043
8177,11980
8192,11940
8297,11987
8170,11913
8201,11962
8183,11955
8214,11906
8216,11997
8176,11939
8207,11989
8247,12070
8317,12048
8237,11938
8274,11948
8171,11995
8202,11994
8217,11907
8251,11971
8285,12059
8226,11955
8260,12051
8263,12016
8194,11900
8262,11915
8218,11877
8252,12001
8358,12024
8178,11944
8227,12017
8333,11978
8153,11914
8313,12061
8215,12010
8323,12000
8248,11952
8208,11900
8205,11878
8239,11942
8272,11993
8245,11955
8173,11927
8220,11947
8275,11952
8256,12046
8210,11965
8334,11994
8200,11930
8324,11968
8268,12034
8166,11925
8347,12000
8270,11914
8180,11992
8281,12057
8235,11950
8213,11895
8247,12023
8191,11958
8222,12031
8311,11980
8271,12014
8181,11960
8255,12037
8236,12038
8177,11897
8353,12042
8195,11961
8232,11981
8250,11956
8223,11973
8225,11950
8237,12055
8304,11976
8175,11967
8295,11998
8233,12051
8285,11920
8260,11910
8186,11965
8199,11910
8232,12041
8356,12023
8223,12057
8331,11983
8256,11997
8305,12008
8262,12038
8280,11974
8184,11982
8197,12025
8252,11892
8286,11984
8227,11898
8261,12002
8187,11991
8233,12015
8230,12043
8208,12023
8205,12059
8332,12005
8276,12071
8257,11955
8185,12018
8198,11979
8303,11967
8334,12065
8278,11943
8219,12034
8182,11903
8234,11977
8268,11957
8209,11977
8243,11965
8258,12053
8221,11930
8255,11978
8270,12049
8341,12015
8288,11989
8159,11954
8161,11959
8279,11997
8189,11947
8201,12048
8198,12055
8216,11895
8269,11987
8340,12037
8207,11887
8244,12059
8228,11918
8265,11932
8222,11882
8203,11924
8240,11930
8258,11993
8330,12052
8193,11938
8264,12003
8236,11897
8226,12057
8149,11922
8312,11989
8266,12068
8259,11947
8293,11987
8253,11937
8290,11949
8194,12034
8240,12070
8327,12046
8218,11963
8313,12027
8168,11922
8196,11906
8323,12058
8230,12026
8319,12001
8174,11947
8205,11980
8294,12029
8164,11953
8211,11909
8266,12024
8318,11978
8241,12026
8238,12052
8200,11892
8197,11886
8231,11934
8206,11988
8267,11912
8242,11930
8276,11946
8335,12047
8315,11959
8185,11903
8216,12038
8167,11921
8219,11935
8182,11978
8213,11981
8231,12066
8339,12008
8302,11996
8206,12048
8277,11990
8273,12065
8147,11918
8255,11903
8326,12005
8344,12062
8192,11993
8350,12002
8297,12022
8170,11922
8201,11933
8183,11950
8214,12007
8216,11970
8176,11960
8207,12016
8244,11886
8225,11892
8317,12043
8203,12033
8237,11965
8274,11977
8292,11960
8342,12060
8298,11998
8215,12061
8217,11942
8251,11942
8226,11948
8204,11943
8238,12007
8287,11926
8194,11929
8262,11948
8299,11954
8172,11990
8274,12045
8252,11998
8178,11909
8227,11988
8313,12032
8215,11969
8230,11889
8248,11925
8239,11917
8272,12030
8211,12046
8335,11996
8300,12050
8173,11954
8275,11927
8256,12067
8359,12023
8334,12031
8200,12031
8234,11887
8324,12013
8268,12063
8209,11895
8224,12067
8273,11986
8212,11958
8320,11956
8301,11961
8190,12023
8270,11951
8146,11913
8180,11973
8300,11990
8296,12061
8247,11922
8249,12023
8321,12052
8191,11933
8222,11904
8224,12015
8258,11903
8311,12011
8348,12029
8181,11939
8236,12067
8152,11930
8214,11890
8232,11986
8250,11921
8223,12000
8225,11905
8349,11995
8293,12041
8321,11984
8289,12061
8175,11930
8264,12057
8295,11957
8150,11928
8202,11946
8260,11939
8186,11942
8199,11933
8263,11904
8318,12064
8238,11890
8256,12018
8287,12059
8305,11971
8262,12059
8280,12011
8184,11955
8197,11908
8286,12021
8261,12045
8187,11978
8233,12018
8357,12028
8208,11916
8332,11970
8276,12044
8257,11990
8306,12005
8245,12067
8281,11981
8220,11995
8185,11989
8198,12012
8210,11981
8278,11928
8154,11930
8188,12010
8234,11986
8268,11922
8283,12036
8209,12012
8243,11936
8258,12046
8307,11967
8246,11917
8282,11959
8221,11957
8255,11985
8257,12050
8341,11978
8288,11978
8161,11946
8189,11910
8244,12032
8228,11883
8265,12007
8283,11968
8191,12038
8203,11883
8240,12031
8258,12018
8271,11934
8342,12026
8289,12014
8264,11976
8236,11926
8217,11900
8251,12032
8312,11962
8195,11977
8266,12033
8284,11936
8241,12049
8259,11982
8293,11966
8253,11932
8308,11993
8265,12067
8330,11957
8327,12069
8218,11940
8313,11998
8168,11959
8196,11951
8323,12065
8230,11999
8319,11980
8174,11916
8205,11943
8294,11990
8164,11934
8211,11880
8266,11973
8241,11997
8336,12052
8234,12037
8231,12021
8157,11934
8209,12061
8206,12025
8267,12015
8242,12023
8276,11927
8291,12022
8254,11966
8278,12055
8296,11959
8188,11901
8219,11954
8182,12015
8213,11944
8339,11983
8302,11969
8191,11895
8348,12039
8246,12056
8221,12042
8326,12030
8344,12035
8192,12030
8170,11967
8183,11973
8214,11992
8216,12007
8269,11939
8250,11895
8340,12021
8176,11933
8207,11935
8244,11915
8225,11887
8228,12062
8203,12004
8240,11882
8327,11994
8274,12002
8193,11986
8351,12013
8298,12027
8202,12032
8217,11977
8251,11933
8226,11913
8214,12036
8229,11962
8204,11964
8331,12044
8238,11976
8253,12049
8287,11965
8194,11954
8336,11971
8299,11977
8274,12070
8178,11934
8215,11964
8196,12050
8248,12026
8338,12036
8242,12070
8239,12008
8211,12021
8245,11897
8335,12027
8173,11981
8220,11901
8275,12026
8325,12050
8334,12000
8299,12053
8169,11910
8200,11972
8324,12042
8231,11886
8249,12062
8224,12056
8166,11971
8273,12021
8212,11923
8338,11976
8301,11988
8190,11992
8306,12047
8180,12002
8192,12045
8300,12019
8281,12071
8155,11920
8254,12069
8296,12066
8167,12001
8247,11913
8249,11994
8321,12047
8191,12024
8222,11941
8224,11972
8311,12038
8147,11902
8181,11982
8320,12053
8217,12058
8177,11959
8201,12013
8232,12023
8250,12026
8225,12004
8349,12022
8293,12052
8321,11979
8237,11981
8175,11905
8171,11918
8202,11959
8165,11996
8285,11942
8186,11907
8199,11960
8263,11935
8318,12037
8331,11961
8256,11927
8346,12057
8287,12070
8184,11928
8197,11951
8286,12062
8227,11940
8261,12072
8233,11925
8301,12037
8208,11937
8332,11999
8239,11901
8257,11977
8272,11918
8306,12030
8245,11982
8281,12016
8220,12016
8346,11997
8179,11919
8210,12006
8352,12031
8154,11911
8314,12048
8188,11975
8234,12031
8246,11942
8282,11984
8221,11984
8255,11964
8270,11999
8161,11917
8189,12001
8235,11989
8269,12041
8308,12034
8228,11888
8265,11978
8283,12007
8240,11988
8258,12015
8342,11999
8289,11969
8307,12062
8264,11949
8282,12052
8329,12022
8236,11955
8217,11879
8195,12012
8284,11997
8223,11888
8204,11878
8259,11989
8293,11929
8253,11895
8290,12003
8308,11974
8343,12021
8265,12038
8240,12048
8354,12023
8295,12037
8313,11969
8196,11956
8230,11952
8319,12075
8205,11906
8294,12075
8291,12033
8266,11950
8263,12048
8241,11952
8290,12071
8280,11931
8314,12003
8231,11984
8206,12002
8261,11933
8187,11962
8212,11893
8267,11970
8242,11984
8291,11997
8254,11907
8198,11900
8303,12042
8278,12040
8219,11945
8182,11904
8213,11923
8231,12052
8268,12002
8302,12074
8243,11984
8277,12060
8316,12071
8288,11962
8279,11944
8189,11894
8183,12000
8216,11916
8269,11966
8340,11986
8207,11962
8244,11952
8259,12034
8228,12027
8203,12027
8237,11891
8274,12031
8292,12002
8271,12046
8327,12017
8360,12026
8162,11962
8193,12021
8316,12011
8217,12012
8312,12074
8229,11909
8337,11975
8204,11929
8238,11949
8253,12044
8194,11951
8336,11992
8299,12012
8172,11912
8218,11988
8252,12048
8178,11899
8227,12062
8168,11975
8215,11931
8248,11999
8338,12065
8242,12035
8239,11991
8211,11992
8335,12006
8337,12035
8173,12008
8275,12001
8210,12044
8299,12072
8169,11945
8324,12055
8249,12033
8206,11881
8273,11912
8212,12024
8320,11982
8248,12059
8301,12015
8338,12005
8190,11965
8221,11894
8239,12043
8344,12023
8180,11919
8254,12046
8352,12037
8296,11975
8247,11940
8249,11965
8302,11953
8321,12066
8191,11975
8224,11961
8277,11937
8345,11993
8181,12009
8320,12042
8177,11914
8297,11945
8170,11983
8201,12016
8250,12007
8176,12013
8225,11999
8349,12049
8321,12014
8222,12042
8237,12008
8345,12053
8171,11941
8202,11920
8165,11943
8196,11886
8226,12025
8322,11974
8229,12042
8263,11962
8204,12044
8256,11916
8346,12034
8343,12035
8287,11981
8262,11985
8200,12056
8252,11947
8286,12067
8178,12014
8227,11915
8333,12048
8233,11960
8301,12064
8257,12012
8272,11939
8306,11995
8245,12009
8281,11931
8220,12013
8254,11897
8328,12027
8179,11954
8210,11907
8154,11936
8188,11964
8197,12046
8339,12044
8307,11977
8212,12035
8246,11995
8282,12029
8221,11979
8255,11931
8257,12072
8310,11986
8329,12061
8270,11968
8353,12020
8189,11996
8235,12008
8283,11930
8258,11912
8311,11958
8271,11936
8289,11940
8307,12037
8181,11902
8193,12051
8264,11954
8329,11993
8326,12037
8236,11976
8297,12054
8199,12036
8201,11901
8195,12019
8232,11911
8229,11899
8322,12057
8284,12026
8223,11935
8259,12024
8290,11996
8308,12003
8163,11936
8355,12011
8330,12027
8304,12050
8295,12000
8196,11985
8230,11925
8285,11990
8174,11994
8205,11933
8260,11992
8294,12044
8186,12019
8199,11976
8309,11981
8266,11915
8241,11915
8290,12032
8305,11958
8160,11935
8151,11911
8314,11980
8286,11950
8261,11960
8187,11921
8267,11993
8257,11897
8291,11936
8272,12062
8315,12004
8254,12004
8185,11944
8198,11921
8303,12017
8210,11894
8334,12063
8278,12013
8219,11980
8182,11941
8234,11919
8268,12031
8302,12047
8209,11927
8243,12023
8277,12039
8316,12060
8288,11935
8315,12064
8216,11953
8269,11929
8284,12041
8207,11937
8244,11997
8228,11968
8203,11998
8240,11940
8292,11983
8162,11927
8193,12008
8316,11968
8312,12047
8309,12062
8229,12000
8337,11994
8204,12022
8238,11926
8293,12009
8253,12007
8194,11976
8262,11903
8336,12029
8317,12000
8172,11941
8218,12017
8252,12045
8175,11898
8215,11894
8267,12054
8248,11972
8319,11963
8242,12060
8294,11963
8211,11967
8275,11972
8325,11992
8305,12067
8280,12043
8169,11980
8231,11936
8206,11922
8273,11939
8212,12005
8320,12003
8248,12032
8338,12030
8190,11910
8242,11936
8276,12012
8180,11956
8155,11946
8254,12051
8235,12050
8158,11931
8296,12012
8167,11995
8249,11936
8224,11934
8277,11916
8345,12028
8217,12064
8288,12074
8177,12013
8192,11907
8279,12056
8297,11980
8170,12008
8201,11995
8183,11920
8214,11949
8250,11968
8176,11970
8349,12044
8247,12039
8237,11907
8274,11919
8171,11960
8202,12029
8165,11906
8217,11932
8251,12000
8226,11986
8199,11890
8322,12003
8229,12053
8263,11985
8275,12053
8256,11937
8287,12008
8262,12010
8252,11904
8178,11979
8227,12014
8333,12011
8187,11899
8323,11969
8332,12049
8272,11960
8306,11956
8245,11924
8281,11966
8220,11914
8328,11968
8346,12003
8179,11993
8210,11932
8188,11929
8200,11961
8268,12065
8243,12049
8166,11956
8307,12012
8246,12028
8282,12006
8221,12006
8310,12023
8270,12005
8353,12015
8328,12060
8235,11919
8250,12051
8225,12035
8148,11906
8247,11988
8283,11953
8222,11998
8258,11941
8271,11983
8289,11935
8307,12072
8181,11929
8162,11901
8264,11927
8354,12041
8156,11933
8329,11964
8326,12062
8236,12005
8195,11926
8232,11948
8176,11901
8223,11962
8163,11911
8330,11972
8218,12055
8304,12023
8175,11996
8351,12045
8295,12031
8196,12030
8233,12044
8251,11901
8285,12017
8319,12061
8208,12042
8226,11881
8260,12005
8186,11996
8199,12007
8309,12008
8266,11924
8241,11886
8331,12012
8280,11941
8184,12013
8197,11994
8286,11955
8261,11971
8187,12020
8233,11976
8208,11990
8257,11932
8146,11902
8245,12057
8315,11995
8220,12061
8254,11977
8185,11923
8198,11946
8303,11996
8334,12032
8278,11974
8219,12003
8234,11944
8268,11988
8209,11946
8243,11930
8255,12011
8341,12032
8288,12020
8159,11923
8279,12002
8315,12039
8235,11896
8269,12020
8284,12070
8244,12026
8213,12061
8228,11949
8265,11965
8203,11957
8240,11961
8292,11988
8193,11907
8316,11965
8312,12020
8195,12035
8229,11979
8337,12029
8204,11987
8259,11912
8293,12020
8253,11970
8194,12005
8317,11995
8218,11930
8298,12046
8215,11885
8230,12005
8205,12013
8294,11932
8211,11938
8318,12005
8325,12003
8305,12038
8169,11991
8184,11896
8231,11967
8206,11959
8212,11970
8267,11945
8190,11883
8242,11965
8276,11977
8310,12061
8207,12061
8296,12017
8167,11958
8219,11900
8182,11989
8213,12014
8249,11915
8302,12031
8224,11891
8277,12023
8292,12059
8345,12007
8273,12034
8326,11972
8288,12047
8177,11968
8192,11960
8350,11997
8297,11991
8201,11966
8183,11919
8214,11910
8176,11943
8207,11985
8247,12066
8317,12076
8237,11934
8274,11944
8171,11999
8202,11974
8217,11911
8251,11975
8285,12055
8226,11983
8260,12063
8263,12012
8287,12023
8194,11896
8262,11919
8252,12029
8358,12028
8178,11940
8227,12021
8333,11974
8153,11918
8313,12065
8215,12006
8233,11878
8323,12004
8248,11956
8208,11888
8239,11938
8272,11997
8245,11967
8281,11937
8173,11923
8220,11943
8275,11956
8256,12034
8210,11961
8334,11998
8200,11934
8324,11980
8166,11913
8347,12004
8310,12008
8270,11918
8281,12061
8235,11938
8213,11891
8247,12019
8191,11954
8222,12003
8348,11996
8311,11976
8271,12010
8181,11908
8255,12033
8236,12034
8177,11901
8353,12046
8195,11965
8232,11953
8250,11952
8223,11969
8225,11938
8293,12074
8308,11957
8237,12051
8304,11980
8175,11963
8295,11994
8233,12055
8285,12012
8260,11906
8186,11961
8199,11906
8232,12045
8356,12019
8223,12037
8331,11971
8256,11985
8305,12012
8280,11978
8184,11986
8197,12005
8286,11988
8227,11902
8261,12014
8187,12011
8233,11987
8230,12047
8208,12011
8205,12055
8332,12001
8276,12067
8257,11959
8245,12036
8254,11986
8185,12022
8198,11983
8303,11963
8334,12069
8278,11963
8219,12038
8182,11891
8234,11957
8268,11953
8209,11981
8243,11905
8258,12049
8282,11926
8221,11926
8255,12022
8270,12053
8341,12011
8288,12009
8279,11993
8189,11943
8201,12052
8198,12043
8216,11899
8269,11983
8340,12033
8207,11883
8244,12007
8228,11914
8265,11904
8355,12034
8222,11886
8203,11912
8240,11934
8258,11989
8330,12048
8193,11942
8264,12007
8236,11893
8251,12065
8226,12053
8312,11993
8309,12068
8229,11990
8266,12064
8259,11951
8293,11999
8253,11965
8290,11945
8327,12042
8218,11911
8298,12075
8313,12031
8168,11926
8196,11918
8323,12062
8230,12030
8319,12013
8174,11951
8205,11976
8294,12017
8164,11965
8211,11913
8266,12004
8318,11982
8241,12030
8238,12056
8305,12057
8200,11896
8197,11882
8231,11930
8206,11992
8267,11916
8242,11926
8276,11958
8335,12043
8216,12042
8167,11917
8219,11923
8182,11982
8213,11977
8249,11886
8302,12000
8339,12012
8206,12052
8224,11880
8277,11986
8273,12069
8255,11899
8326,11993
8177,11995
8192,11997
8350,12006
8297,12026
8170,11934
8201,11905
8183,11946
8214,12027
8216,11974
8176,11964
8207,12028
8317,12039
8203,12037
8237,11961
8274,11973
8342,12048
8144,11905
8298,11994
8215,12057
8217,11946
8251,11962
8226,11944
8260,12068
8204,11939
8238,12011
8194,11925
8262,11936
8299,11958
8172,11986
8274,12041
8252,11994
8178,11905
8227,11992
8313,12036
8215,11997
8230,11893
8248,11929
8205,11901
8239,11913
8272,12018
8211,12050
8335,11992
8300,12046
8173,11950
8275,11931
8256,12071
8359,12019
8179,12003
8334,11971
8200,12003
8234,11883
8324,12009
8268,12059
8209,11883
8166,12002
8273,11990
8212,11954
8301,11957
8190,12027
8270,11955
8146,11909
8180,11969
8300,11986
8281,12032
8235,11961
8296,12033
8247,12014
8249,12027
8191,11929
8222,11908
8224,12003
8258,11899
8311,12007
8348,12025
8181,11951
8236,12063
8152,11934
8214,11894
8232,11990
8250,11933
8223,12012
8225,11909
8321,11988
8289,12049
8175,11942
8264,12061
8295,11953
8260,11951
8186,11938
8199,11929
8232,12050
8318,12068
8223,12064
8238,11894
8256,12022
8287,12039
8305,11975
8262,12063
8280,12015
8184,11959
8197,11904
8286,12025
8261,12041
8187,11982
8233,12022
8357,12024
8208,11904
8242,11900
8332,12030
8276,12040
8257,11946
8306,12001
8281,11985
8220,11991
8328,11957
8185,11993
8198,12000
8158,11903
8210,11977
8278,11932
8188,12006
8234,11998
8268,11918
8283,12056
8209,12000
8243,11940
8258,12042
8246,11905
8282,11955
8221,11953
8255,11997
8257,12054
8341,11990
8288,11982
8161,11950
8189,11906
8269,12074
8244,12044
8228,11927
8265,12011
8283,11972
8191,12034
8222,11891
8203,11887
8240,12019
8258,11982
8271,11930
8342,12030
8289,12002
8264,11980
8236,11922
8251,12036
8226,12046
8312,11966
8195,11981
8266,12045
8284,11964
8241,12053
8259,11954
8293,11962
8253,11928
8265,12071
8327,12065
8218,11936
8295,12074
8313,12002
8168,11963
8196,11947
8323,12069
8230,11987
8319,11976
8174,11920
8205,11939
8294,11978
8164,11930
8211,11884
8266,11969
8318,11987
8241,11985
8336,12040
8197,11893
8234,12033
8231,12017
8157,11930
8209,12049
8206,12029
8261,11902
8267,12003
8242,12019
8276,11923
8310,12075
8291,12026
8254,11938
8303,12075
8278,12075
8296,11963
8188,11897
8219,11958
8182,12003
8213,11956
8339,11987
8302,11973
8191,11891
8348,12035
8246,12060
8221,12038
8326,12018
8344,12039
8192,12018
8170,11963
8183,11969
8214,11996
8216,12011
8250,11891
8340,12017
8176,11921
8207,11931
8244,11927
8228,12058
8203,12056
8240,11886
8327,11990
8274,11998
8193,11990
8351,12009
8298,12007
8202,12044
8217,11981
8251,11921
8285,12077
8226,11909
8214,12056
8229,11942
8204,11960
8331,12032
8238,11980
8287,11961
8194,11918
8336,11975
8299,11981
8274,12066
8178,11930
8333,11964
8215,11960
8248,12030
8338,12032
8242,12066
8239,12020
8211,12025
8335,11975
8300,12075
8173,11977
8220,11897
8275,12030
8325,12062
8334,12004
8299,12041
8169,11914
8200,11976
8234,11892
8231,11882
8324,12022
8249,12066
8224,12060
8166,11975
8273,12009
8212,11935
8338,11972
8301,11984
8190,11996
8344,11990
8306,12043
8180,12014
8192,12033
8300,12015
8281,12075
8155,11924
8254,12073
8296,12070
8247,11909
8249,11998
8321,12035
8191,12004
8222,11945
8224,11992
8311,12034
8181,11978
8217,12062
8177,11947
8152,11907
8214,11883
8195,11879
8232,12027
8250,11910
8225,12024
8349,12018
8293,12048
8321,11983
8237,11977
8175,11917
8171,11906
8202,11955
8165,11992
8285,11938
8260,11956
8186,11919
8199,11956
8263,11931
8318,12041
8331,11965
8256,12011
8287,12066
8305,11994
8184,11932
8197,11947
8286,12034
8227,11944
8261,12052
8233,11929
8301,12033
8208,11941
8332,11995
8239,11897
8257,11981
8306,12026
8245,11978
8281,12020
8220,11980
8346,11993
8179,11923
8210,12002
8352,12019
8154,11907
8314,12060
8188,11971
8234,12027
8209,12027
8258,12071
8246,11962
8282,11996
8221,11948
8255,11960
8257,12041
8270,12067
8161,11905
8189,12029
8235,11977
8269,12037
8244,12073
8308,12046
8228,11900
8265,11982
8283,12027
8240,11976
8258,12011
8342,11987
8289,11973
8264,11985
8282,12048
8329,12026
8236,11951
8217,11883
8195,11984
8232,11878
8266,12054
8284,11993
8223,11900
8259,11993
8253,11891
8290,12031
8308,11970
8343,12017
8265,12042
8240,12052
8354,12019
8295,12033
8313,11973
8196,11952
8230,11956
8319,11991
8205,11966
8291,12037
8266,11946
8263,12044
8318,11956
8241,11956
8325,11956
8290,12067
8280,11935
8314,12015
8231,11980
8206,12006
8261,11929
8187,11966
8212,11889
8267,11974
8242,11980
8291,11969
8254,11911
8198,11888
8303,12054
8278,12044
8219,11949
8182,11908
8213,11935
8231,12048
8243,11988
8277,12056
8316,12067
8221,12065
8288,11966
8279,11940
8189,11890
8183,12028
8216,11920
8269,11962
8340,11998
8207,11910
8244,11964
8259,12038
8228,12007
8203,12031
8237,11887
8274,12027
8292,12014
8271,12042
8327,12013
8360,12030
8162,11958
8193,11977
8351,12020
8316,12007
8217,12016
8229,11905
8204,11925
8238,11953
8253,12040
8194,11947
8336,11996
8299,12000
8172,11908
8218,11984
8252,12076
8178,11895
8227,12034
8153,11903
8168,11979
8215,11927
8323,11957
8248,12003
8338,12061
8239,11987
8211,11996
8335,12002
8337,12039
8173,12004
8275,12005
8210,12040
8299,12076
8169,11949
8324,12051
8249,12037
8206,11885
8166,11992
8273,11916
8212,11908
8320,11970
8248,12063
8301,12011
8338,12001
8190,11937
8221,11890
8239,12055
8344,12027
8180,11915
8155,11915
8296,11979
8247,11936
8249,11969
8302,11957
8321,12070
8191,11971
8222,11954
8224,11965
8277,11949
8345,11997
8320,12046
8217,12033
8177,11918
8297,11949
8170,11979
8201,12020
8250,12003
8176,12001
8225,11987
8349,12013
8321,12002
8222,12046
8237,12004
8345,12057
8171,11929
8202,11932
8165,11939
8196,11882
8226,12021
8322,11970
8263,11958
8318,12050
8204,12040
8256,11904
8346,12046
8343,12063
8287,11977
8262,11989
8172,11903
8200,12060
8184,11905
8197,11958
8252,11943
8286,12071
8178,12010
8227,11919
8333,12044
8233,11964
8248,11886
8301,12060
8208,11962
8257,12000
8272,11943
8306,11991
8245,12021
8281,11935
8220,12009
8254,11901
8328,12031
8179,11958
8210,12031
8352,12008
8188,11960
8197,12042
8339,12048
8307,11981
8212,12047
8246,11999
8282,12025
8221,11975
8255,11911
8329,12033
8310,11990
8270,11972
8189,11992
8235,12012
8308,12075
8265,11985
8283,11934
8258,11908
8271,11948
8289,11960
8307,12041
8181,11898
8264,11958
8329,11997
8236,11972
8297,12058
8199,12032
8195,12023
8232,11915
8229,11879
8322,12053
8284,12022
8223,11931
8204,11903
8259,12028
8343,12012
8290,11992
8308,12015
8163,11940
8355,12015
8330,12007
8304,12054
8354,12012
8295,12060
8196,11997
8230,11913
8285,11986
8174,11998
8205,11929
8260,11972
8294,12032
8186,12031
8199,11972
8309,11977
8266,11959
8241,11919
8290,12060
8160,11923
8151,11907
8314,11976
8286,11922
8261,11940
8187,11925
8267,11997
8257,11901
8291,11940
8272,12050
8315,12024
8254,12008
8185,11948
8198,11925
8303,12029
8210,11890
8278,12001
8219,11968
8182,11961
8234,11915
8268,12027
8302,12051
8209,11915
8243,12027
8277,12035
8246,12074
8316,12056
8341,12065
8315,12068
8189,11885
8216,11957
8269,11925
8284,12037
8207,11949
8244,11993
8228,11980
8203,11986
8292,11979
8162,11923
8193,12012
8298,11949
8316,11996
8312,12051
8309,12058
8229,12012
8337,11998
8204,12018
8238,11930
8253,12003
8194,11972
8336,12017
8317,12028
8172,11937
8218,12029
8252,12041
8313,11957
8168,11984
8215,11890
8267,12042
8248,11976
8242,12056
8294,11967
8211,11971
8337,12058
8275,11976
8325,11972
8305,12071
8280,12047
8188,12034
8169,11952
8206,11926
8273,11943
8212,12001
8320,12007
8248,12036
8338,12026
8190,11914
8221,11885
8276,12008
8344,12000
8180,11952
8254,12055
8235,12054
8158,11935
8296,11984
8167,11991
8249,11940
8224,11922
8320,12067
8177,12001
8192,11911
8279,12052
8297,11952
8170,11988
8201,11999
8214,11937
8250,11980
8176,11974
8349,12040
8247,12035
8222,12051
8237,12031
8274,11915
8193,11897
8171,11964
8202,12025
8165,11918
8196,11895
8251,12004
8226,12014
8199,11886
8322,12031
8229,12049
8263,11981
8275,12057
8256,11941
8287,11988
8262,12014
8252,11932
8178,11975
8227,11922
8333,12007
8187,11903
8323,11973
8332,12045
8272,11964
8245,11920
8220,11910
8328,11972
8346,12015
8179,11997
8210,11928
8334,11961
8188,11925
8200,11965
8197,12053
8243,12053
8166,11944
8307,12016
8246,12016
8282,12002
8221,12002
8310,11979
8270,12009
8353,12003
8328,12032
8235,11907
8250,12063
8225,12039
8148,11918
8247,11984
8283,11957
8222,11970
8258,11937
8271,11979
8307,12076
8193,12042
8264,11931
8282,12070
8156,11929
8354,12037
8255,12070
8326,12050
8236,12001
8195,11930
8232,11920
8322,12046
8223,11942
8163,11915
8355,12018
8330,11968
8218,12051
8304,12011
8175,11992
8351,12041
8295,12027
8202,11884
8196,12026
8251,11889
8285,11981
8319,12057
8174,11971
8208,12046
8226,11877
8260,12001
8186,11992
8199,12003
8309,12020
8266,11920
8331,12000
8160,11912
8280,11945
8314,11957
8197,11974
8286,11959
8261,11983
8187,11912
8233,11980
8208,11978
8257,11920
8347,12050
8315,11999
8220,12057
8254,11981
8198,11950
8185,11927
8303,11992
8334,12036
8278,11994
8219,12007
8234,11924
8268,11984
8209,11950
8243,11934
8341,12044
8159,11935
8279,12030
8315,12059
8235,11900
8269,12016
8340,12064
8284,12066
8244,11974
8213,12057
8228,11945
8265,11937
8203,11945
8240,11965
8292,11984
8162,11916
8193,11911
8298,11958
8316,11961
8312,12024
8309,12037
8195,12039
8229,12023
8337,12017
8204,11983
8259,11916
8293,12016
8253,11998
8194,12001
8317,11991
8172,11966
8218,12006
8298,12042
8215,11881
8205,12009
8211,11942
8318,12009
8325,12015
8179,11895
8169,11995
8184,11900
8231,11963
8206,11963
8273,11962
8212,11982
8267,11949
8190,11887
8242,11961
8276,11989
8310,12049
8300,11966
8158,11936
8207,12057
8296,12021
8167,11954
8219,11888
8213,12010
8249,11919
8243,11883
8224,11895
8277,12019
8292,12039
8345,12011
8273,12038
8326,11960
8288,12035
8177,11972
8192,11964
8297,11995
8201,11938
8183,11915
8214,11930
8176,11995
8207,11997
8321,11960
8317,12072
8237,11930
8274,11940
8171,11987
8202,11970
8217,11915
8251,11995
8285,12051
8226,11979
8260,12059
8263,12008
8287,12019
8194,11892
8262,11907
8218,11885
8252,12025
8358,12016
8178,11936
8227,12025
8333,11970
8153,11922
8313,12069
8215,12002
8233,11882
8323,12008
8248,11960
8208,11892
8239,11950
8272,11985
8245,11963
8281,11941
8173,11919
8220,11939
8275,11960
8256,12038
8179,11968
8210,11957
8200,11906
8324,11976
8166,11917
8347,12024
8310,12012
8270,11922
8235,11942
8213,11903
8247,11983
8283,11944
8191,11966
8222,12007
8311,11972
8271,12022
8181,11904
8255,12045
8236,12030
8353,12034
8152,11901
8186,12033
8195,11937
8232,11957
8250,11964
8322,12075
8223,11981
8225,11942
8237,12047
8304,11968
8175,11975
8351,12052
8295,11990
8233,12059
8285,12008
8260,11918
8186,11973
8199,12030
8356,12031
8223,12033
8331,11975
8256,11989
8305,12000
8280,11982
8184,11990
8197,12001
8286,11992
8261,12010
8187,12015
8233,11991
8230,12035
8208,12015
8205,12051
8257,11915
8347,12041
8245,12032
8254,11990
8185,12026
8198,11971
8303,11975
8278,11967
8219,12058
8182,11895
8234,11953
8268,11949
8209,11969
8243,11909
8282,11922
8221,11922
8255,12018
8270,12057
8341,12023
8288,12013
8279,11989
8189,11939
8201,12056
8198,12047
8216,11903
8269,11979
8340,12045
8207,11895
8244,12003
8213,12036
8228,11958
8265,11908
8355,12038
8203,11916
8240,11922
8258,11985
8330,12060
8193,11962
8264,12011
8171,11901
8236,11889
8251,12069
8226,12049
8312,11997
8309,12064
8229,11986
8259,11923
8293,11995
8253,11961
8290,11941
8327,12038
8218,11907
8298,12055
8168,11930
8196,11914
8323,12034
8230,12018
8319,12009
8174,11955
8205,11972
8294,12021
8362,12021
8164,11961
8211,11917
8266,12000
8318,12018
8241,12018
8238,12060
8305,12061
8200,11900
8231,11926
8206,11996
8190,11888
8242,11922
8276,11954
8310,12042
8335,12055
8216,12046
8207,12036
8296,11930
8167,11913
8219,11927
8182,11970
8213,11989
8249,11890
8302,12004
8339,12016
8206,12056
8224,11884
8277,11998
8273,12057
8326,11997
8177,11999
8192,11985
8350,12010
8297,12030
8170,11930
8201,11909
8183,11942
8214,12031
8216,11978
8176,11952
8207,12024
8244,11894
8317,12035
8237,11957
8274,11969
8292,11936
8342,12052
8144,11909
8298,11974
8215,12053
8217,11950
8251,11966
8285,12046
8226,11940
8260,12064
8331,12065
8238,12015
8287,11934
8194,11921
8262,11940
8172,11982
8274,12037
8252,11990
8178,11965
8227,11996
8333,11997
8313,12040
8215,11993
8230,11881
8248,11933
8205,11897
8239,11925
8272,12022
8211,12054
8245,11942
8300,12042
8173,11946
8275,11935
8359,12015
8179,12007
8334,11975
8200,12007
8324,11989
8268,12055
8209,11887
8166,12006
8273,11978
8212,11966
8301,11953
8190,12031
8270,11959
8146,11905
8306,12074
8180,11981
8300,11982
8281,12036
8189,12041
8235,11965
8296,12037
8247,12010
8249,12031
8191,11909
8222,11912
8224,12007
8348,12021
8311,12003
8181,11947
8236,12059
8232,11994
8250,11929
8223,12008
8225,11929
8289,12053
8175,11938
8264,12033
8295,11949
8150,11920
8260,11947
8186,11950
8199,11925
8232,12054
8318,12072
8331,11994
8238,11898
8256,11978
8287,12035
8305,12027
8262,12051
8280,12019
8184,11963
8197,11916
8286,12029
8261,12021
8187,11970
8233,12026
8208,11908
8242,11896
8332,12026
8276,12052
8257,11950
8281,11989
8220,11987
8328,11961
8185,11997
8198,12004
8210,11973
8278,11920
8188,12002
8234,11994
8268,11914
8283,12060
8209,12004
8243,11944
8258,12038
8246,11909
8282,11967
8221,11917
8255,11993
8270,12034
8341,11986
8288,11970
8161,11938
8192,11899
8189,11934
8216,11876
8269,12070
8244,12040
8247,11903
8228,11923
8265,12015
8283,11992
8191,12046
8222,11895
8240,12023
8258,11978
8342,12018
8289,12006
8264,12016
8236,11918
8251,12056
8226,12042
8149,11909
8312,11970
8266,12041
8284,11960
8241,12041
8259,11958
8253,11924
8290,11934
8330,11965
8327,12061
8218,11948
8295,12070
8313,12006
8168,11967
8196,11927
8323,12073
8230,11991
8319,12020
8174,11924
8205,11999
8294,11982
8291,12066
8164,11910
8211,11888
8266,11981
8318,11991
8241,11989
8238,12033
8336,12044
8197,11889
8234,12045
8231,12013
8157,11926
8209,12053
8206,11969
8267,12007
8242,12015
8276,11935
8291,12030
8254,11942
8296,11967
8188,11893
8219,11914
8182,12007
8213,11952
8339,11991
8302,11977
8191,11903
8246,12048
8221,12034
8326,12022
8344,12043
8192,12022
8170,11943
8183,11997
8214,11984
8216,12015
8250,11903
8340,12029
8176,11925
8207,12007
8244,11923
8225,11879
8228,12038
8203,12060
8327,11986
8274,11994
8342,12041
8298,12003
8202,12040
8217,11985
8251,11925
8285,12073
8226,11905
8214,12060
8229,11938
8204,11956
8331,12036
8238,11984
8253,12073
8287,11941
8194,11914
8262,11961
8299,11969
8172,12011
8274,12062
8178,11926
8227,12067
8333,11960
8215,11956
8248,11906
8239,12016
8211,12029
8335,11971
8300,12071
8173,11973
8220,11893
8325,12058
8334,12008
8299,12045
8169,11918
8200,11980
8234,11888
8231,11878
8324,12018
8249,12070
8224,12048
8273,12013
8212,11931
8301,11980
8190,11968
8310,11962
8344,11994
8306,12039
8180,12010
8192,12037
8300,12011
8296,12074
8247,11905
8249,12002
8321,12039
8191,12000
8222,11949
8224,11996
8311,12062
8181,11990
8177,11951
8152,11911
8214,11887
8195,11883
8232,12031
8250,11906
8223,12023
8225,12028
8293,12060
8321,11971
8237,11973
8289,12040
8304,11962
8175,11913
8171,11910
8202,11967
8285,11966
8260,11952
8186,11915
8199,11952
8263,11927
8318,12045
8256,12015
8305,11998
8184,11936
8197,11927
8286,12038
8227,11948
8261,12048
8233,11933
8208,11929
8332,11991
8257,11969
8306,12022
8245,11990
8281,12024
8220,11976
8185,11968
8198,12025
8179,11927
8210,11998
8352,12023
8154,11919
8314,12056
8188,11999
8234,12007
8209,12031
8258,12067
8246,11966
8282,11992
8221,11944
8255,11940
8257,12045
8329,12066
8270,12071
8180,11901
8161,11909
8189,12025
8235,11981
8269,12033
8308,12042
8228,11896
8265,12018
8283,12031
8240,11980
8258,12007
8271,11917
8342,11991
8289,11993
8264,11989
8282,12060
8329,12030
8236,11947
8217,11887
8195,11988
8232,11882
8266,12050
8284,11989
8223,11896
8259,11997
8253,11919
8290,12027
8308,11982
8265,12046
8240,12040
8313,11977
8196,11964
8230,11944
8319,11987
8205,11962
8294,12067
8291,12041
8266,11990
8263,12040
8318,11960
8241,11944
8256,11898
8160,11954
8336,12065
8314,12011
8234,12054
8231,11976
8157,11953
8206,12010
8261,11909
8187,11954
8212,11901
8267,12026
8242,11976
8291,11973
8254,11915
8198,11892
8303,12050
8278,12032
8219,11937
8182,11928
8213,11931
8231,12044
8243,11992
8277,12068
8288,11954
8192,12011
8279,11936
8183,12024
8216,11924
8269,11958
8340,11994
8207,11906
8244,11960
8259,12042
8228,12003
8203,12019
8237,11883
8274,12023
8292,12010
8271,12054
8327,12009
8162,11954
8193,11981
8351,12016
8316,12003
8202,12053
8217,12020
8251,11912
8229,11917
8204,11921
8331,12059
8238,11957
8253,12036
8194,11943
8336,11984
8299,12004
8172,11904
8218,11996
8252,12072
8227,12038
8168,11983
8215,11923
8323,11961
8267,12075
8248,12007
8338,12057
8239,11999
8211,12000
8335,12014
8173,12000
8275,12009
8325,12069
8210,12036
8299,12064
8169,11921
8200,11985
8324,12063
8231,11901
8249,12041
8206,11889
8166,11996
8212,11904
8320,11974
8248,12067
8301,12007
8338,11997
8190,11941
8239,12051
8344,12031
8180,11927
8155,11919
8296,11983
8247,11964
8249,11973
8302,11961
8191,11983
8222,11958
8224,11953
8277,11945
8320,12034
8217,12037
8177,11906
8201,12024
8250,12015
8176,12005
8225,11991
8349,12009
8321,12006
8237,12000
8171,11933
8202,11928
8165,11951
8226,12017
8186,11892
8322,11998
8263,11954
8318,12054
8204,12036
8256,11908
8346,12042
8343,12059
8262,11977
8200,12032
8184,11909
8197,11954
8252,11939
8286,12075
8178,12006
8227,11955
8333,12040
8233,11936
8248,11890
8301,12056
8208,11966
8257,12004
8272,11931
8306,11987
8245,12017
8281,12003
8220,12005
8328,12003
8179,11962
8210,12027
8352,12012
8314,12037
8188,11956
8339,12052
8307,11985
8212,12043
8246,11987
8282,11973
8221,11971
8255,11907
8257,12064
8329,12037
8270,11976
8189,11988
8235,12000
8269,12060
8225,12064
8265,11989
8283,11922
8258,11904
8271,11944
8289,11964
8307,12045
8264,11962
8329,11969
8236,11968
8297,12062
8195,12027
8232,11919
8322,12049
8284,12018
8223,11911
8204,11899
8259,12000
8343,12008
8290,11988
8308,12011
8163,11944
8265,12049
8330,12003
8304,12042
8354,12008
8295,12056
8196,11993
8230,11917
8174,12002
8205,11925
8260,11968
8294,12036
8186,12027
8199,11968
8309,11989
8266,11955
8263,12071
8241,11907
8290,12056
8160,11927
8314,11988
8286,11926
8157,11948
8261,11936
8187,11945
8267,11985
8291,11944
8272,12054
8315,12028
8254,12012
8185,11952
8198,11913
8303,12025
8210,11886
8278,12005
8219,11972
8182,11965
8213,11910
8268,12023
8302,12055
8209,11919
8243,12031
8277,12047
8316,12052
8288,11927
8279,11935
8216,11961
8269,11921
8340,11975
8284,12033
8207,11945
8244,11941
8259,12049
8228,11976
8203,11990
8292,12023
8162,11951
8193,12000
8316,11992
8312,12055
8229,12008
8337,11986
8204,12014
8238,11934
8253,12031
8194,11968
8336,12021
8299,12027
8317,12024
8172,11933
8218,12025
8252,12037
8313,11961
8168,11988
8215,11918
8267,12046
8248,11980
8242,12052
8294,11955
8211,11975
8337,12062
8275,11980
8325,11968
8280,12051
8169,11956
8324,12068
8206,11930
8273,11931
8212,12013
8246,11897
8248,12040
8320,12027
8338,12022
8190,11918
8221,11881
8276,12020
8344,12004
8180,11964
8155,11938
8254,12059
8235,12042
8158,11907
8296,11988
8167,11987
8249,11944
8224,11926
8277,11924
8292,12070
8320,12071
8288,12066
8177,12005
8192,11931
8279,12048
8297,11956
8170,11984
8201,11971
8214,11941
8250,11976
8225,11978
8349,12036
8247,12063
8222,12055
8237,12027
8345,12032
8193,11901
8171,11952
8202,12005
8165,11914
8196,11891
8251,12024
8226,12010
8199,11882
8322,12027
8229,12061
8263,11977
8275,12061
8256,11961
8287,11984
8262,12002
8252,11928
8178,11971
8227,11926
8333,12003
8187,11891
8323,11977
8332,12041
8272,11952
8245,11932
8220,11906
8328,11976
8346,12011
8179,11937
8210,11924
8334,11965
8188,11921
8200,11937
8197,12049
8243,12057
8166,11948
8307,12020
8246,12020
8282,12014
8221,12030
8347,11993
8310,11983
8270,12013
8353,12007
8189,11983
8328,12036
8235,11911
8250,12059
8225,12059
8148,11914
8222,11974
8258,11965
8271,11991
8289,11927
8193,12046
8264,11935
8282,12066
8156,11925
8354,12033
8255,12066
8326,12054
8236,11997
8297,12065
8199,12059
8195,11934
8232,11924
8322,12042
8284,12015
8223,11938
8163,11919
8355,12022
8330,11980
8218,12063
8304,12015
8175,12004
8295,12023
8202,11880
8196,12006
8251,11893
8285,11977
8319,12037
8174,11975
8208,12034
8260,12013
8294,12057
8186,12004
8199,11999
8309,12016
8164,11989
8266,11932
8331,12004
8160,11916
8280,11949
8184,12021
8197,11970
8286,11963
8261,11979
8187,11916
8230,12066
8208,11982
8332,11964
8257,11924
8347,12054
8272,12075
8315,11987
8220,12053
8254,12017
8185,11931
8198,11938
8303,12004
8334,12040
8278,11998
8219,12027
8234,11920
8268,11980
8209,11938
8243,12002
8341,12040
8159,11931
8279,12026
8315,12063
8235,11888
8269,12012
8244,11970
8228,11989
8265,11941
8203,11949
8240,11953
8292,11996
8162,11912
8193,11931
8298,11954
8316,11957
8312,12028
8309,12033
8195,12043
8229,12019
8337,12021
8204,11979
8238,11907
8293,12028
8253,11994
8194,12029
8317,11987
8172,11962
8218,12002
8215,11877
8205,12005
8211,11946
8318,12013
8325,12011
8179,11899
8169,11999
8231,11959
8206,11967
8273,11966
8212,11978
8267,11937
8190,11923
8242,11957
8276,11985
8310,12053
8300,11962
8235,12065
8158,11940
8296,12025
8167,11950
8219,11892
8213,12022
8249,11923
8243,11887
8224,11915
8277,12031
8292,12035
8345,12015
8326,11964
8288,12039
8192,11952
8279,12047
8297,11999
8201,11942
8183,11911
8214,11934
8176,11999
8207,11993
8321,11964
8317,12068
8237,11926
8274,11936
8171,11991
8202,11982
8165,11925
8217,11919
8251,11999
8226,11975
8260,12039
8263,12004
8275,12032
8287,12031
8194,11888
8262,11911
8218,11881
8252,12021
8358,12020
8178,11996
8227,12029
8333,12030
8153,11926
8313,12073
8215,12030
8233,11886
8323,12012
8248,11964
8208,11880
8239,11946
8272,11989
8245,11911
8281,11945
8173,11915
8220,11967
8275,11964
8256,12058
8179,11972
8210,11953
8188,11918
8200,11910
8324,11956
8166,11905
8246,12009
8347,12028
8310,12000
8270,11926
8235,11930
8250,12036
8213,11899
8247,11979
8283,11948
8191,11962
8222,12011
8311,11968
8271,12018
8181,11916
8255,12041
8236,12026
8353,12038
8195,11941
8232,11961
8250,11960
8322,12071
8223,11977
8225,11962
8308,11965
8163,11922
8237,12043
8304,11972
8175,11971
8264,12064
8351,12048
8295,11986
8202,11893
8233,12063
8285,12004
8260,11914
8186,11969
8199,12026
8356,12027
8223,12045
8241,11897
8331,12027
8305,12004
8280,11986
8184,11994
8197,12013
8286,11996
8227,11878
8261,11990
8187,12003
8233,11995
8230,12039
8208,12003
8205,12047
8276,12075
8257,11919
8347,12045
8245,12044
8254,11994
8185,12030
8198,11975
8359,12033
8303,11971
8278,11955
8219,12062
8234,11965
8268,11945
8209,11973
8243,11913
8282,11934
8255,12030
8270,12061
8341,12019
8288,12001
8159,11942
8279,11985
8189,11967
8201,12060
8198,12035
8269,11975
8340,12041
8207,11891
8244,12015
8213,12032
8228,11954
8265,11912
8355,12042
8203,11904
8240,11926
8327,11966
8330,12056
8193,11966
8264,12015
8236,11885
8312,12001
8229,11998
8266,12072
8284,11935
8259,11927
8293,11975
8253,11957
8290,11937
8317,11982
8327,12034
8218,11919
8298,12051
8168,11934
8323,12038
8230,12022
8174,11959
8205,11968
8260,11901
8294,12009
8164,11941
8211,11921
8266,12012
8318,12022
8241,12022
8238,12064
8325,12022
8305,12049
8169,12002
8231,11922
8206,11936
8267,11908
8190,11892
8242,11918
8276,11966
8310,12046
8335,12051
8216,12050
8207,12032
8296,11934
8167,11909
8219,11883
8182,11974
8213,11985
8249,11894
8302,12008
8339,12020
8206,12060
8277,11994
8273,12061
8326,11985
8177,11987
8192,11989
8350,12014
8297,12002
8170,11910
8201,11913
8183,11938
8214,12019
8216,11982
8176,11956
8207,11972
8244,11890
8228,12069
8317,12063
8237,11953
8274,11965
8292,11948
8298,11970
8171,12010
8215,12049
8217,11954
8251,11954
8285,12042
8226,11936
8331,12069
8238,12019
8287,11930
8194,11885
8262,11928
8299,11950
8172,11978
8274,12033
8252,11986
8178,11961
8227,11968
8333,11993
8313,12044
8215,11989
8233,11889
8230,11885
8323,12019
8248,11937
8205,11893
8239,11921
8272,12010
8211,12058
8245,11938
8300,12038
8173,11942
8275,11939
8359,12011
8179,12011
8334,11979
8200,12011
8324,11985
8268,12051
8209,11875
8243,12067
8166,11930
8273,11982
8212,11962
8301,11949
8190,12003
8270,11963
8306,12070
8180,11977
8300,11978
8281,12040
8189,12037
8235,11953
8296,12041
8213,11878
8247,12006
8191,11905
8222,11916
8224,12027
8348,12017
8311,12031
8181,11959
8156,11951
8255,12052
8236,12055
8232,11998
8250,11941
8223,11988
8225,11933
8237,12070
8289,12073
8304,11993
8175,11950
8264,12037
8295,11945
8150,11924
8233,12066
8285,11935
8260,11927
8186,11946
8199,11921
8232,12058
8318,12076
8331,11998
8238,11902
8256,11982
8287,12047
8305,12031
8262,12055
8280,12023
8197,11912
8184,11967
8286,12001
8261,12017
8187,11974
8233,12030
8230,12056
8208,12024
8242,11892
8332,12022
8276,12048
8257,11938
8281,11993
8328,11965
8185,12001
8198,11992
8303,11950
8210,11969
8278,11924
8188,12030
8234,11974
8268,11910
8283,12048
8209,11992
8243,11948
8258,12034
8246,11929
8282,11963
8221,11913
8255,11973
8270,12038
8341,11998
8288,11974
8161,11942
8192,11903
8279,11980
8189,11930
8216,11880
8269,12066
8244,12052
8247,11899
8228,11935
8265,11923
8283,11996
8191,12042
8222,11899
8203,11879
8240,12011
8258,11974
8342,12022
8289,12026
8264,12020
8236,11914
8251,12060
8226,12038
8149,11905
8312,11974
8284,11956
8241,12045
8259,11962
8253,11920
8290,11930
8330,11961
8327,12057
8218,11944
8295,12066
8313,12010
8168,11939
8196,11923
8230,11979
8319,12016
8174,11928
8205,11995
8294,11970
8291,12070
8164,11906
8211,11892
8266,11977
8318,11995
8241,11977
8238,12037
8336,12032
8197,11901
8234,12041
8231,12009
8157,11922
8209,12041
8206,11973
8267,11931
8242,12011
8276,11931
8310,12067
8291,12002
8254,11946
8278,12067
8188,11889
8219,11918
8182,12027
8213,11964
8339,11995
8302,11981
8191,11899
8206,12033
8277,11973
8147,11905
8246,12052
8221,12062
8326,12010
8344,12047
8192,11978
8350,12019
8170,11939
8183,11993
8214,11988
8216,12019
8250,11899
8340,12025
8176,11913
8207,12003
8244,11935
8225,11899
8228,12034
8203,12048
8327,11982
8274,11990
8342,12045
8298,12015
8215,12044
8217,11989
8251,11945
8285,12069
8226,11933
8214,12048
8229,11950
8204,11952
8238,11988
8253,12069
8287,11937
8194,11910
8262,11965
8299,11973
8317,11966
8172,12007
8274,12058
8252,11983
8178,11922
8215,11952
8196,12038
8248,11910
8239,12028
8211,12033
8335,11983
8300,12067
8173,11969
8220,11889
8325,12038
8334,12012
8299,12033
8200,12016
8234,11900
8324,12030
8249,12074
8224,12052
8273,12001
8212,11943
8301,11976
8190,11972
8310,11966
8344,11998
8306,12035
8300,12007
8247,11933
8249,12006
8321,12059
8191,12012
8222,11921
8224,11984
8348,12014
8311,12058
8181,11986
8177,11939
8152,11915
8214,11875
8195,11887
8232,12003
8250,11918
8223,12019
8225,12016
8293,12056
8321,11975
8237,11969
8289,12044
8304,11966
8175,11925
8150,11913
8202,11963
8285,11962
8260,11964
8186,11927
8199,11948
8263,11923
8331,11957
8256,12003
8287,12074
8305,11986
8262,12072
8184,11940
8197,11923
8286,12042
8261,12060
8233,11905
8208,11933
8332,11987
8257,11973
8306,12018
8245,11986
8281,12028
8220,11972
8185,11972
8198,12029
8179,11931
8210,11994
8154,11915
8314,12068
8188,11995
8234,12003
8209,12019
8246,11954
8282,11940
8221,11940
8255,11936
8257,12033
8329,12070
8270,12075
8180,11897
8161,11929
8189,12021
8185,12032
8235,11969
8308,12054
8265,12022
8283,12019
8203,11898
8240,11968
8258,12003
8271,11913
8342,12011
8289,11997
8264,11993
8282,12056
8329,12002
8236,11943
8217,11891
8195,11992
8232,11886
8266,12062
8284,11985
8223,11876
8259,11969
8253,11915
8290,12023
8308,11978
8240,12044
8304,12073
8313,11981
8196,11960
8230,11948
8319,11999
8205,11958
8294,12071
8291,12045
8309,11958
8266,11986
8263,12036
8318,11964
8241,11948
8256,11902
8325,11964
8160,11958
8336,12069
8314,12023
8234,12050
8231,11972
8157,11917
8206,12014
8261,11905
8187,11958
8212,11897
8267,12030
8242,11972
8291,11977
8335,12069
8254,11919
8198,11880
8303,12062
8278,12036
8188,11886
8219,11941
8182,11932
8213,11943
8231,12040
8243,11996
8277,12064
8246,12041
8288,11958
8192,12015
8279,11964
8183,12020
8214,11977
8216,11928
8269,11954
8340,12006
8207,11918
8244,11908
8259,12046
8228,12015
8203,12023
8240,11899
8327,12005
8274,12019
8292,11926
8271,12050
8193,11969
8351,12028
8316,12031
8202,12049
8217,12024
8251,11916
8229,11913
8356,12039
8204,11917
8331,12063
8238,11961
8253,12032
8194,11939
8336,11988
8299,11992
8218,11992
8252,12068
8227,12042
8215,11951
8323,11965
8248,12011
8338,12053
8239,11995
8211,12004
8335,12010
8173,11996
8220,11886
8275,12013
8325,12065
8210,12032
8299,12068
8169,11925
8200,11989
8324,12059
8231,11897
8249,12045
8206,11893
8224,12041
8166,11984
8212,11916
8320,11994
8248,12071
8301,12003
8338,11993
8190,11945
8239,12063
8306,12060
8180,11923
8300,12028
8155,11907
8352,12049
8247,11960
8249,11977
8302,11965
8191,11979
8222,11962
8224,11957
8277,11957
8320,12038
8217,12041
8177,11910
8350,12035
8201,12028
8195,11890
8250,12011
8225,12011
8259,11899
8349,12005
8321,12026
8237,11996
8171,11921
8202,11908
8165,11947
8186,11888
8322,11994
8263,11950
8318,12058
8204,12032
8256,11928
8346,12054
8343,12055
8262,11981
8200,12036
8184,11913
8197,11966
8252,11967
8178,12002
8227,11959
8333,12036
8261,12071
8233,11940
8248,11894
8301,12052
8208,11954
8239,11884
8257,12024
8272,11935
8306,11983
8245,12029
8281,12007
8220,12001
8328,12007
8179,11966
8210,12023
8352,12000
8314,12033
8188,11952
8339,12056
8283,12074
8307,11989
8212,12055
8246,11991
8282,11969
8221,11999
8255,11919
8257,12068
8329,12041
8270,11980
8189,11984
8328,12067
8235,12004
8269,12056
8225,12068
8265,11993
8283,11926
8258,11932
8271,11956
8289,11952
8307,12049
8264,11966
8282,12037
8329,11973
8236,11964
8297,12034
8201,11881
8195,12031
8232,11891
8229,11887
8284,11982
8223,11907
8204,11895
8259,12004
8343,12004
8290,11984
8308,12023
8163,11948
8265,12053
8330,12015
8304,12046
8354,12004
8295,12052
8196,11973
8230,11905
8174,12006
8205,11921
8260,11980
8291,12048
8309,11985
8266,11967
8263,12067
8241,11911
8290,12052
8145,11903
8160,11947
8280,11916
8151,11931
8314,11984
8286,11930
8157,11944
8261,11948
8187,11949
8212,11878
8267,11989
8291,11948
8272,12042
8315,12016
8254,11920
8198,11917
8185,11956
8303,12037
8210,11882
8278,12025
8219,11992
8182,11953
8213,11906
8268,12019
8302,12059
8209,11907
8243,11971
8277,12043
8246,12066
8316,12048
8288,11947
8279,11931
8216,11965
8269,11917
8284,12061
8207,11957
8244,11937
8259,12053
8228,12020
8203,11978
8292,12019
8162,11947
8193,12004
8316,11988
8217,12003
8312,12059
8229,11924
8337,11990
8204,12010
8238,11938
8253,12027
8194,11996
8336,12009
8299,12031
8317,12020
8172,11929
8218,11973
8252,12033
8227,12049
8313,11965
8168,11992
8215,11914
8267,12034
8248,11984
8242,12048
8239,11974
8294,11959
8164,11903
8211,11979
8337,12050
8275,11984
8325,11980
8210,12061
8280,12055
8169,11960
8324,12064
8206,11934
8273,11935
8212,12009
8246,11901
8248,12044
8301,12030
8320,12031
8338,12018
8190,11954
8221,11877
8276,12016
8344,12008
8180,11960
8155,11942
8254,12063
8235,12046
8158,11911
8296,11992
8167,11983
8249,11948
8191,11990
8224,11946
8277,11920
8292,12066
8288,12070
8177,11929
8192,11935
8279,12076
8297,11960
8170,11996
8201,11975
8214,11961
8250,11988
8225,11982
8349,12032
8247,12059
8222,12059
8237,12023
8345,12036
8193,11889
8171,11956
8202,12001
8165,11958
8196,11903
8251,12028
8226,12006
8199,11878
8322,12023
8229,12057
8263,11973
8204,12061
8275,12065
8256,11965
8287,11996
8262,12006
8252,11924
8227,11930
8333,12063
8187,11895
8323,11981
8332,12037
8272,11956
8245,11928
8220,11934
8328,11980
8346,12023
8179,11941
8210,11920
8188,11949
8200,11941
8243,12061
8166,11936
8307,12024
8246,11976
8282,12010
8221,12026
8347,11997
8310,11971
8270,12017
8353,12027
8189,11979
8328,12040
8235,12027
8250,12071
8225,12063
8222,11978
8258,11961
8271,11987
8289,11947
8193,12034
8264,11907
8156,11921
8326,12042
8236,11993
8297,12069
8199,12055
8195,11906
8232,11928
8322,12038
8284,12011
8223,11950
8290,11981
8163,11955
8355,12026
8330,11976
8218,12059
8304,12003
8175,12000
8295,12019
8196,12002
8230,11930
8285,11973
8319,12033
8174,11979
8208,12038
8226,11901
8260,12009
8294,12061
8186,12000
8199,11995
8309,12028
8164,11985
8266,11928
8241,11930
8160,11904
8280,11953
8314,11965
8184,12025
8197,11982
8286,11967
8261,11959
8187,11904
8230,12070
8208,11970
8332,11960
8291,11955
8315,11991
8220,12049
8254,12021
8198,11942
8185,11935
8303,12000
8334,12044
8278,11986
8219,12031
8182,11946
8234,11932
8268,11976
8209,11942
8243,12006
8316,12045
8341,12052
8159,11911
8279,12022
8315,12051
8235,11892
8216,11938
8269,12008
8244,11982
8213,12065
8228,11985
8265,11945
8203,11937
8240,11957
8292,11992
8271,12068
8162,11908
8193,11935
8298,11966
8312,12032
8309,12045
8195,12047
8229,12031
8337,12009
8204,11975
8238,11911
8293,12024
8253,11990
8361,12016
8194,12025
8317,12015
8172,11958
8218,12014
8267,12057
8205,12001
8211,11950
8325,11991
8179,11903
8169,11971
8231,11955
8206,11907
8273,11954
8212,11990
8267,11941
8190,11927
8242,11953
8276,11997
8180,11941
8300,11958
8235,12069
8158,11944
8296,12029
8167,11946
8213,12018
8249,11927
8243,11891
8224,11919
8277,12027
8292,12047
8345,12019
8288,12059
8192,11956
8279,12043
8297,11971
8201,11946
8183,11907
8214,11922
8176,11987
8317,12064
8237,11922
8274,11932
8171,11979
8202,11978
8165,11921
8217,11923
8251,11987
8226,11971
8260,12035
8199,11901
8263,12000
8275,12036
8287,12027
8262,12027
8218,11893
8252,12017
8178,11992
8227,12001
8333,12026
8153,11930
8215,12026
8323,11984
8208,11884
8239,11958
8272,11977
8245,11907
8281,11949
8173,11911
8220,11963
8328,11985
8256,12062
8179,11976
8210,11949
8188,11914
8200,11914
8243,12032
8166,11909
8246,12013
8190,12034
8347,12016
8310,12004
8270,11930
8235,11934
8250,12032
8247,11975
8283,11936
8191,11942
8222,12015
8311,11996
8271,12030
8181,11912
8156,11918
8329,11955
8236,12022
8195,11945
8232,11965
8322,12067
8223,11957
8225,11966
8308,11961
8163,11926
8330,11989
8237,12039
8218,12036
8304,12024
8175,11983
8264,12068
8295,11982
8202,11889
8233,12035
8285,12000
8208,12059
8260,12022
8186,11981
8199,12022
8309,12007
8356,12007
8223,12041
8241,11901
8331,12031
8280,11990
8197,12009
8184,11998
8286,11968
8157,11902
8227,11882
8261,11986
8187,12007
8233,11999
8208,12007
8205,12043
8257,11907
8347,12033
8291,11926
8245,12040
8315,11978
8220,12046
8254,11998
8185,11906
8198,11963
8303,11983
8278,11959
8219,12050
8234,11961
8268,11941
8209,11961
8243,11917
8282,11930
8255,12026
8341,12031
8288,12005
8159,11938
8279,12013
8189,11963
8201,12032
8198,12039
8269,11971
8340,12053
8207,11903
8244,12011
8213,12044
8228,11966
8265,11916
8355,12046
8203,11908
8240,11914
8327,11962
8330,12036
8193,11954
8236,11881
8312,12005
8309,12072
8195,12050
8229,11994
8284,11931
8204,11996
8259,11931
8293,11971
8253,11953
8290,11965
8194,12050
8317,11978
8218,11915
8298,12063
8168,11906
8323,12042
8230,12010
8174,11963
8205,12028
8294,12013
8362,12029
8164,11937
8211,11925
8266,12008
8318,12026
8241,12010
8238,12068
8325,12018
8305,12053
8280,12065
8169,12006
8231,11918
8206,11940
8267,11960
8190,11896
8242,11914
8276,11962
8310,12034
8335,12063
8216,12054
8207,12044
8167,11905
8219,11887
8182,11994
8213,11997
8249,11898
8302,12012
8339,12024
8277,12006
8292,12052
8273,12049
8326,11989
8177,11991
8192,11945
8297,12006
8170,11906
8201,11917
8183,11966
8214,12023
8216,11986
8176,11944
8207,11968
8244,11902
8228,12065
8317,12059
8237,11949
8274,11961
8292,11944
8298,11982
8202,11991
8217,11958
8251,11958
8285,12038
8226,11964
8260,12072
8263,12031
8238,12023
8194,11881
8262,11932
8172,11974
8252,12014
8178,11957
8227,11972
8333,11989
8313,12048
8215,11985
8233,11893
8323,12023
8248,11941
8205,11889
8239,11933
8272,12014
8211,12062
8245,11950
8300,12034
8173,11938
8275,11943
8179,12015
8334,11983
8200,12015
8324,11997
8268,12047
8209,11879
8243,12071
8166,11934
8273,11970
8190,12007
8270,11967
8306,12066
8180,11989
8300,11974
8281,12044
8189,12033
8235,11957
8296,12045
8247,12002
8191,11917
8222,12016
8224,12031
8311,12027
8271,12005
8181,11955
8156,11947
8255,12048
8236,12051
8232,11970
8250,11937
8223,11984
8225,11921
8237,12066
8218,12065
8289,12077
8304,11997
8175,11946
8264,12041
8165,12001
8285,11931
8260,11923
8186,11958
8199,11917
8232,12062
8223,12052
8331,11986
8256,11970
8287,12043
8305,12019
8262,12043
8280,12027
8184,11971
8197,12020
8286,12005
8227,11889
8261,12029
8187,11994
8233,12002
8230,12060
8357,12012
8208,12028
8242,11888
8332,12018
8276,12060
8257,11942
8281,11997
8185,12005
8198,11996
8278,11944
8188,12026
8219,12041
8234,11970
8283,12052
8209,11996
8243,11952
8258,12062
8246,11933
8221,11909
8255,11969
8270,12042
8341,11994
8288,11994
8161,11962
8192,11891
8279,11976
8189,11926
8198,12056
8216,11884
8269,11998
8244,12048
8247,11895
8228,11931
8265,11927
8283,11984
8222,11903
8203,11931
8240,12015
8258,11970
8289,12030
8264,12024
8236,11910
8251,12048
8226,12034
8149,11917
8312,11978
8284,11952
8241,12033
8259,11966
8293,11950
8253,11948
8290,11926
8194,12047
8327,12053
8218,11956
8313,12014
8168,11943
8196,11935
8323,12049
8230,11983
8319,12028
8174,11932
8205,11991
8294,11974
8291,12074
8164,11918
8211,11896
8266,12021
8318,11999
8241,11981
8238,12041
8336,12036
8197,11897
8231,12005
8209,12045
8206,11977
8267,11935
8242,12007
8276,11943
8310,12071
8291,12006
8315,11962
8254,11950
8185,11890
8278,12071
8167,11932
8219,11906
8213,11960
8339,11999
8302,11985
8206,12037
8277,11969
8348,12055
8147,11909
8221,12058
8326,12014
8344,12051
8192,11982
8350,12023
8170,11951
8201,11920
8183,11989
8214,12008
8216,12023
8176,11917
8207,12015
8244,11931
8225,11903
8228,12046
8203,12052
8327,11978
8274,11986
8292,11957
8342,12033
8351,11997
8298,12011
8215,12040
8217,11993
8251,11949
8285,12065
8226,11929
8214,12052
8229,11946
8204,11948
8238,11992
8253,12065
8287,11949
8194,11906
8262,11953
8299,11961
8317,11962
8172,12003
8274,12054
8252,11979
8178,11918
8153,11936
8215,11980
8196,12034
8230,11898
8248,11914
8239,12024
8211,12037
8335,11979
8300,12063
8173,11965
8275,11914
8256,12072
8325,12034
8334,12016
8299,12037
8200,12020
8234,11896
8324,12026
8209,11898
8273,12005
8212,11939
8320,11961
8301,11972
8190,11976
8270,11936
8300,12003
8296,12050
8247,11929
8249,12010
8321,12063
8191,12008
8222,11925
8224,11988
8348,12010
8311,12054
8181,11998
8177,11943
8152,11919
8214,11879
8232,12007
8250,11914
8223,12031
8225,12020
8293,12036
8321,11995
8289,12032
8304,11954
8175,11921
8150,11917
8202,11943
8285,11958
8174,11898
8260,11960
8186,11923
8199,11944
8232,12067
8322,11965
8263,11919
8256,12007
8287,12054
8305,11990
8280,12000
8184,11944
8197,11935
8286,12046
8333,12069
8261,12056
8233,11909
8357,12023
8208,11921
8332,11983
8257,11993
8306,12014
8245,11998
8281,11968
8220,11968
8185,11976
8198,12017
8179,11935
8210,11990
8278,11917
8154,11927
8314,12064
8188,11991
8234,12015
8268,11935
8283,12043
8209,12023
8307,11954
8246,11958
8282,11936
8221,11936
8255,11948
8257,12037
8161,11933
8155,11901
8189,12017
8183,11903
8235,11973
8308,12050
8265,12026
8283,12023
8203,11902
8240,11972
8258,12031
8271,11925
8342,12015
8289,11985
8264,11997
8329,12006
8236,11939
8217,11895
8195,11996
8266,12058
8284,11949
8259,11973
8253,11911
8290,12019
8308,11990
8240,12032
8313,11985
8196,11940
8230,11936
8319,11995
8174,11905
8205,11954
8294,11995
8266,11998
8263,12032
8241,11936
8325,11960
8336,12057
8314,12019
8234,12062
8231,11968
8157,11913
8206,12018
8261,11917
8267,12018
8242,11968
8276,11916
8291,11981
8335,12065
8254,11955
8198,11884
8216,12064
8303,12058
8278,12056
8219,11961
8182,11920
8213,11939
8231,12036
8277,12076
8348,12044
8246,12045
8192,12003
8279,11960
8214,11981
8216,11932
8269,11950
8340,12002
8207,11914
8244,11904
8228,12011
8203,12011
8240,11903
8327,12001
8274,12015
8271,12062
8193,11973
8351,12024
8298,12020
8316,12027
8202,12061
8217,12028
8251,11904
8214,12041
8229,11957
8356,12035
8204,11913
8331,12051
8238,11965
8253,12060
8194,11967
8336,11976
8299,11996
8252,12064
8227,12046
8215,11947
8267,12067
8248,12015
8338,12049
8239,12007
8211,12008
8245,11892
8335,12022
8173,11992
8220,11882
8275,12017
8299,12056
8169,11929
8200,11993
8324,12039
8231,11893
8249,12049
8206,11897
8224,12045
8166,11988
8273,12024
8212,11912
8320,11998
8248,12075
8301,11999
8338,11989
8190,11949
8239,12059
8306,12056
8180,11935
8300,12024
8155,11911
8247,11956
8249,11981
8191,12023
8222,11966
8224,11977
8277,11953
8311,12045
8320,12058
8217,12045
8177,11962
8350,12039
8297,11929
8201,12000
8195,11894
8250,12023
8225,12015
8259,11903
8349,12001
8321,12030
8237,11992
8295,11935
8171,11925
8202,11904
8165,11991
8186,11900
8322,11990
8263,11946
8318,12062
8256,11932
8346,12050
8343,12051
8262,11969
8200,12040
8184,11917
8197,11962
8252,11963
8286,12051
8227,11963
8333,12032
8261,12067
8233,11944
8248,11898
8301,12048
8208,11958
8332,12068
8257,12028
8272,11923
8306,11979
8245,12025
8281,12011
8220,12029
8328,12011
8179,11906
8210,12019
8352,12004
8314,12045
8188,11980
8339,12060
8283,12078
8307,11993
8212,12051
8246,11947
8282,11981
8221,11995
8255,11915
8329,12045
8270,11984
8189,12012
8328,12071
8235,11992
8269,12052
8265,11997
8283,12010
8240,11993
8258,11928
8271,11952
8289,11956
8307,12053
8264,11938
8282,12033
8329,11977
8236,11960
8297,12038
8201,11885
8195,12003
8232,11895
8229,11883
8284,11978
8223,11919
8204,11891
8259,12008
8343,12000
8290,12012
8308,12019
8265,12057
8330,12011
8304,12034
8295,12048
8196,11969
8230,11909
8319,12070
8174,12010
8205,11917
8260,11976
8291,12052
8309,11997
8266,11963
8263,12063
8241,11963
8290,12048
8160,11951
8280,11920
8151,11927
8314,11996
8231,11999
8286,11934
8157,11940
8261,11944
8187,11937
8212,11874
8267,11977
8242,11997
8291,11984
8272,12046
8315,12020
8254,11924
8185,11960
8198,11905
8303,12033
8210,11878
8278,12029
8219,11996
8182,11957
8213,11918
8268,12015
8302,12063
8209,11911
8243,11975
8277,12055
8246,12070
8316,12076
8288,11951
8279,11927
8183,12015
8216,11905
8269,11913
8340,11983
8284,12057
8207,11953
8244,11949
8259,12057
8228,12016
8203,11982
8237,11902
8327,12028
8292,12031
8271,12037
8162,11943
8193,12024
8316,11984
8217,12007
8312,12063
8229,11920
8337,11978
8204,12006
8238,11942
8253,12023
8194,11992
8336,12013
8299,12019
8317,12016
8172,11925
8218,11969
8252,12061
8227,12053
8168,11996
8215,11910
8267,12038
8248,11988
8242,12044
8239,11970
8294,11947
8211,11983
8337,12054
8275,11988
8325,11976
8210,12057
8280,12059
8169,11964
8273,11923
8212,12021
8246,11889
8248,12048
8301,12026
8320,12019
8338,12014
8190,11958
8239,12038
8276,12028
8344,12012
8180,11908
8254,12035
8235,12034
8158,11915
8352,12042
8296,11996
8167,11979
8249,11952
8191,11986
8224,11950
8277,11932
8311,12072
8181,12004
8177,11933
8192,11923
8279,12072
8297,11964
8170,11992
8201,11979
8214,11965
8250,11984
8225,11970
8247,12055
8222,12063
8237,12019
8345,12040
8193,11893
8171,11944
8202,12013
8165,11954
8196,11899
8251,12016
8226,12002
8322,12019
8229,12037
8263,11969
8204,12057
8275,12069
8256,11953
8343,12046
8287,11992
8262,11994
8252,11920
8227,11934
8333,12059
8233,11955
8301,12075
8332,12033
8272,11944
8245,12004
8281,11918
8220,11930
8328,12016
8346,12019
8179,11945
8210,11916
8188,11945
8200,11945
8197,12057
8339,12035
8166,11940
8307,12028
8246,11980
8282,12022
8221,12022
8255,11926
8329,12048
8310,11975
8270,12021
8353,12031
8189,11975
8328,12044
8235,12031
8250,12067
8225,12051
8148,11922
8308,12068
8222,11982
8258,11957
8311,11965
8271,11999
8289,11951
8193,12038
8264,11911
8282,12074
8255,12074
8326,12046
8236,11989
8297,12073
8199,12051
8201,11888
8195,11910
8232,11932
8229,11894
8322,12034
8284,12007
8223,11946
8343,11999
8290,11977
8163,11959
8355,12030
8330,12020
8304,12007
8175,12012
8295,12015
8196,12014
8230,11934
8285,11969
8319,12045
8174,11983
8226,11897
8260,11989
8294,12049
8186,12012
8199,11991
8309,12024
8164,11997
8266,11908
8241,11934
8290,12045
8305,11961
8160,11908
8280,11957
8314,11961
8184,12029
8197,11978
8286,11939
8261,11955
8187,11908
8208,11974
8291,11959
8272,12067
8315,12011
8254,12025
8185,11939
8198,11930
8303,12012
8334,12048
8278,11990
8219,12019
8182,11950
8234,11928
8268,11972
8302,12032
8209,11930
8243,12010
8316,12041
8341,12048
8159,11907
8279,12018
8315,12055
8170,11902
8235,11880
8216,11942
8269,12004
8244,11978
8228,11997
8265,11949
8203,11941
8240,11945
8330,12071
8292,11972
8271,12064
8162,11904
8193,11923
8298,11962
8316,11981
8312,12036
8309,12041
8229,12027
8337,12013
8204,11971
8238,11915
8293,12004
8253,11986
8361,12020
8194,12021
8317,12011
8172,11954
8218,12010
8168,12001
8215,11901
8267,12061
8319,11958
8211,11954
8325,11987
8145,11907
8280,12032
8169,11975
8231,11951
8206,11911
8273,11958
8212,11986
8320,12008
8190,11931
8242,11949
8276,11993
8180,11937
8300,11954
8235,12057
8158,11948
8296,12001
8167,11942
8213,12030
8249,11931
8243,11895
8224,11907
8292,12043
8345,12023
8326,11956
8288,12063
8192,11912
8279,12039
8297,11975
8170,12005
8201,11950
8183,11935
8214,11926
8176,11991
8321,11956
8222,12064
8237,11918
8274,11928
8193,11880
8171,11983
8202,12022
8165,11933
8217,11927
8251,11991
8226,11999
8260,12047
8199,11897
8322,12012
8263,11996
8275,12040
8287,12007
8262,12031
8218,11889
8252,11917
8358,12012
8178,11988
8227,12005
8333,12022
8153,11934
8187,11886
8215,12022
8323,11988
8332,12062
8239,11954
8272,11981
8245,11919
8281,11953
8173,11907
8220,11959
8328,11989
8256,12050
8179,11980
8210,11945
8188,11910
8200,11918
8324,11964
8243,12036
8166,11961
8307,12003
8246,12001
8190,12038
8347,12020
8310,12024
8270,11934
8328,12049
8235,11922
8250,12044
8148,11903
8247,11971
8283,11940
8191,11938
8222,11987
8258,11950
8311,11992
8271,12026
8181,11924
8156,11914
8329,11959
8326,12067
8236,12018
8195,11949
8232,11937
8223,11953
8225,11954
8163,11930
8330,11985
8237,12035
8218,12032
8304,12028
8175,11979
8264,12072
8295,11978
8202,11901
8233,12039
8285,12028
8260,12018
8186,11977
8199,12018
8309,12003
8241,11889
8331,12019
8280,11994
8184,12002
8197,11989
8286,11972
8227,11886
8261,11998
8187,12027
8233,11971
8208,11995
8205,12039
8257,11911
8347,12037
8291,11930
8245,12052
8315,11982
8220,12042
8254,11970
8185,11910
8198,11967
8303,11979
8278,11979
8219,12054
8234,11941
8268,11937
8209,11965
8243,11921
8255,12006
8341,12027
8288,12025
8159,11950
8279,12009
8315,12042
8189,11959
8201,12036
8269,12031
8340,12049
8207,11899
8244,12023
8213,12040
8228,11962
8265,11952
8203,11960
8240,11918
8327,11958
8330,12032
8193,11958
8226,12069
8312,12009
8229,11974
8284,11927
8204,11992
8241,12066
8259,11935
8293,11983
8253,11981
8290,11961
8194,12014
8317,11974
8218,11927
8298,12059
8168,11910
8323,12046
8230,12014
8174,11967
8205,12024
8294,12001
8362,12025
8164,11949
8211,11929
8318,12030
8241,12014
8325,12030
8305,12041
8280,12069
8200,11880
8231,11914
8206,11944
8267,11964
8190,11900
8242,11910
8276,11974
8310,12038
8335,12059
8216,12058
8158,11953
8207,12040
8167,11965
8219,11875
8182,11998
8213,11993
8249,11902
8302,12016
8339,12028
8224,11896
8277,12002
8292,12048
8273,12053
8326,11977
8177,11979
8192,11949
8297,12010
8170,11918
8201,11953
8183,11962
8214,11915
8216,11990
8176,11948
8207,11980
8244,11898
8247,12073
8317,12055
8237,11945
8274,11957
8342,12064
8298,11978
8171,12002
8202,11987
8217,11962
8251,11978
8285,12034
8226,11960
8260,12052
8263,12027
8238,12027
8262,11920
8172,11970
8252,12010
8178,11953
8227,11976
8333,11985
8153,11905
8313,12052
8215,12013
8233,11897
8323,12027
8248,11945
8205,11885
8239,11929
8272,12002
8245,11946
8173,11934
8220,11948
8275,11947
8334,11987
8200,11923
8324,11993
8268,12043
8166,11922
8273,11974
8190,12011
8347,12011
8180,11985
8300,11970
8281,12048
8235,11945
8213,11886
8247,12030
8191,11913
8222,12020
8224,12019
8311,12023
8271,12001
8181,11967
8156,11943
8255,12060
8236,12047
8195,11952
8232,11974
8250,11949
8223,11996
8225,11925
8293,12069
8237,12062
8289,12065
8304,11985
8175,11958
8264,12045
8295,11937
8285,11927
8260,11935
8186,11954
8199,11913
8232,12034
8223,12048
8331,11990
8256,11974
8305,12023
8262,12047
8280,12031
8184,11975
8197,12016
8252,11901
8286,12009
8227,11893
8261,12025
8187,11998
8233,12006
8230,12048
8357,12008
8208,12016
8242,11884
8332,12014
8276,12056
8257,11962
8185,12009
8198,11984
8303,11958
8278,11948
8188,12022
8219,12045
8234,11982
8268,11966
8209,11984
8243,11956
8258,12058
8246,11921
8221,11905
8255,11981
8270,12046
8341,12006
8288,11998
8159,11957
8192,11895
8279,11972
8189,11922
8216,11888
8269,11994
8207,11878
8244,12060
8247,11891
8228,11911
8265,11931
8283,11988
8203,11935
8240,12003
8258,11998
8289,12018
8193,11945
8264,12028
8236,11906
8251,12052
8226,12062
8149,11913
8312,11982
8241,12037
8259,11938
8293,11946
8253,11944
8194,12043
8327,12049
8218,11952
8298,12068
8313,12018
8168,11947
8196,11931
8323,12053
8230,11971
8319,12024
8174,11936
8205,11987
8294,12026
8164,11914
8211,11900
8266,12017
8318,11971
8241,11969
8238,12045
8231,12001
8209,12033
8206,11981
8267,11923
8242,12003
8276,11939
8291,12010
8335,12038
8315,11966
8185,11894
8296,11947
8167,11928
8219,11910
8213,11972
8231,12069
8339,12003
8302,11989
8206,12041
8277,11981
8348,12051
8273,12072
8147,11913
8221,12054
8255,11894
8326,12002
8344,12055
8192,11970
8350,12027
8170,11947
8201,11924
8183,11985
8214,12012
8216,12027
8176,11905
8207,12011
8225,11891
8228,12042
8203,12040
8327,11974
8274,11982
8292,11953
8342,12037
8298,11991
8215,12036
8217,11997
8251,11937
8226,11925
8204,11944
8238,11996
8287,11945
8194,11934
8262,11957
8299,11965
8317,11958
8172,11999
8274,12050
8252,11975
8178,11914
8215,11976
8196,12046
8230,11902
8248,11918
8239,11908
8211,12041
8335,11991
8300,12059
8173,11961
8275,11918
8325,12046
8359,12030
8334,12020
8200,12024
8324,12006
8209,11902
8273,11993
8212,11951
8320,11965
8301,11968
8190,11980
8310,11958
8270,11940
8192,12049
8300,11999
8296,12054
8247,11925
8249,12014
8321,12051
8191,11924
8222,11929
8224,12008
8348,12006
8311,12050
8181,11994
8236,12068
8152,11923
8214,11899
8232,12011
8250,11926
8223,12027
8225,11912
8293,12032
8321,11999
8289,12036
8304,11958
8175,11933
8264,12050
8295,11964
8150,11905
8202,11939
8285,11954
8174,11902
8260,11940
8186,11935
8199,11940
8322,11961
8263,11915
8238,11883
8256,12027
8287,12050
8305,11978
8262,12064
8280,12004
8184,11948
8197,11931
8286,12018
8333,12065
8261,12036
8233,11913
8357,12019
8208,11925
8332,11979
8276,12037
8257,11997
8306,12010
8245,11994
8281,11972
8220,11996
8185,11980
8198,12021
8210,11986
8154,11923
8314,12076
8188,11987
8219,12064
8234,12011
8268,11931
8283,12047
8209,12011
8307,11958
8246,11914
8282,11948
8221,11964
8255,11944
8257,12057
8161,11921
8192,11884
8189,11917
8183,11899
8308,12062
8247,11886
8228,11884
8265,12030
8283,11979
8203,11890
8240,12024
8258,12027
8271,11921
8342,12003
8289,11989
8264,11969
8329,12010
8236,11935
8217,11899
8251,12043
8195,11968
8266,12038
8284,11945
8223,11884
8241,12056
8259,11977
8293,11957
8253,11907
8308,11986
8240,12036
8304,12065
8313,11989
8187,12034
8168,11952
8196,11936
8230,11940
8319,11975
8174,11909
8205,11950
8294,11999
8309,11966
8164,11927
8211,11875
8266,11994
8241,11940
8336,12061
8314,12031
8234,12058
8231,12028
8157,11909
8206,12022
8261,11913
8267,12022
8242,12028
8291,12017
8254,11959
8303,12070
8278,12060
8296,11952
8219,11965
8182,11924
8213,11951
8231,12032
8339,11974
8277,12072
8348,12040
8246,12033
8192,12007
8279,11956
8170,11956
8183,11980
8214,11969
8216,12000
8269,11946
8340,12014
8207,11926
8244,11916
8228,12055
8203,12015
8240,11891
8327,11997
8274,12011
8292,11934
8271,12058
8360,12014
8193,11993
8351,12004
8298,12016
8316,12023
8202,12057
8217,11968
8251,11908
8226,11918
8214,12045
8229,11953
8204,11909
8331,12055
8238,11969
8253,12056
8287,11956
8194,11963
8336,11980
8299,11984
8215,11943
8267,12071
8248,12019
8338,12045
8239,12003
8211,12012
8245,11888
8335,12018
8173,11988
8220,11878
8275,12021
8325,12073
8299,12060
8169,11933
8200,11997
8324,12035
8231,11889
8249,12053
8206,11901
8224,12033
8166,11976
8273,12028
8212,11924
8320,11986
8338,11985
8301,11995
8190,11985
8239,12071
8306,12052
8180,11931
8300,12020
8155,11931
8254,12066
8247,11952
8249,11985
8191,12019
8222,11938
8224,11981
8277,11965
8311,12041
8181,11973
8320,12062
8217,12049
8177,11966
8350,12043
8297,11933
8201,12004
8195,11898
8232,12016
8250,12019
8225,12003
8349,12029
8321,12018
8237,11988
8295,11931
8171,11913
8202,11916
8165,11987
8285,11949
8186,11896
8322,11986
8229,12070
8263,11942
8318,12034
8256,11920
8262,11973
8200,12044
8184,11921
8197,11942
8252,11959
8286,12055
8227,11967
8233,11948
8248,11902
8301,12044
8208,11946
8332,12064
8239,11892
8257,12016
8272,11927
8306,11975
8245,11973
8281,12015
8220,12025
8328,12015
8179,11910
8210,12015
8352,12024
8314,12041
8188,11976
8234,12020
8339,12064
8283,12066
8307,11997
8212,12063
8246,11951
8282,11977
8221,11991
8255,11959
8270,11988
8189,12008
8235,11996
8269,12048
8244,12070
8265,11969
8283,12014
8240,11997
8258,11924
8271,11964
8289,11976
8307,12057
8264,11942
8282,12045
8329,11981
8236,11956
8297,12042
8195,12007
8232,11899
8284,11974
8223,11915
8204,11887
8259,12012
8253,11902
8290,12008
8308,12031
8343,12028
8163,11988
8265,12061
8240,12057
8304,12038
8354,12028
8295,12044
8196,11981
8230,11961
8319,12066
8174,12014
8205,11913
8291,12056
8309,11993
8266,11943
8263,12059
8241,11967
8290,12076
8160,11939
8280,11924
8151,11923
8314,11992
8231,11995
8157,11936
8261,11924
8187,11941
8212,11886
8267,11981
8242,11993
8291,11988
8272,12034
8254,11928
8185,11964
8198,11909
8303,12045
8278,12017
8219,11984
8182,11913
8213,11914
8231,12063
8268,12011
8302,12067
8243,11979
8277,12051
8316,12072
8288,11939
8279,11923
8189,11901
8183,12011
8216,11909
8269,11909
8340,11979
8284,12053
8207,11965
8244,11945
8259,12061
8228,12028
8203,11970
8237,11898
8327,12024
8292,12027
8271,12033
8360,12019
8162,11939
8193,12028
8298,11933
8316,12012
8217,12011
8312,12067
8229,11932
8337,11982
8204,12002
8238,11946
8253,12019
8194,11988
8336,12001
8299,12023
8172,11921
8218,11981
8252,12057
8227,12057
8168,11968
8215,11906
8248,11992
8242,12040
8239,11982
8294,11951
8211,11987
8337,12042
8275,11992
8210,12053
8280,12063
8169,11936
8324,12072
8206,11878
8273,11927
8212,12017
8246,11893
8248,12052
8301,12022
8320,12023
8338,12010
8190,11962
8221,11901
8239,12034
8276,12024
8344,12016
8180,11904
8254,12039
8235,12038
8158,11919
8352,12046
8296,11968
8167,11975
8247,11951
8249,11956
8302,11950
8321,12073
8191,11998
8224,11938
8277,11928
8311,12068
8292,12074
8181,12000
8177,11921
8192,11927
8279,12068
8297,11936
8170,11972
8201,11983
8214,11953
8250,11996
8225,11974
8247,12051
8222,12035
8237,12015
8345,12044
8171,11948
8202,12009
8165,11966
8196,11879
8251,12020
8226,12030
8322,11983
8229,12033
8263,11965
8204,12053
8275,12073
8256,11957
8343,12042
8287,11972
8262,11998
8200,12049
8252,11948
8227,11906
8333,12055
8233,11959
8301,12071
8257,12011
8272,11948
8245,12000
8281,11922
8220,11926
8254,11894
8328,12020
8346,12031
8179,11949
8210,11912
8352,11997
8188,11941
8200,11949
8197,12037
8339,12039
8307,11968
8212,12036
8246,11968
8282,12018
8221,12018
8255,11922
8329,12052
8310,11995
8270,12025
8353,12019
8189,11971
8235,12019
8225,12055
8308,12064
8258,11953
8311,11961
8271,11995
8289,11939
8181,11893
8264,11915
8329,11984
8326,12034
8236,11985
8297,12077
8199,12047
8201,11892
8195,11914
8232,11904
8229,11890
8322,12062
8284,12003
8223,11926
8259,12019
8343,11995
8290,11973
8308,12004
8163,11963
8330,12016
8304,12059
8175,12008
8295,12011
8196,12010
8230,11922
8285,11997
8319,12041
8174,11987
8226,11893
8260,11985
8294,12053
8186,12008
8199,11987
8309,11972
8164,11993
8241,11922
8290,12041
8305,11965
8160,11928
8280,11961
8151,11918
8314,11973
8286,11943
8261,11967
8187,11928
8291,11963
8272,12071
8315,12015
8254,12029
8185,11943
8198,11934
8303,12008
8210,11903
8334,12052
8278,12010
8219,12023
8182,11938
8234,11908
8268,11968
8302,12036
8209,11934
8243,12014
8316,12037
8341,12060
8288,11928
8159,11919
8279,11918
8315,12075
8235,11884
8216,11946
8269,12000
8244,11990
8259,12064
8228,11993
8203,11993
8240,11949
8330,12067
8292,11968
8271,12076
8162,11932
8193,11927
8316,11977
8312,12040
8309,12053
8229,12007
8337,12001
8204,12031
8238,11919
8293,12000
8253,12014
8361,12024
8194,12017
8317,12007
8172,11950
8218,12022
8175,11901
8168,12005
8215,11897
8267,12049
8211,11958
8325,11999
8145,11911
8305,12074
8280,12036
8154,11903
8169,11979
8231,11947
8206,11915
8273,11946
8212,11998
8246,11886
8320,12012
8190,11935
8242,11945
8276,12005
8180,11949
8300,11950
8235,12061
8158,11920
8296,12005
8167,11938
8213,12026
8249,11935
8243,11899
8224,11911
8345,12027
8320,12072
8288,12051
8192,11916
8279,12035
8297,11979
8170,12001
8201,11986
8183,11931
8214,11946
8176,11979
8247,12046
8237,11914
8274,11924
8193,11884
8171,11971
8202,12018
8165,11929
8217,11931
8251,12011
8226,11995
8260,12043
8199,11893
8322,12008
8263,11992
8275,12044
8256,11946
8287,12003
8262,12019
8218,11901
8252,11913
8178,11984
8227,12009
8333,12018
8215,12018
8323,11992
8357,12036
8208,11876
8332,12058
8239,11966
8272,11969
8306,11965
8245,11915
8281,11957
8173,11903
8220,11955
8328,11993
8256,12054
8179,11984
8210,11941
8188,11906
8200,11954
8324,11960
8268,12074
8243,12040
8166,11965
8307,12007
8246,12005
8190,12042
8221,12013
8310,12028
8270,12002
8328,12053
8235,11926
8250,12040
8225,12042
8247,11999
8283,11960
8191,11950
8222,11991
8258,11946
8311,11988
8271,11974
8307,12067
8181,11920
8264,11920
8354,12046
8156,11910
8329,11963
8326,12071
8236,12014
8353,12050
8195,11921
8232,11941
8223,11965
8225,11958
8163,11934
8330,11997
8218,12044
8304,12016
8175,11991
8351,12036
8295,11974
8202,11897
8196,12023
8233,12043
8285,12024
8319,12052
8208,12051
8226,11886
8260,12030
8186,11989
8199,12014
8309,12015
8356,12015
8241,11893
8331,12023
8280,11998
8197,11985
8184,12006
8286,11976
8261,11994
8187,12031
8233,11975
8208,11999
8205,12035
8257,11931
8347,12057
8291,11934
8245,12048
8315,11970
8220,12038
8254,11974
8185,11914
8198,11955
8303,11991
8278,11983
8219,12010
8234,11937
8268,11997
8209,11953
8243,11925
8255,12002
8341,12039
8288,12029
8159,11946
8279,12005
8315,12046
8189,11955
8201,12040
8269,12027
8340,12061
8244,12019
8213,12052
8228,11942
8265,11956
8203,11964
8240,11906
8330,12044
8193,11914
8226,12065
8312,12013
8229,11970
8284,11923
8204,11988
8241,12070
8259,11907
8293,11979
8253,11977
8290,11957
8194,12010
8317,11970
8218,11923
8298,12039
8168,11914
8230,12002
8205,12020
8294,12005
8164,11945
8211,11933
8318,12002
8241,12002
8325,12026
8305,12045
8280,12073
8151,11902
8200,11884
8184,11889
8231,11910
8206,11948
8267,11952
8242,11906
8276,11970
8310,12058
8216,12062
8158,11957
8207,12052
8167,11961
8219,11879
8182,11986
8213,12005
8249,11906
8302,12020
8224,11900
8277,12014
8292,12060
8273,12041
8326,11981
8288,12040
8177,11983
8192,11937
8350,11994
8297,12014
8170,11914
8201,11957
8183,11958
8214,11919
8216,11994
8176,11936
8207,11976
8247,12069
8317,12051
8237,11941
8274,11953
8171,12006
8202,11999
8217,11966
8251,11982
8285,12062
8226,11956
8260,12048
8263,12023
8238,12031
8262,11924
8218,11878
8252,12006
8178,11949
8227,11980
8333,11981
8153,11909
8313,12056
8215,12009
8233,11901
8323,12031
8248,11949
8208,11897
8205,11881
8239,11941
8272,12006
8245,11958
8173,11930
8220,11944
8275,11951
8256,12043
8210,11966
8334,11991
8200,11927
8324,11973
8268,12039
8166,11926
8190,12015
8347,12015
8270,11911
8180,11997
8281,12052
8235,11949
8213,11882
8247,12026
8191,11957
8222,12024
8224,12023
8311,12019
8271,12013
8181,11963
8156,11939
8255,12056
8236,12043
8195,11956
8232,11978
8250,11945
8223,11992
8225,11945
8293,12065
8237,12058
8289,12069
8304,11989
8175,11954
8295,11997
8285,11923
8260,11931
8186,11966
8199,11909
8232,12038
8356,12020
8223,12060
8331,11978
8256,11994
8305,12011
8262,12035
8280,11971
8184,11979
8197,12028
8252,11897
8286,12013
8227,11897
8261,12005
8187,11986
8233,12010
8230,12052
8208,12020
8205,12062
8332,12010
8276,12068
8257,11966
8185,12013
8198,11988
8303,11954
8334,12066
8278,11936
8188,12018
8219,12033
8182,11896
8234,11978
8268,11962
8209,11988
8243,11960
8258,12054
8246,11925
8282,11919
8221,11933
8255,11977
8270,12050
8341,12002
8288,11986
8159,11953
8161,11954
8279,11968
8189,11950
8201,12051
8198,12048
8216,11892
8269,11990
8244,12056
8228,11907
8265,11935
8222,11879
8203,11923
8240,12007
8258,11994
8289,12022
8193,11949
8264,12000
8236,11902
8251,12072
8226,12058
8149,11925
8312,11986
8259,11942
8293,11990
8253,11940
8290,11950
8194,12039
8240,12067
8327,12045
8218,11964
8298,12064
8313,12022
8168,11951
8196,11911
8323,12057
8230,11975
8319,12004
8174,11940
8205,11983
8294,12030
8164,11958
8211,11904
8266,12029
8318,11975
8241,11973
8238,12049
8200,11889
8231,11933
8209,12037
8206,11985
8267,11927
8242,11935
8276,11951
8291,12014
8335,12034
8185,11898
8216,12035
8296,11951
8167,11924
8219,11930
8182,12023
8213,11968
8231,12065
8339,12007
8302,11993
8191,11887
8206,12045
8277,11977
8273,12076
8147,11917
8221,12050
8326,12006
8344,12059
8192,11974
8350,12031
8297,12017
8170,11927
8201,11928
8183,11949
8214,12000
8216,12031
8176,11909
8207,12023
8225,11895
8317,12046
8203,12044
8327,11970
8274,11978
8292,11965
8342,12057
8298,11987
8215,12032
8217,11937
8251,11941
8226,11921
8204,11940
8238,12000
8287,11925
8194,11930
8262,11945
8299,11953
8172,11995
8274,12046
8252,11971
8178,11910
8227,11987
8313,12035
8215,11972
8196,12042
8230,11890
8248,11922
8239,11904
8272,12027
8211,12045
8335,11987
8300,12055
8173,11957
8275,11922
8256,12064
8325,12042
8359,12026
8334,12024
8169,11902
8200,12028
8324,12002
8268,12060
8209,11890
8224,12064
8273,11997
8212,11947
8301,11964
8190,12016
8270,11944
8146,11914
8300,11995
8296,12058
8247,11921
8249,12018
8321,12055
8191,11920
8222,11933
8224,12012
8348,12002
8311,12014
8181,11942
8236,12064
8152,11927
8214,11903
8232,12015
8250,11922
8223,12007
8225,11916
8349,11998
8293,12044
8321,11987
8289,12056
8175,11929
8264,12054
8295,11960
8150,11909
8202,11951
8260,11936
8186,11931
8199,11936
8322,11957
8263,11911
8238,11887
8256,12031
8287,12062
8305,11982
8262,12068
8280,12008
8184,11952
8197,11911
8286,12022
8261,12032
8187,11977
8233,11917
8357,12031
8208,11913
8332,11975
8276,12033
8257,11985
8306,12006
8245,12070
8281,11976
8220,11992
8185,11984
8198,12009
8210,11982
8154,11935
8314,12072
8188,12015
8234,11991
8268,11927
8283,12035
8209,12015
8307,11962
8246,11918
8282,11944
8221,11960
8255,11988
8257,12061
8341,11981
8161,11925
8189,11913
8183,11895
8244,12037
8308,12058
8228,11880
8265,12002
8283,11983
8191,12037
8203,11894
8240,12028
8258,12023
8271,11933
8342,12007
8289,12009
8264,11973
8329,12014
8236,11931
8217,11903
8251,12047
8312,11959
8195,11972
8266,12034
8284,11941
8223,11880
8241,12060
8259,11981
8293,11953
8253,11935
8308,11998
8330,11958
8327,12072
8304,12069
8295,12077
8313,11993
8168,11956
8196,11948
8230,11992
8319,11971
8174,11913
8205,11946
8294,11987
8309,11962
8164,11923
8211,11879
8266,11974
8241,11992
8336,12049
8314,12027
8234,12038
8231,12024
8157,11905
8209,12056
8206,12026
8267,12010
8242,12024
8276,11924
8291,12021
8254,11963
8303,12066
8278,12048
8296,11956
8219,11953
8182,12008
8213,11947
8339,11978
8302,11970
8348,12036
8246,12037
8221,12045
8326,12027
8344,12032
8192,12027
8279,11952
8170,11952
8183,11976
8214,11973
8216,12004
8269,11942
8340,12010
8176,11930
8207,11922
8244,11912
8225,11882
8228,12051
8203,12003
8240,11895
8327,11993
8274,12007
8292,11930
8193,11997
8351,12000
8298,12028
8316,12019
8202,12037
8217,11972
8251,11928
8226,11914
8214,12033
8229,11965
8356,12043
8204,11905
8331,12043
8238,11973
8253,12052
8287,11952
8163,11902
8194,11959
8299,11988
8274,12075
8215,11939
8196,12055
8248,12023
8338,12041
8239,12015
8211,12016
8245,11900
8300,12076
8335,12030
8173,11984
8275,12025
8325,12053
8299,12048
8169,11905
8200,11969
8324,12047
8231,11885
8249,12057
8224,12037
8166,11980
8273,12016
8212,11920
8320,11990
8338,11981
8301,11991
8190,11989
8239,12067
8306,12048
8180,12007
8192,12042
8300,12016
8281,12066
8155,11935
8254,12070
8167,12004
8247,11916
8249,11989
8321,12042
8191,12031
8222,11942
8224,11969
8277,11961
8311,12037
8181,11969
8320,12050
8217,12053
8177,11954
8350,12047
8201,12008
8195,11902
8232,12020
8250,12031
8225,12007
8349,12025
8293,12055
8321,12022
8237,11984
8175,11908
8171,11917
8202,11912
8165,11999
8285,11945
8186,11908
8199,11967
8229,12066
8263,11938
8318,12038
8256,11924
8346,12058
8287,12069
8184,11925
8197,11938
8252,11955
8286,12059
8227,11939
8233,11920
8301,12040
8208,11950
8332,11996
8239,11888
8257,12020
8272,11915
8306,11971
8245,11969
8281,12019
8220,12021
8346,11998
8179,11914
8210,12011
8352,12028
8314,12053
8188,11972
8234,12016
8339,12068
8283,12070
8212,12059
8246,11939
8282,11989
8221,11987
8255,11955
8270,11992
8161,11912
8189,12004
8235,11984
8269,12044
8244,12066
8308,12039
8228,11893
8265,11973
8283,12002
8240,11985
8258,11920
8271,11960
8342,11992
8289,11980
8307,12061
8264,11946
8282,12041
8329,12017
8236,11952
8297,12046
8195,12011
8232,11903
8284,11970
8223,11895
8204,11883
8259,11984
8293,11932
8253,11898
8290,12004
8308,12027
8343,12024
8265,12033
8240,12061
8354,12024
8295,12040
8196,11977
8230,11965
8205,11909
8291,12060
8266,11939
8263,12055
8241,11955
8290,12072
8160,11943
8280,11928
8314,12004
8234,12067
8231,11991
8261,11920
8187,11961
8212,11882
8267,11969
8242,11989
8291,11992
8272,12038
8254,11932
8198,11897
8303,12041
8278,12021
8219,11988
8182,11917
8213,11926
8231,12059
8268,12007
8302,12071
8243,11983
8277,12063
8316,12068
8288,11943
8279,11951
8189,11897
8183,12007
8216,11913
8340,11991
8284,12049
8207,11961
8244,11957
8259,12033
8228,12024
8203,11974
8237,11894
8327,12020
8292,12007
8271,12045
8360,12023
8193,12016
8316,12008
8217,12015
8312,12071
8229,11928
8337,11970
8204,11934
8238,11950
8253,12047
8194,11984
8336,12005
8299,12011
8172,11917
8218,11977
8252,12053
8178,11900
8227,12061
8168,11972
8215,11934
8248,11996
8338,12066
8242,12036
8239,11978
8211,11991
8335,12005
8337,12046
8173,12011
8275,11996
8210,12049
8169,11940
8324,12052
8206,11882
8273,11915
8212,12029
8320,11979
8248,12056
8301,12018
8338,12006
8190,11966
8221,11897
8239,12046
8344,12020
8180,11916
8254,12043
8352,12034
8296,11972
8167,11971
8247,11947
8249,11960
8302,11954
8191,11994
8224,11942
8277,11940
8311,12064
8181,12012
8177,11925
8279,12064
8350,12048
8170,11968
8201,12019
8214,11957
8250,11992
8176,12010
8225,11994
8349,12052
8321,12009
8222,12039
8237,12011
8345,12048
8171,11936
8202,11925
8165,11962
8226,12026
8322,11979
8229,12045
8263,11961
8204,12049
8275,12077
8256,11913
8346,12039
8343,12038
8287,11968
8262,11986
8200,12053
8252,11944
8358,12035
8227,11910
8333,12051
8233,11963
8301,12067
8257,12015
8272,11936
8306,11996
8245,12012
8281,11926
8220,11922
8254,11898
8328,12024
8346,12027
8179,11953
8210,11908
8154,11941
8188,11937
8197,12033
8339,12043
8307,11972
8212,12032
8246,11972
8282,12030
8221,11982
8255,11934
8329,12056
8310,11999
8270,12029
8353,12023
8189,11999
8235,12023
8250,12075
8283,11929
8258,11917
8311,11957
8271,11943
8289,11943
8307,12032
8264,11919
8354,12049
8329,11988
8326,12038
8236,11981
8297,12049
8199,12043
8201,11896
8195,11918
8232,11908
8229,11902
8322,12058
8284,12031
8223,11922
8259,12023
8343,11991
8290,11969
8308,12000
8355,12006
8330,12028
8304,12063
8295,12007
8196,11990
8230,11926
8285,11993
8174,11991
8226,11889
8260,11997
8294,12041
8186,12020
8199,11983
8309,11968
8266,11916
8241,11926
8290,12037
8305,11953
8160,11932
8280,11965
8151,11914
8314,11969
8286,11947
8261,11963
8187,11932
8291,11967
8272,12059
8315,12003
8254,12001
8198,11922
8185,11947
8303,12020
8210,11899
8334,12056
8278,12014
8219,11979
8182,11942
8234,11904
8268,12028
8302,12040
8209,11922
8243,12018
8316,12033
8341,12056
8288,11932
8159,11915
8216,11950
8269,11932
8284,12046
8207,11940
8244,11986
8259,12068
8228,11973
8203,11997
8240,11937
8292,11980
8271,12072
8162,11928
8193,12011
8316,11973
8312,12044
8309,12049
8229,12003
8337,12005
8204,12027
8238,11923
8293,12012
8253,12010
8361,12028
8194,11981
8336,12026
8317,12003
8172,11946
8218,12018
8175,11897
8215,11893
8267,12053
8248,11969
8319,11966
8211,11962
8337,12065
8275,11971
8325,11995
8280,12040
8169,11983
8231,11943
8206,11919
8273,11950
8212,11994
8320,12000
8190,11907
8242,11941
8276,12001
8180,11945
8235,12049
8158,11924
8296,12009
8167,11998
8249,11939
8243,11903
8224,11931
8277,11919
8345,12031
8320,12076
8288,12055
8159,11900
8177,12008
8192,11904
8279,12063
8297,11983
8201,11990
8183,11927
8214,11950
8250,11973
8176,11983
8349,12047
8247,12042
8237,11910
8274,11920
8171,11975
8202,12030
8165,11909
8217,11935
8251,12015
8226,11991
8199,11889
8322,12004
8263,11988
8275,12048
8256,11950
8287,12015
8262,12023
8218,11897
8252,11909
8178,11980
8227,12013
8333,12014
8323,11996
8357,12032
8332,12054
8239,11962
8272,11973
8306,11961
8245,11927
8281,11961
8173,11899
8220,11919
8328,11997
8346,12004
8179,11988
8210,11937
8188,11934
8200,11958
8268,12070
8243,12044
8166,11953
8307,12011
8246,12025
8221,12009
8310,12016
8270,12006
8353,12010
8328,12057
8235,11914
8250,12052
8225,12046
8148,11911
8247,11995
8283,11964
8191,11946
8222,11995
8258,11942
8311,11984
8271,11970
8289,11930
8307,12071
8181,11932
8162,11902
8264,11924
8354,12042
8156,11906
8329,11967
8326,12059
8236,12010
8195,11925
8232,11945
8176,11898
8223,11961
8163,11906
8330,11993
8218,12040
8304,12020
8175,11987
8351,12032
8295,11970
8196,12019
8233,12047
8251,11896
8285,12020
8319,12048
8208,12055
8226,11882
8260,12026
8186,11985
8199,12010
8309,12011
8356,12011
8331,12011
8280,11938
8184,12010
8197,11997
8286,11980
8261,11974
8187,12019
8233,11979
8208,11987
8257,11935
8245,12060
8315,11974
8220,12034
8254,11978
8198,11959
8185,11918
8303,11987
8278,11971
8219,12014
8234,11949
8268,11993
8209,11957
8243,11929
8255,12014
8341,12035
8288,12017
8159,11926
8279,12001
8315,12034
8201,12044
8269,12023
8340,12057
8284,12075
8244,12031
8213,12048
8228,11938
8265,11960
8203,11952
8240,11910
8330,12040
8193,11918
8312,12017
8229,11982
8337,12024
8204,11984
8259,11911
8293,12023
8253,11973
8290,11953
8194,12006
8317,11998
8218,11935
8298,12035
8168,11918
8230,12006
8205,12016
8294,11929
8211,11937
8318,12006
8241,12006
8325,12006
8305,12033
8280,12077
8169,11986
8184,11893
8231,11906
8206,11952
8212,11975
8267,11956
8242,11966
8276,11982
8310,12062
8207,12048
8167,11957
8219,11899
8182,11990
8213,12001
8249,11910
8302,12024
8224,11888
8277,12010
8292,12056
8345,12002
8273,12045
8326,11969
8288,12044
8177,11971
8192,11941
8350,11998
8297,11986
8201,11961
8183,11954
8214,11907
8216,11998
8176,11940
8207,11988
8247,12065
8237,11937
8274,11949
8171,11994
8202,11995
8215,12065
8217,11906
8251,11970
8285,12058
8226,11952
8260,12060
8263,12019
8194,11901
8262,11912
8252,12002
8358,12025
8178,11945
8227,12016
8333,11977
8153,11913
8313,12060
8215,12005
8323,12003
8248,11953
8208,11901
8205,11877
8239,11937
8272,11994
8245,11954
8173,11926
8220,11940
8275,11955
8256,12047
8210,11962
8334,11995
8200,11931
8324,11969
8268,12035
8166,11914
8347,12003
8270,11915
8180,11993
8281,12056
8235,11937
8213,11894
8247,12022
8191,11953
8222,12028
8311,11983
8271,12009
8181,11911
8255,12036
8236,12039
8177,11896
8353,12041
8195,11960
8232,11982
8250,11957
8223,11972
8225,11949
8293,12077
8237,12054
8304,11977
8175,11966
8295,11993
8233,12050
8285,12015
8260,11911
8186,11962
8199,11905
8232,12042
8356,12016
8223,12056
8331,11982
8256,11998
8305,12015
8262,12039
8280,11975
8184,11983
8197,12024
8252,11893
8286,11985
8227,11901
8261,12001
8187,11990
8233,12014
8230,12040
8208,12008
8205,12058
8332,12006
8276,12064
8257,11954
8245,12039
8185,12017
8198,11976
8303,11966
8334,12070
8278,11940
8219,12037
8182,11900
8234,11958
8268,11958
8209,11976
8243,11964
8258,12050
8221,11929
8255,12021
8270,12054
8341,12014
8288,11990
8161,11958
8279,11996
8189,11946
8201,12055
8198,12052
8216,11896
8269,11986
8340,12038
8207,11886
8244,12004
8228,11919
8265,11907
8355,12033
8222,11883
8203,11927
8240,11931
8258,11990
8330,12053
8193,11937
8264,12004
8236,11898
8251,12076
8226,12054
8149,11921
8312,11990
8309,12071
8266,12069
8259,11946
8293,11986
8253,11936
8290,11946
8194,12035
8240,12071
8327,12041
8218,11960
8298,12076
8313,12026
8168,11923
8196,11907
8323,12061
8230,12027
8319,12000
8174,11944
8205,11979
8294,12018
8164,11954
8211,11908
8266,12025
8318,11979
8241,12025
8238,12053
8200,11893
8197,11885
8231,11929
8206,11989
8267,11915
8242,11931
8276,11947
8335,12046
8315,11958
8185,11902
8216,12039
8167,11920
8219,11934
8182,11979
8213,11980
8339,12011
8302,11997
8191,11883
8206,12049
8277,11989
8273,12064
8255,11902
8326,11994
8192,11994
8350,12003
8297,12021
8170,11923
8201,11932
8183,11945
8214,12004
8216,11971
8176,11961
8207,12019
8244,11887
8317,12042
8203,12032
8237,11964
8274,11974
8292,11961
8342,12061
8298,11999
8215,12060
8217,11941
8251,11961
8226,11949
8214,12064
8204,11936
8238,12004
8194,11926
8262,11949
8299,11957
8172,11991
8274,12042
8252,11999
8178,11906
8227,11991
8313,12039
8215,11968
8230,11894
8248,11926
8239,11916
8272,12031
8211,12049
8335,11999
8300,12051
8173,11953
8275,11926
8256,12068
8359,12022
8334,12028
8200,12000
8234,11884
8324,12014
8268,12056
8209,11894
8224,12068
8273,11985
8212,11959
8320,11957
8301,11960
8190,12020
8270,11948
8146,11910
8180,11974
8300,11991
8281,12035
8296,12062
8247,12013
8249,12022
8191,11932
8222,11905
8224,12000
8258,11900
8311,12010
8348,12030
8181,11938
8236,12060
8152,11931
8214,11891
8232,11987
8250,11934
8223,12003
8225,11904
8349,11994
8293,12040
8321,11991
8289,12060
8175,11941
8264,12058
8295,11956
8202,11947
8260,11948
8186,11943
8199,11932
8263,11907
8318,12065
8238,11891
8256,12019
8287,12058
8305,11970
8262,12056
8280,12012
8184,11956
8197,11907
8286,12026
8261,12044
8187,11981
8233,12017
8357,12027
8208,11917
8332,11971
8276,12045
8257,11989
8306,12002
8245,12066
8281,11980
8220,11988
8185,11988
8198,12013
8210,11978
8278,11929
8154,11931
8188,12011
8234,11987
8268,11923
8283,12039
8209,12003
8243,11939
8258,12047
8307,11966
8246,11906
8282,11956
8221,11956
8255,11984
8257,12049
8341,11977
8288,11979
8161,11945
8189,11909
8183,11891
8244,12033
8228,11924
8265,12006
8283,11971
8191,12033
8203,11882
8240,12016
8258,12019
8271,11929
8342,12027
8289,12013
8264,11977
8236,11927
8251,12035
8312,11963
8195,11976
8266,12046
8284,11937
8241,12048
8259,11953
8293,11965
8253,11931
8308,11994
8265,12066
8327,12068
8218,11941
8295,12073
8313,11997
8168,11960
8196,11944
8323,12064
8230,11996
8319,11983
8174,11917
8205,11942
8294,11991
8164,11935
8211,11883
8266,11970
8241,11996
8336,12053
8234,12034
8231,12020
8157,11933
8209,12060
8206,12030
8267,12014
8242,12020
8276,11920
8291,12025
8254,11967
8278,12052
8296,11960
8188,11902
8219,11957
8182,12012
8213,11959
8339,11982
8302,11974
8191,11894
8348,12032
8246,12057
8221,12041
8326,12031
8344,12036
8192,12031
8170,11964
8183,11972
8214,11993
8216,12008
8269,11938
8250,11892
8340,12022
8176,11934
8207,11934
8244,11924
8225,11886
8228,12063
8203,12007
8240,11883
8327,11989
8274,12003
8193,11985
8351,12012
8298,12024
8202,12033
8217,11976
8251,11932
8226,11910
8214,12037
8229,11961
8204,11965
8331,12047
8238,11977
8253,12048
8287,11964
8194,11955
8336,11972
8299,11976
8274,12071
8178,11935
8333,11967
8215,11967
8196,12051
8248,12027
8338,12037
8242,12071
8239,12011
8211,12020
8245,11896
8300,12072
8335,12026
8173,11980
8220,11902
8275,12029
8325,12049
8334,12001
8299,12052
8169,11909
8200,11973
8324,12043
8231,11881
8249,12061
8224,12057
8166,11968
8273,12020
8212,11932
8338,11977
8301,11987
8190,11993
8306,12044
8180,12003
8192,12046
8300,12012
8281,12070
8155,11923
8254,12074
8296,12067
8167,12000
8247,11912
8249,11993
8321,12046
8191,12027
8222,11946
8224,11973
8311,12033
8181,11981
8320,12054
8217,12057
8177,11958
8152,11904
8201,12012
8232,12024
8250,12027
8225,12027
8349,12021
8293,12051
8321,11978
8237,11980
8175,11904
8171,11905
8202,11956
8165,11995
8285,11941
8186,11904
8199,11963
8263,11934
8318,12042
8331,11960
8256,12008
8287,12065
8184,11929
8197,11950
8286,12063
8227,11943
8261,12055
8233,11924
8301,12036
8208,11938
8332,11992
8239,11900
8257,11976
8272,11919
8306,12031
8245,11981
8281,12023
8220,12017
8346,11994
8179,11918
8210,12007
8352,12016
8154,11908
8314,12049
8188,11968
8234,12028
8258,12072
8246,11943
8282,11985
8221,11951
8255,11967
8270,11996
8180,11894
8161,11916
8189,12000
8235,11988
8269,12040
8308,12035
8228,11889
8265,11977
8283,12006
8240,11989
8258,12012
8342,11996
8289,11968
8264,11950
8282,12053
8329,12021
8236,11948
8217,11878
8195,12015
8284,11998
8223,11891
8204,11879
8259,11988
8293,11928
8253,11894
8290,12000
8308,11975
8343,12020
8265,12037
8240,12049
8354,12020
8295,12036
8313,11968
8196,11957
8230,11953
8319,12074
8205,11905
8294,12072
8291,12032
8266,11951
8263,12051
8241,11959
8325,11959
8290,12068
8280,11932
8314,12000
8231,11987
8206,12003
8261,11932
8187,11965
8212,11894
8267,11973
8242,11985
8291,11996
8254,11904
8198,11901
8303,12053
8278,12041
8219,11944
8182,11905
8213,11922
8231,12055
8268,12003
8302,12075
8243,11987
8277,12059
8316,12064
8288,11963
8279,11947
8189,11893
8183,12003
8216,11917
8269,11965
8340,11987
8207,11909
8244,11953
8259,12037
8228,12004
8203,12026
8237,11890
8274,12028
8292,12003
8271,12041
8327,12016
8360,12027
8193,12020
8316,12004
8217,12019
8312,12075
8229,11908
8337,11974
8204,11930
8238,11954
8253,12043
8194,11948
8336,11993
8299,12015
8172,11913
8218,11989
8252,12049
8178,11896
8227,12033
8168,11976
8215,11930
8248,12000
8338,12062
8242,12032
8239,11990
8211,11995
8335,12001
8337,12034
8173,12007
8275,12000
8210,12045
8299,12075
8169,11944
8324,12048
8249,12032
8206,11886
8273,11919
8212,12025
8320,11983
8248,12060
8301,12014
8338,12002
8190,11938
8221,11893
8239,12042
8344,12024
8180,11912
8254,12047
8352,12038
8296,11976
8247,11943
8249,11964
8302,11958
8321,12065
8191,11974
8224,11962
8277,11936
8345,11992
8181,12008
8320,12043
8177,11913
8350,12052
8170,11980
8201,12023
8250,12004
8176,12014
8225,11998
8349,12048
8321,12013
8222,12043
8237,12007
8345,12052
8171,11940
8202,11921
8165,11942
8196,11887
8226,12022
8322,11975
8229,12041
8263,11957
8204,12045
8256,11917
8346,12035
8343,12034
8287,11980
8262,11990
8200,12057
8252,11940
8286,12064
8178,12015
8227,11914
8333,12047
8233,11967
8301,12063
8257,12003
8272,11940
8306,11992
8245,12008
8281,11930
8220,12014
8254,11902
8328,12028
8179,11957
8210,11904
8154,11937
8188,11965
8197,12045
8339,12047
8307,11976
8212,12044
8246,11992
8282,12026
8221,11978
8255,11930
8329,12060
8310,11987
8270,11969
8189,11995
8235,12011
8308,12072
8283,11933
8258,11913
8271,11939
8289,11963
8307,12036
8181,11901
8193,12050
8264,11955
8329,11992
8236,11977
8297,12053
8199,12039
8201,11900
8195,12018
8232,11912
8229,11898
8322,12054
8284,12027
8223,11934
8204,11900
8259,12027
8343,11987
8290,11997
8308,12012
8163,11939
8355,12010
8330,12024
8304,12051
8295,12003
8196,11986
8230,11914
8285,11989
8174,11995
8205,11932
8260,11993
8294,12045
8186,12016
8199,11979
8309,11980
8266,11912
8241,11914
8290,12033
8305,11957
8160,11920
8151,11910
8314,11981
8286,11951
8261,11943
8187,11920
8267,11992
8257,11896
8291,11939
8272,12063
8315,12007
8254,12005
8185,11951
8198,11926
8303,12016
8210,11895
8334,12060
8278,12002
8219,11983
8182,11962
8234,11916
8268,12024
8302,12044
8209,11926
8243,12022
8277,12038
8316,12061
8315,12067
8216,11954
8269,11928
8284,12042
8207,11936
8244,11998
8259,12072
8228,11969
8203,11985
8240,11941
8292,11976
8162,11924
8193,12015
8298,11950
8316,11969
8312,12048
8309,12061
8229,12015
8337,11993
8204,12023
8238,11927
8293,12008
8253,12006
8194,11977
8336,12030
8317,12031
8172,11942
8218,12030
8252,12046
8215,11889
8267,12041
8248,11973
8319,11962
8242,12061
8294,11960
8211,11966
8275,11975
8325,11975
8305,12066
8280,12044
8169,11955
8231,11939
8206,11923
8273,11938
8212,12006
8320,12004
8248,12033
8338,12031
8190,11911
8242,11937
8276,12013
8180,11957
8254,12048
8235,12053
8158,11928
8296,12013
8167,11994
8249,11943
8224,11935
8277,11915
8320,12064
8288,12075
8177,12012
8192,11908
8279,12059
8297,11955
8170,12009
8201,11994
8183,11923
8214,11938
8250,11969
8176,11971
8349,12043
8247,12038
8237,11906
8274,11916
8171,11963
8202,12026
8165,11905
8196,11892
8251,12003
8226,11987
8199,11885
8322,12000
8229,12052
8263,11984
8275,12052
8256,11938
8287,12011
8262,12011
8252,11905
8178,11976
8227,11921
8333,12010
8187,11898
8323,11968
8332,12050
8272,11961
8306,11957
8245,11923
8281,11965
8220,11915
8328,11969
8346,12000
8179,11992
8210,11933
8334,11962
8188,11930
8200,11962
8268,12066
8243,12048
8166,11957
8307,12015
8246,12029
8282,12007
8221,12005
8310,12020
8270,12010
8353,12014
8328,12061
8235,11918
8250,12048
8225,12034
8148,11907
8247,11991
8283,11952
8222,11999
8258,11938
8271,11982
8289,11934
8307,12075
8181,11928
8264,11928
8354,12038
8156,11934
8255,12069
8326,12063
8236,12006
8195,11929
8232,11949
8176,11902
8223,11941
8163,11910
8355,12017
8330,11973
8218,12052
8304,12008
8175,11999
8351,12044
8295,12030
8196,12031
8251,11900
8285,12016
8319,12060
8208,12043
8226,11878
8260,12006
8186,11997
8199,12006
8309,12023
8266,11925
8241,11885
8331,12015
8280,11942
8314,11958
8184,12014
8197,11993
8286,11952
8261,11970
8187,12023
8233,11983
8208,11991
8257,11923
8347,12049
8146,11903
8245,12056
8315,11994
8220,12062
8254,11982
8185,11922
8198,11947
8303,11999
8334,12033
8278,11975
8219,12002
8234,11945
8268,11989
8209,11945
8243,11933
8255,12010
8341,12047
8288,12021
8159,11922
8279,12029
8315,12038
8235,11899
8269,12019
8284,12071
8244,12027
8213,12060
8228,11950
8265,11964
8203,11956
8240,11962
8292,11989
8193,11906
8316,11966
8312,12021
8195,12034
8229,11978
8337,12028
8204,11980
8259,11915
8293,12019
8253,11969
8194,12002
8317,11994
8218,11931
8298,12047
8215,11884
8205,12012
8294,11933
8211,11941
8318,12010
8325,12002
8305,12037
8169,11990
8184,11897
8231,11966
8206,11956
8212,11971
8267,11944
8242,11962
8276,11978
8310,12050
8207,12060
8296,12018
8167,11953
8219,11903
8213,12013
8249,11914
8302,12028
8224,11892
8277,12022
8292,12036
8345,12006
8273,12033
8326,11973
8288,12032
8177,11975
8192,11961
8297,11990
8201,11965
8183,11918
8214,11911
8176,11992
8207,11984
8321,11963
8317,12075
8237,11933
8274,11945
8171,11998
8202,11975
8217,11910
8251,11974
8285,12054
8226,11980
8260,12056
8263,12015
8287,12022
8194,11897
8262,11916
8218,11886
8252,12030
8358,12029
8178,11941
8227,12020
8333,11973
8153,11917
8313,12064
8168,11901
8215,12001
8323,12007
8248,11957
8208,11889
8239,11949
8272,11998
8245,11966
8281,11936
8173,11922
8220,11936
8275,11959
8256,12035
8210,11958
8334,11999
8200,11935
8324,11981
8166,11918
8347,12007
8310,12009
8270,11919
8281,12060
8235,11941
8213,11890
8247,12018
8191,11965
8222,12000
8348,11997
8311,11979
8271,12021
8181,11907
8255,12032
8236,12035
8177,11900
8353,12045
8186,12034
8195,11964
8232,11954
8250,11953
8322,12076
8223,11968
8225,11937
8293,12073
8308,11958
8237,12050
8304,11981
8175,11962
8295,11989
8233,12054
8285,12011
8260,11907
8186,11974
8199,12029
8232,12046
8356,12028
8223,12036
8331,11970
8256,11986
8305,12003
8280,11979
8184,11987
8197,12004
8252,11889
8286,11989
8261,12013
8187,12010
8233,11986
8230,12044
8208,12012
8205,12054
8332,12002
8276,12076
8257,11958
8245,12035
8254,11987
8185,12021
8198,11980
8303,11962
8278,11960
8219,12057
8234,11954
8268,11954
8209,11980
8243,11904
8282,11927
8221,11925
8255,12017
8270,12058
8341,12010
8288,12010
8279,11992
8189,11942
8201,12059
8198,12040
8216,11900
8269,11982
8340,12034
8207,11882
8244,12000
8213,12039
8228,11915
8265,11911
8355,12037
8222,11887
8203,11915
8240,11935
8258,11986
8330,12049
8193,11941
8264,12008
8236,11894
8251,12064
8226,12050
8312,11994
8309,12067
8229,11989
8266,12065
8259,11950
8293,11998
8253,11964
8290,11942
8327,12037
8218,11908
8298,12072
8313,12030
8168,11927
8196,11919
8323,12033
8230,12031
8319,12012
8174,11948
8205,11975
8294,12022
8362,12022
8211,11912
8266,12005
8318,11983
8241,12029
8238,12057
8305,12056
8200,11897
8197,11881
8231,11925
8206,11993
8267,11919
8242,11927
8276,11959
8335,12042
8216,12043
8167,11916
8219,11922
8182,11983
8213,11976
8339,12015
8302,12001
8206,12053
8224,11881
8277,11985
8273,12068
8255,11898
8326,11998
8177,11994
8192,11998
8350,12007
8297,12025
8170,11935
8201,11904
8183,11941
8214,12024
8216,11975
8176,11965
8207,12031
8317,12038
8203,12036
8237,11960
8274,11970
8342,12049
8144,11906
8298,11995
8215,12056
8217,11945
8251,11965
8226,11945
8260,12069
8238,12008
8287,11933
8194,11922
8262,11937
8172,11987
8274,12038
8252,11995
8178,11966
8227,11995
8313,12043
8215,11996
8230,11882
8248,11930
8205,11900
8239,11912
8272,12019
8211,12053
8335,11995
8300,12047
8173,11949
8275,11930
8359,12018
8179,12002
8334,11968
8200,12004
8234,11880
8324,12010
8268,12052
8209,11882
8166,12003
8273,11989
8212,11955
8301,11956
8190,12024
8270,11952
8146,11906
8180,11970
8300,11987
8281,12039
8235,11960
8296,12034
8247,12009
8249,12026
8191,11928
8222,11909
8224,12004
8258,11896
8311,12006
8348,12026
8181,11950
8236,12056
8152,11935
8214,11895
8232,11991
8250,11930
8223,12015
8225,11908
8289,12048
8175,11937
8264,12062
8295,11952
8260,11944
8186,11939
8199,11928
8232,12051
8318,12069
8223,12067
8331,11993
8238,11895
8256,12023
8287,12038
8305,11974
8262,12060
8280,12016
8184,11960
8197,11919
8286,12030
8261,12040
8187,11969
8233,12021
8208,11905
8242,11901
8332,12031
8276,12041
8257,11945
8281,11984
8220,11984
8328,11958
8185,11992
8198,12001
8210,11974
8278,11933
8188,12007
8234,11999
8268,11919
8283,12059
8209,12007
8243,11943
8258,12043
8246,11910
8282,11952
8221,11952
8255,11996
8257,12053
8341,11989
8288,11983
8161,11949
8192,11896
8189,11905
8269,12073
8244,12045
8228,11920
8265,12010
8283,11975
8191,12045
8222,11888
8203,11886
8240,12020
8258,11983
8342,12031
8289,12001
8264,11981
8236,11923
8251,12039
8226,12047
8312,11967
8195,11980
8266,12042
8284,11965
8241,12052
8259,11957
8293,11961
8253,11927
8265,12070
8330,11966
8327,12064
8218,11937
8295,12069
8313,12001
8168,11964
8196,11924
8323,12068
8230,11984
8319,11979
8174,11921
8205,11938
8294,11979
8291,12065
8164,11931
8211,11887
8266,11982
8318,11984
8241,11984
8238,12034
8336,12041
8197,11892
8234,12046
8231,12016
8157,11929
8209,12048
8206,11970
8261,11901
8267,12002
8242,12016
8276,11932
8310,12072
8291,12029
8254,11939
8303,12074
8278,12072
8296,11964
8188,11898
8219,11913
8182,12000
8213,11955
8339,11986
8302,11978
8191,11890
8246,12061
8221,12037
8326,12019
8344,12040
8192,12019
8170,11960
8183,11968
8214,11997
8216,12012
8250,11888
8340,12018
8176,11922
8207,11930
8244,11920
8228,12059
8203,12059
8240,11887
8327,11985
8274,11999
8342,12042
8193,11989
8351,12008
8298,12004
8202,12045
8217,11980
8251,11920
8285,12076
8226,11906
8214,12057
8229,11941
8204,11961
8331,12035
8238,11981
8253,12076
8287,11960
8194,11919
8262,11962
8299,11980
8172,12008
8274,12067
8178,11931
8333,11963
8215,11963
8248,12031
8338,12033
8242,12067
8239,12023
8211,12024
8335,11974
8300,12068
8173,11976
8220,11898
8325,12061
8334,12005
8299,12040
8169,11913
8200,11977
8234,11893
8324,12023
8249,12065
8224,12061
8166,11972
8273,12008
8212,11928
8338,11973
8301,11983
8190,11997
8344,11991
8306,12040
8180,12015
8192,12034
8300,12008
8281,12074
8155,11927
8296,12071
8247,11908
8249,11997
8321,12034
8191,12007
8222,11950
8224,11993
8311,12061
8181,11977
8217,12061
8177,11946
8152,11908
8214,11880
8232,12028
8250,11911
8225,12031
8349,12017
8293,12063
8321,11982
8237,11976
8289,12043
8175,11916
8171,11909
8202,11952
8285,11937
8260,11957
8186,11916
8199,11959
8263,11930
8318,12046
8331,11964
8256,12012
8287,12077
8305,11993
8184,11933
8197,11946
8286,12035
8227,11947
8261,12051
8233,11928
8301,12032
8208,11942
8332,11988
8239,11896
8257,11980
8306,12027
8245,11977
8281,12027
8220,11981
8185,11971
8198,12026
8179,11922
8210,12003
8352,12020
8154,11904
8314,12061
8188,11996
8234,12024
8209,12026
8258,12068
8246,11963
8282,11997
8221,11947
8255,11963
8257,12040
8270,12064
8161,11904
8189,12028
8235,11976
8269,12036
8308,12047
8228,11901
8265,11981
8283,12026
8240,11977
8258,12008
8342,11984
8289,11972
8264,11986
8282,12049
8329,12025
8236,11944
8217,11882
8195,11987
8232,11879
8266,12055
8284,11994
8223,11903
8259,11992
8343,12016
8290,12028
8308,11971
8265,12041
8240,12053
8354,12016
8295,12032
8313,11972
8196,11953
8230,11957
8319,11990
8205,11965
8294,12076
8291,12036
8164,12000
8266,11947
8263,12047
8318,11957
8241,11947
8325,11955
8290,12064
8314,12012
8231,11983
8206,12007
8261,11928
8187,11953
8212,11890
8267,12025
8242,11981
8291,11968
8254,11908
8198,11889
8303,12049
8278,12045
8219,11948
8182,11909
8213,11934
8231,12051
8243,11991
8277,12071
8221,12064
8288,11967
8192,12008
8279,11943
8189,11889
8216,11921
8269,11961
8340,11999
8207,11905
8244,11965
8259,12041
8228,12000
8203,12030
8237,11886
8274,12024
8292,12015
8271,12053
8327,12012
8360,12031
8162,11959
8193,11976
8351,12023
8316,12000
8202,12054
8217,12023
8229,11904
8204,11926
8238,11958
8253,12039
8194,11944
8336,11997
8299,12003
8172,11909
8218,11985
8227,12037
8153,11902
8168,11980
8215,11926
8323,11956
8248,12004
8338,12058
8239,11986
8211,11999
8245,11887
8335,12013
8337,12038
8173,12003
8275,12004
8210,12041
8169,11948
8324,12060
8249,12036
8206,11890
8166,11993
8212,11909
8320,11971
8248,12064
8301,12010
8338,11998
8190,11942
8221,11889
8239,12054
8344,12028
8180,11924
8155,11914
8296,11980
8247,11939
8249,11968
8302,11962
8321,12069
8191,11970
8222,11955
8224,11966
8277,11948
8345,11996
8320,12047
8217,12032
8177,11917
8297,11948
8170,11976
8201,12027
8250,12000
8176,12002
8225,11986
8349,12012
8321,12001
8222,12047
8237,12003
8345,12056
8171,11928
8202,11933
8165,11938
8196,11883
8226,12018
8322,11971
8263,11953
8318,12051
8204,12041
8256,11905
8346,12047
8343,12062
8287,11976
8262,11978
8184,11906
8197,11957
8252,11936
8286,12068
8178,12011
8227,11918
8333,12043
8233,11939
8248,11887
8301,12059
8208,11963
8257,12007
8272,11928
8306,11988
8245,12020
8281,11934
8220,12010
8328,12000
8179,11961
8210,12028
8352,12009
8314,12038
8188,11961
8197,12041
8339,12051
8307,11980
8212,12040
8246,11996
8282,11974
8221,11974
8255,11910
8257,12067
8310,11991
8329,12032
8270,11973
8189,11991
8235,12015
8269,12063
8225,12067
8265,11984
8283,11921
8258,11909
8271,11951
8289,11967
8307,12040
8181,11897
8264,11959
8156,11901
8329,11996
8236,11973
8297,12057
8199,12035
8195,12022
8232,11916
8229,11878
8322,12050
8284,12023
8223,11930
8204,11896
8259,12031
8343,12015
8290,11993
8308,12008
8163,11943
8355,12014
8330,12004
8304,12055
8354,12013
8295,12063
8196,11998
8230,11918
8285,11985
8174,11999
8205,11928
8260,11973
8294,12033
8186,12028
8199,11975
8309,11976
8266,11956
8263,12074
8241,11918
8290,12061
8160,11924
8151,11906
8314,11977
8286,11923
8157,11951
8261,11939
8187,11924
8267,11996
8257,11900
8291,11943
8272,12051
8315,12027
8254,12009
8185,11955
8198,11914
8303,12028
8210,11891
8278,12006
8219,11971
8182,11966
8234,11912
8268,12020
8302,12048
8209,11914
8243,12026
8277,12034
8316,12057
8341,12064
8288,11924
8315,12071
8189,11884
8216,11958
8269,11924
8284,12038
8207,11948
8244,11994
8228,11981
8203,11989
8292,12020
8162,11920
8193,12003
8298,11946
8316,11997
8312,12052
8309,12057
8229,12011
8337,11997
8204,12019
8238,11931
8253,12002
8194,11973
8336,12018
8317,12027
8172,11938
8218,12026
8252,12042
8150,11901
8168,11985
8215,11917
8267,12045
8248,11977
8242,12057
8294,11964
8211,11970
8337,12057
8275,11979
8325,11971
8305,12070
8280,12048
8188,12035
8169,11959
8206,11927
8273,11942
8212,12002
8246,11898
8248,12037
8320,12024
8338,12027
8190,11915
8221,11884
8276,12009
8344,12001
8180,11953
8155,11937
8254,12052
8235,12041
8158,11932
8296,11985
8167,11990
8249,11947
8224,11923
8277,11927
8320,12068
8177,12000
8192,11928
8279,12055
8297,11959
8170,11989
8201,11998
8214,11942
8250,11981
8176,11975
8349,12039
8247,12034
8222,12048
8237,12030
8345,12035
8193,11896
8171,11967
8202,12006
8165,11917
8196,11888
8251,12007
8226,12015
8199,11881
8322,12028
8229,12048
8263,11980
8275,12056
8256,11942
8287,11991
8262,12015
8252,11933
8178,11972
8227,11925
8333,12006
8187,11902
8323,11972
8332,12046
8272,11965
8306,11953
8245,11935
8220,11911
8328,11973
8346,12012
8179,11996
8210,11929
8334,11966
8188,11926
8200,11966
8197,12052
8243,12052
8166,11945
8307,12019
8246,12017
8282,12003
8221,12001
8310,11976
8270,12014
8353,12002
8328,12033
8235,11906
8250,12060
8225,12038
8148,11919
8247,11987
8283,11956
8222,11971
8258,11966
8271,11978
8193,12041
8264,11932
8282,12071
8156,11930
8354,12034
8255,12065
8326,12051
8236,12002
8195,11933
8232,11921
8322,12047
8284,12012
8223,11937
8163,11914
8355,12021
8330,11969
8218,12048
8304,12012
8175,11995
8351,12040
8295,12026
8202,11885
8196,12027
8251,11888
8285,11980
8319,12056
8174,11968
8208,12047
8260,12002
8294,12058
8186,11993
8199,12002
8309,12019
8266,11921
8331,12003
8160,11913
8280,11946
8184,12018
8197,11973
8286,11956
8261,11982
8187,11915
8208,11979
8257,11927
8347,12053
8272,12072
8315,11998
8220,12058
8254,12018
8198,11951
8185,11926
8303,11995
8334,12037
8278,11995
8219,12006
8234,11925
8268,11985
8209,11949
8243,12001
8341,12043
8159,11934
8279,12025
8315,12058
8235,11903
8269,12015
8340,12065
8284,12067
8244,11975
8213,12056
8228,11946
8265,11936
8203,11944
8240,11966
8292,11985
8162,11917
8193,11910
8298,11959
8316,11962
8312,12025
8309,12036
8195,12038
8229,12022
8337,12016
8204,11976
8259,11919
8293,12031
8253,11997
8194,12030
8317,11990
8172,11967
8218,12007
8298,12043
8215,11880
8205,12008
8211,11945
8318,12014
8325,12014
8169,11994
8184,11901
8231,11962
8206,11960
8273,11961
8212,11983
8267,11948
8190,11884
8242,11958
8276,11990
8310,12054
8300,11967
8158,11937
8207,12056
8296,12022
8167,11949
8219,11891
8213,12009
8249,11918
8224,11912
8277,12018
8292,12032
8345,12010
8273,12037
8326,11961
8288,12036
8192,11965
8297,11994
8201,11937
8183,11914
8214,11931
8176,11996
8207,11996
8321,11967
8317,12071
8237,11929
8274,11941
8171,11986
8202,11971
8217,11914
8251,11994
8285,12050
8226,11976
8260,12036
8263,12011
8287,12018
8194,11893
8262,11904
8218,11882
8252,12026
8358,12017
8178,11937
8227,12024
8333,11969
8153,11921
8313,12068
8215,12029
8233,11881
8323,12011
8248,11961
8208,11893
8239,11945
8272,11986
8245,11962
8281,11940
8173,11918
8220,11964
8275,11963
8256,12039
8179,11971
8210,11954
8200,11907
8324,11977
8166,11906
8246,12010
8347,12027
8310,12013
8270,11923
8235,11929
8213,11902
8247,11982
8283,11947
8191,11961
8222,12004
8348,11993
8311,11975
8271,12017
8181,11919
8255,12044
8236,12031
8353,12033
8152,11902
8195,11936
8232,11958
8250,11965
8322,12072
8223,11980
8225,11941
8308,11954
8163,11921
8237,12046
8304,11969
8175,11974
8295,11985
8202,11894
8233,12058
8285,12007
8260,11919
8186,11970
8199,12025
8356,12024
8223,12032
8331,11974
8256,11990
8305,12007
8280,11983
8197,12000
8184,11991
8286,11993
8261,12009
8187,12014
8233,11990
8230,12032
8208,12000
8205,12050
8276,12072
8257,11914
8347,12040
8245,12047
8254,11991
8185,12025
8198,11968
8303,11974
8278,11964
8219,12061
8182,11892
8234,11966
8268,11950
8209,11968
8243,11908
8282,11923
8221,11921
8255,12029
8270,12062
8341,12022
8288,12014
8159,11941
8279,11988
8189,11938
8198,12044
8269,11978
8340,12046
8207,11894
8244,12012
8213,12035
8228,11959
8265,11915
8355,12041
8203,11919
8240,11923
8327,11965
8330,12061
8193,11961
8264,12012
8236,11890
8251,12068
8312,11998
8229,11985
8284,11932
8259,11922
8293,11994
8253,11960
8290,11938
8327,12033
8218,11904
8298,12052
8168,11931
8196,11915
8323,12037
8230,12019
8319,12008
8174,11952
8205,11971
8294,12010
8164,11962
8211,11916
8266,12001
8318,12019
8241,12017
8238,12061
8305,12060
8200,11901
8231,11921
8206,11997
8267,11907
8190,11889
8242,11923
8276,11955
8310,12043
8335,12054
8216,12047
8207,12039
8296,11931
8167,11912
8219,11926
8182,11971
8213,11988
8249,11889
8302,12005
8339,12019
8206,12057
8224,11885
8277,11997
8273,12056
8326,11986
8177,11998
8192,11986
8350,12011
8297,12029
8170,11931
8201,11908
8183,11937
8214,12028
8216,11979
8176,11953
8207,12027
8244,11895
8317,12034
8237,11956
8274,11966
8292,11937
8342,12053
8298,11975
8171,12009
8215,12052
8217,11949
8251,11953
8285,12045
8226,11941
8260,12065
8331,12064
8238,12012
8287,11929
8194,11886
8262,11941
8299,11949
8172,11983
8274,12034
8252,11991
8178,11962
8227,11999
8333,11996
8313,12047
8215,11992
8230,11886
8248,11934
8205,11896
8239,11924
8272,12023
8211,12057
8245,11941
8300,12043
8173,11945
8275,11934
8359,12014
8179,12006
8334,11972
8200,12008
8324,11990
8268,12048
8209,11886
8273,11977
8212,11967
8301,11952
8190,12028
8270,11956
8306,12075
8180,11982
8300,11983
8281,12043
8235,11964
8296,12038
8247,12005
8249,12030
8191,11908
8222,11913
8224,12024
8348,12022
8311,12002
8181,11946
8156,11948
8236,12052
8149,11903
8232,11995
8250,11942
8223,12011
8225,11928
8289,12052
8175,11949
8264,12034
8295,11948
8150,11921
8260,11924
8186,11951
8199,11924
8232,12055
8318,12073
8331,11997
8238,11899
8256,11979
8287,12034
8305,12026
8262,12048
8280,12020
8184,11964
8197,11915
8286,12002
8261,12020
8187,11973
8233,12025
8208,11909
8242,11897
8332,12027
8276,12053
8257,11949
8245,12074
8281,11988
8328,11962
8185,11996
8198,12005
8210,11970
8278,11921
8188,12003
8234,11995
8268,11915
8283,12063
8209,11995
8243,11947
8258,12039
8246,11930
8282,11964
8221,11916
8255,11992
8270,12035
8341,11985
8288,11971
8161,11937
8192,11900
8189,11933
8216,11877
8269,12069
8244,12041
8247,11902
8228,11932
8265,12014
8283,11995
8191,12041
8222,11892
8240,12008
8258,11979
8342,12019
8289,12005
8264,12017
8236,11919
8251,12059
8226,12043
8149,11908
8312,11971
8284,11961
8241,12040
8259,11961
8253,11923
8290,11935
8265,12074
8330,11962
8327,12060
8218,11949
8295,12065
8313,12005
8168,11936
8196,11920
8323,12072
8230,11988
8319,12023
8174,11925
8205,11998
8294,11983
8291,12069
8164,11911
8211,11891
8266,11978
8318,11988
8241,11988
8238,12038
8336,12045
8197,11888
8234,12042
8231,12012
8157,11925
8209,12052
8206,11974
8267,12006
8242,12012
8276,11928
8291,12001
8254,11943
8278,12076
8296,11936
8188,11894
8219,11917
8182,12004
8213,11967
8339,11990
8302,11982
8191,11902
8206,12034
8348,12056
8246,12049
8221,12033
8326,12023
8344,12044
8192,12023
8170,11940
8183,11996
8214,11985
8216,12016
8250,11900
8340,12030
8176,11926
8207,12006
8244,11932
8225,11878
8228,12039
8327,11981
8274,11995
8342,12046
8298,12000
8202,12041
8217,11984
8251,11924
8285,12072
8226,11934
8214,12061
8229,11937
8204,11957
8331,12039
8238,11985
8253,12072
8287,11940
8194,11915
8262,11966
8299,11968
8172,12004
8274,12063
8252,11980
8178,11927
8227,12066
8333,11959
8215,11959
8248,11907
8239,12019
8211,12028
8335,11970
8300,12064
8173,11972
8220,11894
8325,12057
8334,12009
8299,12044
8169,11917
8200,11981
8234,11889
8324,12019
8249,12069
8224,12049
8273,12012
8212,11940
8301,11979
8190,11969
8310,11963
8344,11995
8306,12036
8180,12011
8192,12038
8300,12004
8281,12078
8296,12075
8247,11904
8249,12001
8321,12038
8191,12003
8222,11922
8224,11997
8311,12057
8181,11989
8177,11950
8152,11912
8214,11884
8195,11882
8232,12000
8250,11907
8223,12022
8225,12019
8293,12059
8321,11970
8237,11972
8289,12047
8304,11963
8175,11912
8150,11914
8202,11964
8285,11965
8260,11953
8186,11912
8199,11955
8263,11926
8256,12000
8287,12073
8305,11997
8184,11937
8197,11926
8286,12039
8227,11951
8261,12063
8233,11932
8208,11930
8332,11984
8257,11968
8272,11911
8306,12023
8245,11989
8281,12031
8220,11977
8185,11975
8198,12030
8179,11926
8210,11999
8278,11914
8154,11916
8314,12057
8188,11992
8234,12004
8209,12030
8258,12064
8246,11967
8282,11993
8221,11943
8255,11943
8257,12044
8329,12065
8270,12068
8180,11902
8161,11908
8189,12024
8235,11980
8269,12032
8308,12043
8228,11897
8265,12017
8283,12030
8203,11897
8240,11981
8258,12004
8271,11916
8342,11988
8289,11992
8264,11990
8282,12061
8329,12029
8236,11940
8217,11886
8195,11991
8232,11883
8266,12051
8284,11990
8223,11899
8259,11996
8253,11918
8290,12024
8308,11983
8265,12045
8240,12041
8313,11976
8196,11965
8230,11945
8319,11986
8205,11961
8294,12064
8291,12040
8266,11991
8263,12043
8318,11961
8241,11951
8256,11899
8325,11967
8160,11955
8336,12066
8314,12008
8234,12055
8231,11979
8157,11952
8206,12011
8261,11908
8187,11957
8212,11902
8267,12029
8242,11977
8291,11972
8254,11912
8198,11893
8303,12061
8278,12033
8219,11936
8182,11929
8213,11930
8231,12047
8243,11995
8277,12067
8246,12042
8288,11955
8192,12012
8279,11939
8183,12027
8214,11978
8216,11925
8269,11957
8340,11995
8207,11917
8244,11961
8259,12045
8228,12012
8203,12018
8240,11896
8237,11882
8274,12020
8292,12011
8271,12049
8327,12008
8162,11955
8193,11980
8351,12019
8316,12028
8202,12050
8217,12027
8251,11915
8229,11916
8356,12036
8204,11922
8331,12058
8238,11962
8253,12035
8194,11940
8336,11985
8299,12007
8172,11905
8218,11997
8252,12073
8227,12041
8215,11922
8323,11960
8267,12074
8248,12008
8338,12054
8239,11998
8211,12003
8335,12009
8173,11999
8275,12008
8325,12068
8210,12037
8299,12067
8169,11920
8200,11986
8324,12056
8231,11900
8249,12040
8206,11894
8166,11997
8212,11905
8320,11975
8248,12068
8301,12006
8338,11994
8190,11946
8239,12050
8180,11920
8155,11918
8247,11967
8249,11972
8302,11966
8191,11982
8222,11959
8224,11954
8277,11944
8320,12035
8217,12036
8177,11905
8201,12031
8195,11889
8250,12012
8176,12006
8225,11990
8349,12008
8321,12005
8237,11999
8171,11932
8202,11929
8165,11950
8186,11893
8322,11999
8263,11949
8318,12055
8204,12037
8256,11909
8346,12043
8343,12058
8262,11982
8200,12033
8184,11910
8197,11953
8252,11964
8286,12072
8178,12007
8227,11954
8333,12039
8233,11943
8248,11891
8301,12055
8208,11967
8257,12027
8272,11932
8306,11984
8245,12016
8281,12002
8220,12006
8328,12004
8179,11965
8210,12024
8352,12013
8314,12034
8188,11957
8339,12055
8283,12073
8307,11984
8212,12052
8246,11984
8282,11970
8221,11970
8255,11906
8257,12071
8329,12036
8270,11977
8161,11903
8189,11987
8328,12064
8235,12003
8269,12059
8265,11988
8283,11925
8258,11905
8271,11947
8289,11955
8307,12044
8264,11963
8282,12038
8329,11968
8236,11969
8297,12061
8195,12026
8232,11888
8284,12019
8223,11910
8204,11892
8259,12003
8343,12011
8290,11989
8308,12020
8163,11947
8265,12048
8330,12000
8304,12043
8354,12009
8295,12059
8196,11994
8230,11906
8174,12003
8205,11924
8260,11969
8294,12037
8186,12024
8199,11971
8309,11988
8266,11952
8263,12070
8241,11906
8290,12057
8160,11944
8314,11989
8286,11927
8157,11947
8261,11951
8187,11944
8267,11984
8291,11947
8272,12055
8315,12031
8254,12013
8185,11959
8198,11918
8303,12024
8210,11887
8278,12026
8219,11975
8182,11954
8213,11909
8268,12016
8302,12052
8209,11918
8243,12030
8277,12046
8316,12053
8288,11944
8279,11934
8216,11962
8269,11920
8284,12034
8207,11944
8244,11942
8259,12048
8228,11977
8203,11977
8292,12016
8162,11948
8193,12007
8316,11993
8312,12056
8229,11927
8337,11985
8204,12015
8238,11935
8253,12030
8194,11969
8336,12022
8299,12026
8317,12023
8172,11934
8218,11974
8252,12038
8313,11960
8168,11989
8215,11913
8267,12033
8248,11981
8242,12053
8239,11973
8294,11952
8211,11974
8337,12061
8275,11983
8325,11983
8210,12062
8280,12052
8169,11963
8324,12069
8206,11931
8273,11930
8212,12014
8246,11902
8248,12041
8320,12028
8338,12023
8190,11919
8221,11880
8276,12021
8344,12005
8180,11965
8155,11941
8254,12056
8235,12045
8158,11904
8296,11989
8167,11986
8249,11951
8191,11989
8224,11927
8277,11923
8292,12071
8288,12067
8177,12004
8192,11932
8279,12051
8297,11963
8170,11985
8201,11970
8214,11962
8250,11977
8225,11977
8349,12035
8247,12062
8222,12052
8237,12026
8345,12039
8193,11900
8171,11955
8202,12002
8165,11913
8196,11900
8251,12027
8226,12011
8322,12024
8229,12060
8263,11976
8275,12060
8256,11962
8287,11987
8262,12003
8252,11929
8178,11968
8227,11929
8333,12002
8187,11890
8323,11976
8332,12042
8272,11953
8245,11931
8220,11907
8328,11977
8346,12008
8179,11936
8210,11925
8188,11922
8200,11938
8197,12048
8243,12056
8166,11949
8307,12023
8246,12021
8282,12015
8221,12029
8347,11992
8310,11980
8270,12018
8353,12006
8189,11982
8328,12037
8235,11910
8250,12056
8225,12058
8148,11915
8222,11975
8258,11962
8271,11990
8289,11926
8193,12045
8264,11904
8282,12067
8156,11926
8326,12055
8236,11998
8297,12064
8199,12058
8195,11905
8232,11925
8322,12043
8284,12008
8223,11949
8290,11982
8163,11918
8355,12025
8330,11981
8218,12060
8304,12000
8175,12007
8295,12022
8202,11881
8196,12007
8251,11892
8285,11976
8319,12036
8174,11972
8208,12035
8226,11902
8260,12014
8294,12062
8186,12005
8199,11998
8309,12031
8164,11990
8266,11933
8331,12007
8160,11917
8280,11950
8314,11966
8184,12022
8197,11969
8286,11960
8261,11978
8187,11919
8230,12067
8208,11983
8332,11965
8272,12076
8315,11986
8220,12054
8254,12022
8185,11930
8198,11939
8303,12007
8334,12041
8278,11999
8219,12026
8234,11921
8268,11981
8209,11937
8243,12005
8341,12055
8159,11930
8279,12021
8315,12062
8235,11891
8269,12011
8244,11971
8228,11990
8265,11940
8203,11948
8240,11954
8292,11997
8162,11913
8193,11930
8298,11955
8316,11958
8312,12029
8309,12032
8195,12042
8229,12018
8337,12020
8204,11972
8238,11904
8293,12027
8253,11993
8361,12019
8194,12026
8317,11986
8172,11963
8218,12003
8215,11876
8205,12004
8211,11949
8325,12010
8179,11898
8169,11998
8231,11958
8206,11964
8273,11965
8212,11979
8267,11936
8190,11920
8242,11954
8276,11986
8300,11963
8235,12064
8158,11941
8296,12026
8167,11945
8219,11895
8213,12021
8249,11922
8243,11886
8224,11916
8277,12030
8292,12044
8345,12014
8326,11965
8288,12056
8192,11953
8279,12046
8297,11998
8201,11941
8183,11910
8214,11935
8176,11984
8207,11992
8321,11955
8317,12067
8237,11925
8274,11937
8171,11990
8202,11983
8165,11924
8217,11918
8251,11998
8226,11972
8260,12032
8263,12007
8275,12035
8287,12030
8194,11889
8262,11908
8218,11894
8252,12022
8358,12021
8178,11997
8227,12028
8333,12029
8153,11925
8313,12072
8215,12025
8233,11885
8323,12015
8248,11965
8208,11881
8239,11957
8272,11990
8245,11910
8281,11944
8173,11914
8220,11960
8275,11967
8256,12059
8179,11975
8210,11950
8188,11919
8200,11911
8324,11957
8166,11910
8246,12014
8347,12031
8310,12001
8270,11927
8235,11933
8250,12037
8213,11898
8247,11978
8283,11951
8191,11941
8222,12008
8311,11971
8271,12029
8181,11915
8255,12040
8326,12072
8236,12027
8353,12037
8195,11940
8232,11962
8250,11961
8322,12068
8223,11976
8225,11961
8308,11966
8163,11925
8330,11990
8237,12042
8304,11973
8175,11970
8264,12065
8351,12051
8295,11981
8202,11890
8233,12062
8285,12003
8208,12056
8260,11915
8186,11982
8199,12021
8223,12044
8241,11896
8331,12026
8280,11987
8184,11995
8197,12012
8286,11997
8227,11881
8261,11989
8187,12002
8233,11994
8230,12036
8208,12004
8205,12046
8257,11918
8347,12044
8291,11925
8245,12043
8315,11977
8254,11995
8185,12029
8198,11972
8359,12032
8303,11970
8278,11952
8219,12049
8234,11962
8268,11946
8209,11972
8243,11912
8282,11935
8255,12025
8341,12018
8288,12002
8159,11937
8279,11984
8189,11966
8201,12035
8198,12032
8269,11974
8340,12042
8207,11890
8244,12008
8213,12047
8228,11955
8265,11919
8355,12045
8203,11907
8240,11927
8327,11961
8330,12057
8193,11965
8236,11886
8312,12002
8309,12075
8195,12049
8229,11997
8266,12073
8284,11928
8259,11926
8293,11974
8253,11956
8290,11966
8317,11981
8218,11916
8298,12048
8168,11935
8323,12041
8230,12023
8174,11956
8205,12031
8260,11902
8294,12014
8164,11942
8211,11920
8266,12013
8318,12023
8241,12021
8238,12065
8325,12021
8305,12048
8160,11901
8169,12001
8231,11917
8206,11937
8267,11911
8190,11893
8242,11919
8276,11967
8310,12047
8335,12050
8216,12051
8207,12035
8296,11935
8167,11908
8219,11882
8182,11975
8213,11984
8249,11893
8302,12009
8339,12023
8206,12061
8277,11993
8273,12060
8326,11990
8177,11986
8192,11990
8350,12015
8297,12001
8170,11911
8201,11912
8183,11965
8214,12016
8216,11983
8176,11957
8207,11975
8244,11891
8228,12070
8317,12062
8237,11952
8274,11962
8292,11949
8298,11971
8165,11903
8215,12048
8217,11953
8251,11957
8285,12041
8226,11937
8331,12068
8238,12016
8194,11882
8262,11929
8172,11979
8252,11987
8178,11958
8227,11971
8333,11992
8313,12051
8215,11988
8233,11888
8323,12018
8248,11938
8205,11892
8239,11920
8272,12011
8211,12061
8245,11937
8300,12039
8173,11941
8275,11938
8359,12010
8179,12010
8334,11976
8200,12012
8324,11986
8268,12044
8243,12066
8166,11931
8273,11981
8212,11963
8301,11948
8190,12000
8270,11960
8306,12071
8180,11978
8300,11979
8281,12047
8189,12036
8235,11952
8296,12042
8213,11877
8247,12001
8191,11904
8222,11917
8224,12028
8348,12018
8311,12030
8181,11958
8156,11944
8255,12055
8236,12048
8232,11999
8250,11938
8223,11991
8225,11932
8237,12069
8218,12066
8289,12072
8304,11994
8175,11945
8264,12038
8295,11944
8150,11925
8165,12004
8233,12065
8285,11934
8260,11920
8186,11947
8199,11920
8232,12059
8318,12077
8331,11985
8238,11903
8256,11983
8287,12046
8305,12030
8262,12052
8280,12024
8197,12023
8184,11968
8286,12006
8261,12016
8187,11993
8233,12029
8230,12057
8357,12015
8208,12025
8242,11893
8332,12023
8276,12049
8257,11937
8281,11992
8328,11966
8185,12000
8198,11993
8278,11925
8188,12031
8234,11975
8268,11911
8283,12051
8209,11999
8243,11951
8258,12035
8246,11934
8282,11960
8221,11912
8255,11972
8270,12039
8341,11997
8288,11975
8161,11941
8192,11888
8279,11983
8189,11929
8216,11881
8269,12065
8244,12053
8247,11898
8228,11928
8265,11922
8283,11999
8222,11896
8203,11878
8240,12012
8258,11975
8342,12023
8289,12025
8264,12021
8236,11915
8251,12063
8226,12039
8149,11904
8312,11975
8284,11957
8241,12044
8259,11965
8293,11937
8253,11951
8290,11931
8240,12072
8327,12056
8218,11945
8313,12009
8168,11940
8196,11932
8230,11976
8319,12019
8174,11929
8205,11994
8294,11971
8291,12073
8164,11907
8211,11895
8266,12022
8318,11992
8241,11976
8238,12042
8336,12033
8197,11900
8231,12008
8157,11921
8209,12040
8206,11978
8267,11930
8242,12008
8276,11940
8310,12064
8291,12005
8315,11961
8254,11947
8278,12064
8188,11890
8219,11905
8182,12024
8213,11963
8339,11994
8302,11986
8191,11898
8206,12038
8277,11972
8348,12052
8147,11904
8246,12053
8221,12061
8326,12011
8344,12048
8192,11979
8350,12016
8170,11936
8201,11923
8183,11992
8214,11989
8216,12020
8250,11896
8340,12026
8176,11914
8207,12002
8244,11928
8225,11898
8228,12035
8203,12051
8327,11977
8274,11991
8342,12034
8298,12012
8215,12047
8217,11988
8251,11944
8285,12068
8226,11930
8214,12049
8229,11949
8204,11953
8238,11989
8253,12068
8287,11936
8194,11911
8262,11954
8299,11972
8317,11965
8172,12000
8274,12059
8252,11976
8178,11923
8215,11955
8196,12039
8248,11911
8239,12031
8211,12032
8335,11982
8300,12060
8173,11968
8220,11890
8275,11913
8325,12037
8334,12013
8299,12032
8200,12017
8234,11901
8324,12031
8249,12073
8224,12053
8273,12000
8212,11936
8301,11975
8190,11973
8310,11967
8344,11999
8306,12032
8300,12000
8247,11932
8249,12005
8321,12058
8191,12015
8222,11926
8224,11985
8348,12015
8311,12053
8181,11985
8177,11938
8152,11916
8195,11886
8232,12004
8250,11919
8223,12018
8225,12023
8293,12039
8321,11974
8237,11968
8289,12035
8304,11967
8175,11924
8150,11918
8202,11960
8165,11983
8285,11961
8260,11965
8186,11924
8199,11951
8232,12064
8322,11966
8263,11922
8256,12004
8287,12053
8305,11985
8262,12073
8184,11941
8197,11922
8286,12043
8261,12059
8233,11904
8208,11934
8332,11980
8257,11972
8306,12019
8245,11985
8281,11971
8220,11973
8185,11979
8198,12018
8179,11930
8210,11995
8278,11918
8154,11912
8314,12069
8188,11988
8234,12000
8268,11932
8209,12018
8246,11955
8282,11941
8221,11939
8255,11939
8257,12032
8329,12069
8270,12072
8180,11898
8161,11928
8189,12020
8235,11968
8308,12055
8265,12021
8283,12018
8191,12048
8203,11901
8240,11969
8258,12000
8271,11912
8342,12008
8289,11996
8264,11994
8282,12057
8329,12001
8236,11936
8217,11890
8195,11995
8232,11887
8266,12063
8284,11986
8223,11879
8259,11968
8253,11914
8290,12020
8308,11979
8240,12045
8304,12074
8313,11980
8196,11961
8230,11949
8319,11998
8174,11906
8205,11957
8294,12068
8291,12044
8309,11957
8266,11987
8263,12039
8318,11965
8241,11939
8256,11903
8325,11963
8160,11959
8314,12020
8234,12051
8231,11975
8157,11916
8206,12015
8261,11904
8212,11898
8267,12017
8242,11973
8291,11976
8335,12068
8254,11916
8198,11881
8303,12057
8278,12037
8188,11887
8219,11940
8182,11933
8213,11942
8231,12043
8243,11999
8246,12046
8288,11959
8192,12000
8279,11967
8183,12023
8214,11982
8216,11929
8269,11953
8340,12007
8207,11913
8244,11909
8228,12008
8203,12022
8240,11900
8327,12004
8274,12016
8292,11927
8271,12061
8193,11968
8351,12031
8316,12024
8217,12031
8251,11919
8214,12042
8229,11912
8356,12032
8204,11918
8331,12062
8238,11966
8253,12063
8194,11936
8336,11989
8299,11995
8218,11993
8252,12069
8227,12045
8215,11950
8323,11964
8248,12012
8338,12050
8239,11994
8211,12007
8245,11895
8335,12021
8173,11995
8220,11887
8275,12012
8325,12064
8210,12033
8299,12071
8169,11924
8200,11990
8324,12036
8231,11896
8249,12044
8206,11898
8224,12042
8166,11985
8273,12027
8212,11917
8320,11995
8248,12072
8301,12002
8338,11990
8190,11950
8239,12062
8306,12061
8180,11932
8300,12029
8155,11906
8352,12050
8247,11963
8249,11976
8191,11978
8222,11963
8224,11958
8277,11956
8320,12039
8217,12040
8177,11909
8350,12032
8201,12003
8195,11893
8250,12008
8225,12010
8259,11898
8349,12004
8321,12025
8237,11995
8171,11920
8202,11909
8165,11946
8186,11889
8322,11995
8263,11945
8318,12059
8204,12033
8256,11929
8346,12055
8343,12054
8262,11970
8200,12037
8184,11914
8197,11965
8252,11960
8286,12076
8178,12003
8227,11958
8333,12035
8261,12070
8233,11947
8248,11895
8301,12051
8208,11955
8239,11887
8257,12031
8272,11920
8306,11980
8245,12028
8281,12006
8220,12002
8328,12008
8179,11905
8210,12020
8352,12001
8314,12046
8188,11953
8339,12059
8283,12077
8307,11988
8212,12048
8246,11988
8282,11982
8221,11998
8255,11918
8329,12040
8270,11981
8189,12015
8328,12068
8235,12007
8269,12055
8265,11992
8283,12009
8258,11933
8271,11959
8289,11959
8307,12048
8264,11967
8282,12034
8329,11972
8236,11965
8297,12033
8201,11880
8195,12030
8232,11892
8229,11886
8284,11983
8223,11906
8204,11888
8259,12007
8293,11927
8343,12007
8290,11985
8308,12016
8163,11951
8265,12052
8330,12012
8304,12047
8354,12005
8295,12055
8196,11974
8230,11910
8319,12069
8174,12007
8205,11920
8260,11981
8291,12051
8309,11984
8266,11964
8263,12066
8241,11910
8290,12053
8160,11948
8280,11917
8151,11930
8314,11985
8286,11931
8157,11943
8261,11947
8187,11948
8212,11879
8267,11988
8242,11998
8291,11951
8272,12043
8315,12019
8254,11921
8185,11963
8198,11906
8303,12036
8210,11883
8278,12030
8219,11995
8182,11958
8213,11905
8268,12012
8302,12056
8209,11906
8243,11970
8277,12042
8246,12067
8316,12049
8288,11948
8279,11930
8216,11966
8269,11916
8340,11980
8284,12062
8207,11956
8244,11938
8259,12052
8228,12021
8203,11981
8292,12028
8162,11944
8193,12027
8316,11989
8217,12002
8312,12060
8229,11923
8337,11989
8204,12011
8238,11939
8253,12026
8194,11997
8336,12010
8299,12030
8317,12019
8172,11930
8218,11970
8252,12034
8227,12048
8313,11964
8168,11993
8215,11909
8267,12037
8248,11985
8242,12049
8239,11969
8294,11956
8211,11978
8337,12049
8275,11987
8325,11979
8210,12058
8280,12056
8169,11967
8324,12065
8206,11935
8273,11934
8212,12010
8246,11890
8248,12045
8301,12029
8320,12016
8338,12019
8190,11955
8221,11876
8239,12037
8276,12017
8344,12009
8180,11961
8254,12060
8235,12033
8158,11908
8296,11993
8167,11982
8249,11955
8191,11985
8224,11947
8277,11935
8292,12067
8181,12007
8288,12071
8177,11928
8192,11920
8297,11967
8170,11997
8201,11974
8214,11966
8250,11989
8225,11981
8247,12058
8222,12056
8237,12022
8345,12043
8193,11888
8171,11959
8202,12014
8165,11957
8196,11896
8251,12031
8226,12007
8322,12020
8229,12056
8263,11972
8204,12062
8275,12064
8256,11966
8343,12045
8287,11999
8262,12007
8252,11925
8227,11933
8333,12062
8187,11894
8323,11980
8332,12038
8272,11957
8245,12007
8220,11935
8328,11981
8346,12020
8179,11940
8210,11921
8188,11950
8200,11942
8243,12060
8166,11937
8307,12027
8246,11977
8282,12011
8221,12025
8255,11925
8329,12051
8310,11968
8347,11996
8270,12022
8353,12026
8189,11978
8328,12041
8235,12026
8250,12068
8225,12062
8222,11979
8258,11958
8271,11986
8289,11946
8193,12033
8264,11908
8156,11922
8255,12073
8326,12043
8236,11994
8297,12068
8199,12054
8201,11891
8195,11909
8232,11929
8322,12039
8284,12004
8223,11945
8290,11978
8163,11954
8355,12029
8330,11977
8218,12056
8304,12004
8175,12003
8295,12018
8196,12003
8230,11931
8285,11972
8319,12032
8174,11976
8208,12039
8226,11898
8260,12010
8294,12050
8186,12001
8199,11994
8309,12027
8164,11986
8266,11929
8241,11929
8290,12046
8160,11905
8280,11954
8314,11962
8184,12026
8197,11981
8286,11964
8261,11958
8187,11907
8208,11971
8332,11961
8291,11954
8272,12064
8315,11990
8220,12050
8254,12026
8185,11934
8198,11943
8303,12003
8334,12045
8278,11987
8219,12030
8182,11947
8234,11933
8268,11977
8209,11941
8243,12009
8316,12046
8341,12051
8159,11910
8279,12017
8315,12050
8235,11895
8216,11939
8269,12007
8244,11983
8213,12064
8228,11986
8265,11944
8203,11936
8240,11958
8292,11993
8271,12071
8162,11909
8193,11934
8298,11967
8312,12033
8309,12044
8195,12046
8229,12030
8337,12008
8204,11968
8238,11908
8293,12007
8253,11989
8361,12023
8194,12022
8317,12014
8172,11959
8218,12015
8267,12056
8319,11957
8205,12000
8211,11953
8335,11967
8325,11990
8179,11902
8169,11970
8231,11954
8206,11904
8273,11953
8212,11991
8267,11940
8190,11924
8242,11950
8276,11998
8180,11942
8300,11959
8235,12068
8158,11945
8296,12030
8167,11941
8213,12017
8249,11926
8243,11890
8224,11904
8277,12026
8292,12040
8345,12018
8288,12060
8192,11957
8279,12042
8297,11970
8170,12006
8201,11945
8183,11906
8214,11923
8176,11988
8321,11959
8237,11921
8274,11933
8193,11883
8171,11978
8202,11979
8165,11920
8217,11922
8251,11986
8226,11968
8260,12044
8199,11900
8263,12003
8275,12039
8287,12026
8262,12024
8218,11890
8252,12018
8358,12009
8178,11993
8227,12000
8333,12025
8153,11929
8313,12076
8187,11885
8215,12021
8323,11987
8208,11885
8239,11953
8272,11978
8245,11906
8281,11948
8173,11910
8220,11956
8328,11986
8256,12063
8179,11979
8210,11946
8188,11915
8200,11915
8243,12035
8166,11962
8246,12002
8190,12035
8347,12019
8310,12005
8270,11931
8235,11921
8250,12033
8247,11974
8283,11939
8191,11937
8222,12012
8311,11999
8271,12025
8181,11927
8156,11919
8236,12023
8195,11944
8232,11966
8322,12064
8223,11956
8225,11965
8308,11962
8163,11929
8330,11986
8237,12038
8218,12037
8304,12025
8175,11982
8264,12069
8295,11977
8202,11902
8233,12034
8285,12031
8208,12060
8260,12023
8186,11978
8199,12017
8309,12006
8223,12040
8241,11900
8331,12030
8280,11991
8197,12008
8184,11999
8286,11969
8157,11901
8227,11885
8261,11985
8187,12006
8233,11998
8208,11992
8205,12042
8257,11906
8347,12032
8291,11929
8245,12055
8315,11981
8220,12047
8254,11999
8185,11905
8198,11960
8303,11982
8278,11956
8219,12053
8234,11942
8268,11942
8209,11960
8243,11916
8282,11931
8255,12005
8341,12030
8288,12006
8159,11949
8279,12012
8315,12041
8189,11962
8201,12039
8198,12036
8269,11970
8340,12054
8207,11902
8244,12020
8213,12043
8228,11967
8265,11955
8203,11911
8240,11915
8327,11957
8330,12037
8193,11953
8236,11882
8312,12006
8195,12053
8229,11993
8284,11924
8204,11997
8259,11930
8293,11970
8253,11952
8290,11962
8194,12051
8317,11977
8218,11912
8298,12060
8168,11907
8323,12045
8230,12011
8174,11960
8205,12027
8260,11898
8294,12002
8362,12026
8164,11938
8211,11924
8266,12009
8318,12027
8241,12009
8238,12069
8325,12017
8305,12052
8280,12066
8169,12005
8231,11913
8206,11941
8267,11963
8190,11897
8242,11915
8276,11963
8310,12035
8335,12062
8216,12055
8158,11954
8207,12047
8167,11904
8219,11886
8182,11995
8213,11996
8249,11897
8302,12013
8339,12027
8224,11877
8277,12005
8292,12053
8273,12048
8326,11978
8177,11990
8192,11946
8297,12005
8170,11907
8201,11916
8183,11961
8214,12020
8216,11987
8176,11945
8207,11971
8244,11903
8228,12066
8317,12058
8237,11948
8274,11958
8292,11945
8298,11983
8171,12001
8202,11988
8217,11957
8251,11977
8285,12037
8226,11965
8260,12073
8263,12030
8238,12020
8262,11933
8172,11975
8252,12015
8178,11954
8227,11975
8333,11988
8313,12055
8215,11984
8233,11892
8230,11878
8323,12022
8248,11942
8205,11888
8239,11932
8272,12015
8245,11949
8300,12035
8173,11937
8275,11942
8179,12014
8334,11980
8200,11920
8324,11998
8268,12040
8209,11878
8243,12070
8166,11935
8273,11969
8190,12004
8270,11964
8306,12067
8180,11990
8300,11975
8281,12051
8189,12032
8235,11956
8296,12046
8247,12029
8191,11916
8222,12017
8224,12016
8311,12026
8271,12004
8181,11954
8156,11940
8255,12051
8236,12044
8232,11971
8250,11950
8223,11987
8225,11920
8237,12065
8289,12076
8304,11998
8175,11957
8264,12042
8165,12000
8233,12069
8285,11930
8260,11932
8186,11959
8199,11916
8232,12063
8223,12055
8331,11989
8256,11971
8287,12042
8305,12018
8262,12040
8280,12028
8184,11972
8197,12019
8286,12010
8227,11888
8261,12028
8187,11997
8233,12001
8230,12061
8357,12011
8208,12029
8242,11889
8332,12019
8276,12061
8257,11941
8281,11996
8185,12004
8198,11997
8303,11957
8278,11945
8188,12027
8219,12040
8234,11971
8268,11907
8283,12055
8209,11987
8243,11955
8258,12063
8246,11922
8221,11908
8255,11968
8270,12043
8341,11993
8288,11995
8161,11961
8192,11892
8279,11979
8189,11925
8198,12057
8216,11885
8269,11997
8207,11877
8244,12049
8247,11894
8228,11908
8265,11926
8283,11987
8222,11900
8203,11930
8240,12000
8258,11971
8289,12029
8264,12025
8236,11911
8251,12051
8226,12035
8149,11916
8312,11979
8284,11953
8241,12032
8259,11937
8293,11949
8253,11947
8290,11927
8194,12044
8327,12052
8218,11957
8313,12013
8168,11944
8196,11928
8323,12048
8230,11980
8319,12031
8174,11933
8205,11990
8294,11975
8164,11919
8211,11899
8266,12018
8318,11996
8241,11980
8238,12046
8336,12037
8197,11896
8231,12004
8209,12044
8206,11982
8267,11934
8242,12004
8276,11936
8310,12068
8291,12009
8335,12037
8315,11965
8254,11951
8185,11889
8278,12068
8167,11935
8219,11909
8213,11975
8339,11998
8302,11990
8206,12042
8277,11968
8348,12048
8273,12075
8147,11908
8221,12057
8326,12015
8344,12052
8192,11983
8350,12020
8170,11948
8201,11927
8183,11988
8214,12009
8216,12024
8176,11918
8207,12014
8225,11902
8228,12047
8203,12055
8327,11973
8274,11987
8292,11958
8342,12038
8351,11996
8298,12008
8215,12043
8217,11992
8251,11948
8285,12064
8226,11926
8214,12053
8229,11945
8204,11949
8238,11993
8253,12064
8287,11948
8194,11907
8262,11958
8299,11960
8317,11961
8172,11996
8274,12055
8252,11972
8178,11919
8215,11983
8196,12035
8230,11899
8248,11915
8239,12027
8211,12036
8335,11978
8300,12056
8173,11964
8275,11917
8256,12073
8325,12033
8359,12029
8334,12017
8299,12036
8200,12021
8234,11897
8324,12027
8209,11897
8273,12004
8212,11948
8320,11962
8301,11971
8190,11977
8270,11937
8300,11996
8296,12051
8247,11928
8249,12009
8321,12062
8191,12011
8222,11930
8224,11989
8348,12011
8311,12049
8181,11997
8177,11942
8152,11920
8214,11876
8232,12008
8250,11915
8223,12030
8225,11915
8293,12035
8321,11994
8289,12039
8304,11955
8175,11920
8150,11906
8202,11940
8285,11957
8174,11899
8260,11961
8186,11920
8199,11947
8232,12068
8322,11962
8263,11918
8256,12024
8287,12049
8305,11989
8280,12001
8184,11945
8197,11934
8286,12047
8333,12068
8261,12039
8233,11908
8357,12022
8208,11922
8332,11976
8257,11992
8306,12015
8245,11997
8281,11975
8220,11969
8185,11983
8198,12022
8179,11934
8210,11991
8154,11924
8314,12065
8188,11984
8234,12012
8268,11928
8283,12042
8209,12022
8307,11957
8246,11959
8282,11937
8221,11967
8255,11951
8257,12036
8270,12076
8161,11932
8192,11881
8189,12016
8183,11902
8235,11972
8308,12051
8247,11885
8265,12025
8283,12022
8203,11889
8240,11973
8258,12028
8271,11924
8342,12012
8289,11984
8264,11998
8329,12005
8236,11932
8217,11894
8195,11999
8266,12059
8284,11950
8241,12059
8259,11972
8253,11910
8290,12016
8308,11991
8240,12033
8313,11984
8187,12033
8196,11941
8230,11937
8319,11994
8174,11910
8205,11953
8294,11992
8164,11924
8266,11999
8263,12035
8241,11943
8336,12058
8314,12016
8234,12063
8231,11971
8157,11912
8206,12019
8261,11916
8267,12021
8242,11969
8276,11917
8291,11980
8335,12064
8254,11952
8198,11885
8216,12065
8303,12069
8278,12057
8219,11960
8182,11921
8213,11938
8231,12039
8339,11973
8277,12075
8348,12045
8246,12034
8192,12004
8279,11963
8183,12019
8214,11970
8216,11933
8269,11949
8340,12003
8207,11925
8244,11905
8228,12052
8203,12010
8240,11888
8327,12000
8274,12012
8271,12057
8193,11972
8351,12027
8298,12021
8316,12020
8202,12058
8217,11971
8251,11907
8214,12046
8229,11956
8204,11914
8331,12050
8238,11970
8253,12059
8194,11964
8336,11977
8299,11999
8252,12065
8215,11946
8267,12066
8248,12016
8338,12046
8239,12006
8211,12011
8245,11891
8335,12017
8173,11991
8220,11883
8275,12016
8299,12059
8169,11928
8200,11994
8324,12032
8231,11892
8249,12048
8206,11902
8224,12046
8166,11989
8273,12031
8212,11913
8320,11999
8338,11986
8301,11998
8190,11986
8239,12058
8306,12057
8180,11928
8300,12025
8155,11910
8247,11959
8249,11980
8191,12022
8222,11967
8224,11978
8277,11952
8311,12044
8181,12024
8320,12059
8217,12044
8177,11961
8350,12036
8201,12007
8195,11897
8250,12020
8225,12014
8259,11902
8349,12000
8321,12029
8237,11991
8295,11934
8171,11924
8202,11905
8165,11990
8186,11901
8322,11991
8263,11941
8318,12063
8256,11933
8346,12051
8343,12050
8262,11974
8200,12041
8184,11918
8197,11961
8252,11956
8286,12048
8227,11962
8261,12066
8233,11951
8248,11899
8301,12047
8208,11959
8332,12069
8239,11883
8257,12019
8272,11924
8306,11976
8245,12024
8281,12010
8220,12030
8328,12012
8179,11909
8210,12016
8352,12005
8314,12042
8188,11981
8339,12063
8283,12065
8307,11992
8212,12060
8246,11944
8282,11978
8221,11994
8255,11914
8329,12044
8270,11985
8189,12011
8328,12072
8235,11995
8269,12051
8265,11996
8283,12013
8240,11994
8258,11929
8271,11955
8289,11979
8307,12052
8264,11939
8282,12046
8329,11976
8236,11961
8297,12037
8201,11884
8195,12002
8232,11896
8229,11882
8284,11979
8223,11918
8204,11884
8259,12011
8343,12003
8290,12013
8308,12028
8163,11987
8265,12056
8330,12008
8304,12035
8295,12051
8196,11970
8230,11962
8319,12065
8174,12011
8205,11916
8260,11977
8291,12055
8309,11996
8266,11960
8263,12062
8241,11962
8290,12049
8160,11936
8280,11921
8151,11926
8314,11997
8231,11998
8286,11935
8157,11939
8261,11927
8187,11936
8212,11875
8267,11976
8242,11994
8291,11987
8272,12047
8315,12023
8254,11925
8185,11967
8198,11910
8303,12032
8210,11879
8278,12018
8219,11999
8182,11914
8213,11917
8268,12008
8302,12060
8209,11910
8243,11974
8277,12054
8246,12071
8316,12077
8288,11936
8279,11926
8183,12014
8216,11906
8269,11912
8340,11976
8284,12058
8207,11952
8244,11950
8259,12056
8228,12017
8203,11969
8237,11901
8327,12031
8292,12024
8271,12036
8360,12016
8162,11940
8193,12031
8298,11934
8316,11985
8217,12006
8312,12064
8229,11935
8337,11977
8204,12007
8238,11943
8253,12022
8194,11993
8336,12014
8299,12018
8172,11926
8218,11982
8252,12062
8227,12052
8168,11997
8215,11905
8248,11989
8242,12045
8239,11981
8211,11982
8337,12053
8275,11991
8210,12054
8280,12060
8169,11939
8273,11922
8212,12022
8246,11894
8248,12049
8301,12025
8320,12020
8338,12015
8190,11959
8239,12033
8276,12029
8344,12013
8180,11909
8254,12032
8235,12037
8158,11912
8352,12043
8296,11997
8167,11978
8249,11959
8191,11997
8224,11951
8277,11931
8311,12075
8181,12003
8177,11932
8192,11924
8279,12075
8170,11993
8201,11978
8214,11954
8250,11985
8225,11969
8247,12054
8222,12060
8237,12018
8345,12047
8193,11892
8171,11947
8202,12010
8165,11953
8251,12019
8226,12003
8322,12016
8229,12036
8263,11968
8204,12058
8275,12068
8256,11954
8343,12041
8287,11995
8262,11995
8252,11921
8227,11905
8333,12058
8233,11954
8301,12074
8332,12034
8272,11945
8245,12003
8281,11917
8220,11931
8328,12017
8346,12016
8179,11944
8210,11917
8188,11946
8200,11946
8197,12056
8339,12034
8166,11941
8307,12031
8246,11981
8282,12023
8221,12021
8255,11921
8329,12055
8310,11972
8270,12026
8353,12030
8189,11974
8328,12045
8235,12030
8250,12064
8225,12050
8167,11903
8308,12069
8222,11983
8258,11954
8311,11964
8271,11998
8289,11950
8193,12037
8264,11912
8282,12075
8329,11987
8326,12047
8236,11990
8297,12072
8199,12050
8201,11895
8195,11913
8232,11933
8229,11893
8322,12035
8284,12000
8223,11925
8343,11998
8290,11974
8163,11958
8330,12021
8304,12056
8175,12015
8295,12014
8196,12015
8230,11935
8285,11968
8319,12044
8174,11980
8226,11894
8260,11990
8294,12054
8186,12013
8199,11990
8309,11975
8164,11998
8266,11909
8241,11933
8290,12042
8305,11960
8160,11909
8280,11958
8151,11917
8314,11974
8184,12030
8197,11977
8286,11936
8261,11954
8187,11911
8208,11975
8291,11958
8272,12068
8315,12010
8254,12030
8185,11938
8198,11931
8303,12015
8334,12049
8278,11991
8219,12018
8182,11951
8234,11929
8268,11973
8302,12033
8209,11929
8243,12013
8316,12042
8341,12063
8159,11906
8279,11917
8315,12054
8170,11903
8235,11883
8216,11943
8269,12003
8244,11979
8228,11998
8265,11948
8203,11940
8240,11946
8330,12068
8292,11973
8271,12067
8162,11905
8193,11922
8298,11963
8316,11982
8312,12037
8309,12040
8229,12026
8337,12012
8204,12028
8238,11912
8293,12003
8253,11985
8361,12027
8194,12018
8317,12010
8172,11955
8218,12011
8168,12002
8215,11900
8267,12060
8211,11957
8325,11986
8145,11906
8280,12033
8169,11974
8231,11950
8206,11908
8273,11957
8212,11987
8320,12009
8190,11928
8242,11946
8276,11994
8180,11938
8300,11955
8235,12056
8158,11949
8296,12002
8167,11937
8213,12029
8249,11930
8243,11894
8224,11908
8345,12022
8326,11957
8288,12048
8192,11913
8279,12038
8297,11974
8170,12002
8201,11949
8183,11934
8214,11927
8176,11976
8247,12045
8222,12065
8237,11917
8274,11929
8193,11887
8171,11982
8202,12023
8165,11932
8217,11926
8251,11990
8226,11996
8260,12040
8199,11896
8322,12013
8263,11999
8275,12043
8287,12006
8262,12028
8218,11902
8252,11918
8358,12013
8178,11989
8227,12004
8333,12021
8153,11933
8215,12017
8323,11991
8332,12063
8239,11965
8272,11982
8306,11966
8245,11918
8281,11952
8173,11906
8220,11952
8328,11990
8256,12051
8179,11983
8210,11942
8188,11911
8200,11919
8324,11965
8243,12039
8166,11966
8307,12002
8246,12006
8190,12039
8347,12023
8310,12025
8270,11935
8328,12050
8235,11925
8250,12045
8247,11970
8283,11943
8191,11949
8222,11984
8258,11951
8311,11995
8271,11973
8181,11923
8156,11915
8329,11958
8326,12064
8236,12019
8195,11948
8232,11938
8223,11952
8225,11953
8163,11933
8330,11998
8237,12034
8218,12033
8304,12029
8175,11978
8264,12073
8295,11973
8202,11898
8196,12020
8233,12038
8285,12027
8208,12048
8260,12019
8186,11990
8199,12013
8309,12002
8356,12012
8241,11888
8331,12018
8280,11995
8184,12003
8197,11988
8286,11973
8261,11997
8187,12026
8233,11970
8208,11996
8205,12038
8257,11910
8347,12036
8291,11933
8245,12051
8315,11969
8220,12043
8254,11971
8185,11909
8198,11964
8303,11978
8278,11976
8219,12009
8234,11938
8268,11938
8209,11964
8243,11920
8255,12001
8341,12026
8288,12026
8159,11945
8279,12008
8315,12045
8189,11958
8201,12043
8269,12030
8340,12050
8284,12076
8207,11898
8244,12016
8213,12055
8228,11963
8265,11959
8203,11963
8240,11919
8330,12033
8193,11957
8226,12066
8312,12010
8229,11973
8284,11920
8204,11993
8241,12065
8259,11934
8293,11982
8253,11980
8290,11958
8194,12015
8317,11973
8218,11924
8298,12056
8168,11911
8230,12015
8174,11964
8205,12023
8294,12006
8164,11950
8211,11928
8318,12031
8241,12013
8325,12029
8305,12040
8280,12070
8151,11901
8200,11881
8231,11909
8206,11945
8267,11967
8190,11901
8242,11911
8276,11975
8310,12039
8335,12058
8216,12059
8207,12043
8167,11964
8182,11999
8213,11992
8249,11901
8302,12017
8339,12031
8224,11897
8277,12001
8292,12049
8273,12052
8326,11982
8177,11978
8192,11950
8297,12009
8170,11919
8201,11952
8183,11957
8214,11912
8216,11991
8176,11949
8207,11983
8244,11899
8247,12072
8317,12054
8237,11944
8274,11954
8342,12065
8298,11979
8171,12005
8202,11984
8217,11961
8251,11981
8285,12033
8226,11961
8260,12053
8263,12026
8238,12024
8262,11921
8172,11971
8252,12011
8178,11950
8227,11979
8333,11984
8153,11904
8313,12059
8215,12012
8233,11896
8323,12026
8248,11946
8205,11884
8239,11928
8272,12003
8245,11945
8173,11933
8220,11949
8275,11946
8256,12040
8334,11984
8200,11924
8324,11994
8268,12036
8166,11923
8273,11973
8190,12008
8347,12010
8180,11986
8300,11971
8281,12055
8235,11944
8213,11885
8247,12025
8191,11912
8222,12021
8224,12020
8311,12022
8271,12000
8181,11966
8156,11936
8255,12063
8236,12040
8195,11955
8232,11975
8250,11946
8223,11999
8225,11924
8293,12068
8237,12061
8289,12064
8304,11986
8175,11953
8264,12046
8295,11936
8285,11926
8260,11928
8186,11955
8199,11912
8232,12035
8223,12051
8331,11977
8256,11975
8305,12022
8262,12044
8280,11968
8184,11976
8197,12031
8252,11902
8286,12014
8227,11892
8261,12024
8187,11985
8233,12005
8230,12049
8208,12017
8242,11885
8332,12015
8276,12057
8257,11961
8220,12064
8185,12008
8198,11985
8303,11953
8278,11949
8188,12023
8219,12044
8234,11983
8268,11967
8209,11991
8243,11959
8258,12059
8246,11926
8221,11904
8255,11980
8270,12047
8341,12005
8288,11999
8159,11956
8279,11975
8189,11921
8216,11889
8269,11993
8244,12061
8247,11890
8228,11904
8265,11930
8283,11991
8203,11934
8240,12004
8258,11999
8289,12017
8193,11944
8264,12029
8236,11907
8251,12055
8226,12063
8149,11912
8312,11983
8241,12036
8259,11941
8293,11945
8253,11943
8194,12040
8240,12064
8327,12048
8218,11953
8298,12069
8313,12017
8168,11948
8196,11908
8323,12052
8230,11968
8319,12027
8174,11937
8205,11986
8294,12027
8164,11915
8211,11903
8266,12030
8318,11968
8241,11968
8238,12050
8231,12000
8209,12032
8206,11986
8267,11922
8242,12000
8276,11948
8291,12013
8335,12033
8185,11893
8216,12032
8296,11948
8167,11931
8219,11929
8182,12016
8213,11971
8231,12068
8339,12002
8302,11994
8206,12046
8277,11980
8147,11912
8221,12053
8326,12003
8344,12056
8192,11971
8350,12024
8170,11944
8201,11931
8183,11984
8214,12013
8216,12028
8176,11906
8207,12010
8225,11890
8228,12043
8203,12043
8327,11969
8274,11983
8292,11954
8342,12058
8298,11988
8215,12039
8217,11996
8251,11936
8226,11922
8204,11945
8238,11997
8287,11944
8194,11935
8262,11946
8299,11964
8317,11957
8172,11992
8274,12051
8252,11968
8178,11915
8215,11979
8196,12047
8230,11903
8248,11919
8239,11911
8272,12024
8211,12040
8335,11990
8300,12052
8173,11960
8275,11921
8325,12045
8359,12025
8334,12021
8200,12025
8324,12007
8209,11901
8273,11992
8212,11944
8320,11966
8301,11967
8190,11981
8310,11959
8270,11941
8192,12050
8300,11992
8296,12055
8247,11924
8249,12013
8321,12050
8191,11927
8222,11934
8224,12009
8348,12007
8311,12013
8181,11993
8236,12069
8152,11924
8214,11896
8232,12012
8250,11927
8223,12026
8225,11919
8293,12047
8321,11998
8289,12059
8304,11959
8175,11932
8264,12051
8295,11967
8150,11910
8202,11936
8285,11953
8174,11903
8260,11941
8186,11932
8199,11943
8322,11958
8263,11914
8238,11880
8256,12028
8287,12061
8305,11977
8262,12065
8280,12005
8184,11949
8197,11930
8286,12019
8333,12064
8261,12035
8233,11912
8357,12018
8208,11926
8332,11972
8276,12038
8257,11996
8306,12011
8245,11993
8281,11979
8220,11997
8185,11987
8198,12010
8210,11987
8154,11920
8188,12012
8234,12008
8268,11924
8283,12046
8209,12010
8307,11961
8246,11915
8282,11949
8221,11963
8255,11947
8257,12056
8161,11920
8192,11885
8189,11916
8183,11898
8308,12063
8228,11885
8265,12029
8283,11978
8203,11893
8240,12025
8258,12024
8271,11920
8342,12000
8289,11988
8264,11970
8329,12009
8236,11928
8217,11898
8251,12042
8195,11971
8266,12039
8284,11946
8223,11887
8241,12063
8259,11976
8293,11956
8253,11906
8308,11987
8240,12037
8304,12066
8313,11988
8168,11953
8196,11937
8230,11941
8319,11974
8174,11914
8205,11949
8294,11996
8309,11965
8164,11920
8266,11995
8241,11995
8256,11895
8361,12032
8336,12062
8314,12028
8234,12059
8231,12031
8157,11908
8209,12059
8206,12023
8261,11912
8267,12009
8242,12029
8276,11913
8291,12016
8254,11956
8303,12065
8278,12061
8296,11953
8219,11964
8182,11925
8213,11950
8231,12035
8339,11977
8348,12041
8246,12038
8192,12024
8279,11959
8170,11957
8183,11983
8214,11974
8216,12001
8269,11945
8340,12015
8207,11921
8244,11917
8228,12048
8203,12014
8240,11892
8327,11996
8274,12008
8292,11935
8360,12015
8193,11992
8351,12007
8298,12017
8316,12016
8202,12038
8217,11975
8251,11911
8226,11919
8214,12034
8229,11952
8356,12040
8204,11910
8331,12054
8238,11974
8253,12055
8287,11959
8163,11901
8194,11960
8336,11981
8299,11987
8274,12076
8215,11942
8196,12052
8267,12070
8248,12020
8338,12042
8239,12002
8211,12015
8245,11903
8335,12029
8173,11987
8220,11879
8275,12020
8325,12072
8299,12063
8169,11932
8200,11998
8324,12044
8231,11888
8249,12052
8224,12034
8166,11977
8273,12019
8212,11925
8320,11987
8338,11982
8301,11994
8190,11990
8239,12070
8306,12053
8180,12004
8300,12021
8155,11930
8254,12067
8247,11955
8249,11984
8191,12018
8222,11939
8224,11982
8277,11964
8311,12040
8181,11972
8320,12063
8217,12048
8177,11965
8350,12040
8297,11932
8201,12011
8195,11901
8232,12017
8250,12016
8225,12002
8349,12028
8321,12017
8237,11987
8295,11930
8171,11912
8202,11917
8165,11986
8285,11948
8186,11897
8322,11987
8229,12069
8263,11937
8318,12035
8256,11921
8200,12045
8184,11922
8197,11941
8252,11952
8286,12052
8227,11966
8233,11923
8248,11903
8301,12043
8208,11947
8332,12065
8239,11895
8257,12023
8272,11912
8306,11972
8245,11972
8281,12014
8220,12026
8179,11913
8210,12012
8352,12025
8314,12054
8188,11977
8234,12021
8339,12067
8283,12069
8307,11996
8212,12056
8246,11948
8282,11990
8221,11990
8255,11958
8270,11989
8161,11915
8189,12007
8235,11999
8269,12047
8244,12071
8308,12036
8265,11968
8283,12001
8240,11998
8258,11925
8271,11967
8289,11983
8307,12056
8264,11943
8282,12042
8329,11980
8236,11957
8297,12041
8195,12006
8232,11900
8284,11975
8223,11914
8204,11880
8259,12015
8293,11935
8253,11901
8290,12009
8308,12024
8343,12031
8265,12060
8240,12058
8304,12039
8354,12029
8295,12047
8196,11982
8230,11966
8205,11912
8291,12059
8309,11992
8266,11940
8263,12058
8241,11966
8290,12077
8160,11940
8280,11925
8151,11922
8314,11993
8234,12068
8231,11994
8261,11923
8187,11940
8212,11887
8267,11980
8242,11990
8291,11991
8272,12035
8254,11929
8198,11898
8303,12044
8210,11875
8278,12022
8219,11987
8182,11918
8213,11913
8231,12062
8268,12004
8302,12064
8243,11978
8277,12050
8316,12073
8288,11940
8279,11922
8189,11900
8183,12010
8216,11910
8340,11988
8284,12054
8207,11964
8244,11946
8259,12060
8228,12029
8203,11973
8237,11897
8327,12027
8292,12004
8271,12032
8360,12020
8162,11936
8193,12019
8298,11930
8316,12013
8217,12010
8312,12068
8229,11931
8337,11981
8204,12003
8238,11947
8253,12018
8194,11989
8336,12002
8299,12022
8172,11922
8218,11978
8252,12058
8227,12056
8168,11969
8215,11933
8248,11993
8242,12041
8239,11977
8294,11948
8211,11986
8337,12041
8275,11995
8210,12050
8169,11943
8324,12073
8206,11879
8273,11926
8212,12018
8320,11976
8248,12053
8301,12021
8338,12011
8190,11963
8221,11900
8239,12045
8276,12025
8344,12017
8180,11905
8254,12036
8158,11916
8352,12047
8296,11969
8167,11974
8247,11950
8249,11963
8302,11951
8321,12072
8191,11993
8224,11939
8277,11943
8311,12071
8292,12075
8345,11991
8181,12015
8177,11920
8279,12071
8170,11973
8201,11982
8214,11958
8250,11997
8225,11973
8247,12050
8222,12032
8237,12014
8345,12051
8171,11951
8202,11926
8165,11965
8251,12023
8226,12031
8322,11980
8229,12032
8263,11964
8204,12054
8275,12072
8256,11958
8343,12037
8287,11975
8262,11999
8200,12050
8252,11949
8227,11909
8333,12054
8233,11958
8301,12070
8257,12010
8272,11949
8245,12015
8281,11921
8220,11927
8254,11895
8328,12021
8346,12028
8179,11948
8210,11913
8352,11998
8188,11942
8200,11950
8197,12036
8339,12038
8307,11971
8212,12037
8246,11969
8282,12019
8221,12017
8255,11933
8329,12059
8310,11992
8270,12030
8353,12018
8189,11970
8235,12018
8225,12054
8308,12065
8258,11918
8311,11960
8271,11994
8289,11938
8264,11916
8329,11991
8326,12035
8236,11986
8297,12076
8199,12046
8201,11899
8195,11917
8232,11905
8229,11889
8322,12063
8284,12028
8223,11921
8259,12018
8343,11994
8290,11970
8308,12005
8163,11962
8355,12005
8330,12017
8304,12060
8175,12011
8295,12010
8196,12011
8230,11923
8285,11996
8319,12040
8174,11984
8226,11890
8260,11986
8294,12042
8186,12009
8199,11986
8309,11971
8164,11994
8266,11905
8241,11921
8290,12038
8305,11964
8160,11929
8280,11962
8151,11913
8314,11970
8286,11940
8261,11966
8187,11931
8291,11962
8272,12056
8315,12014
8254,12002
8185,11942
8198,11935
8303,12011
8210,11900
8334,12053
8278,12011
8219,12022
8182,11939
8234,11909
8268,11969
8302,12037
8209,11933
8243,12017
8316,12038
8341,12059
8288,11929
8159,11918
8315,12074
8235,11887
8216,11947
8269,11935
8244,11991
8259,12067
8228,11994
8203,11992
8240,11950
8330,12064
8292,11969
8162,11933
8193,11926
8316,11978
8312,12041
8309,12052
8229,12006
8337,12000
8204,12024
8238,11916
8293,12015
8253,12013
8361,12031
8194,11982
8317,12006
8172,11951
8218,12023
8175,11900
8168,12006
8215,11896
8267,12048
8319,11965
8211,11961
8325,11998
8145,11910
8305,12073
8280,12037
8169,11978
8231,11946
8206,11912
8273,11945
8212,11999
8246,11887
8320,12013
8190,11932
8242,11942
8276,12006
8180,11950
8300,11951
8235,12060
8158,11921
8296,12006
8167,11997
8213,12025
8249,11934
8243,11898
8224,11928
8345,12026
8363,12023
8320,12073
8288,12052
8177,12011
8192,11917
8279,12034
8297,11978
8201,11985
8183,11930
8214,11947
8250,11974
8176,11980
8247,12041
8237,11913
8274,11925
8171,11970
8202,12019
8165,11928
8217,11930
8251,12010
8226,11992
8199,11892
8322,12009
8263,11995
8275,12047
8256,11947
8287,12002
8262,12016
8218,11898
8252,11914
8178,11985
8227,12008
8333,12017
8323,11995
8357,12035
8208,11877
8332,12059
8239,11961
8272,11970
8306,11962
8245,11914
8281,11956
8173,11902
8220,11916
8328,11994
8256,12055
8179,11987
8210,11938
8188,11907
8200,11955
8324,11961
8268,12075
8243,12043
8166,11954
8307,12006
8246,12026
8190,12043
8221,12012
8310,12029
8270,12003
8328,12054
8235,11913
8250,12041
8225,12041
8148,11908
8247,11998
8283,11963
8191,11945
8222,11988
8258,11947
8311,11991
8271,11969
8307,12066
8181,11935
8264,11921
8354,12047
8156,11911
8329,11962
8326,12068
8236,12015
8353,12049
8195,11920
8232,11942
8223,11964
8225,11957
8163,11905
8330,11994
8218,12045
8304,12017
8175,11990
8351,12039
8295,11969
8202,11878
8196,12016
8233,12042
8285,12023
8319,12055
8208,12052
8226,11887
8260,12031
8186,11986
8199,12009
8309,12014
8356,12008
8241,11892
8331,12022
8280,11999
8184,12007
8197,11984
8286,11977
8261,11993
8187,12030
8233,11974
8208,11984
8205,12034
8257,11930
8347,12056
8245,12063
8315,11973
8220,12039
8254,11975
8185,11913
8198,11952
8303,11990
8278,11980
8219,12013
8234,11950
8268,11998
8209,11952
8243,11924
8255,12013
8341,12038
8288,12030
8159,11925
8279,12004
8315,12033
8189,11954
8201,12047
8269,12026
8340,12062
8284,12072
8244,12028
8213,12051
8228,11943
8265,11963
8203,11967
8240,11907
8330,12045
8193,11913
8312,12014
8229,11969
8337,12027
8204,11989
8241,12069
8259,11906
8293,11978
8253,11976
8290,11954
8194,12011
8317,11969
8218,11920
8298,12036
8168,11915
8230,12003
8205,12019
8294,11930
8164,11946
8211,11932
8318,12003
8241,12001
8325,12025
8305,12044
8280,12074
8200,11885
8184,11890
8231,11905
8206,11949
8212,11972
8267,11955
8242,11907
8276,11971
8310,12059
8216,12063
8207,12055
8167,11960
8219,11878
8182,11987
8213,12004
8249,11905
8302,12021
8224,11901
8277,12013
8292,12061
8273,12040
8326,11970
8288,12041
8177,11982
8192,11938
8350,11995
8297,12013
8170,11915
8201,11956
8183,11953
8214,11916
8216,11995
8176,11937
8207,11979
8247,12068
8317,12050
8237,11940
8274,11950
8171,11993
8202,11996
8217,11965
8251,11969
8285,12061
8226,11957
8260,12049
8263,12022
8238,12028
8194,11902
8262,11925
8299,11933
8218,11879
8252,12007
8358,12026
8178,11946
8227,11983
8333,11980
8153,11908
8313,12063
8215,12008
8233,11900
8323,12030
8248,11950
8208,11898
8205,11880
8239,11940
8272,12007
8245,11957
8173,11929
8220,11945
8275,11950
8256,12044
8210,11967
8334,11988
8200,11928
8324,11974
8268,12032
8166,11927
8190,12012
8347,12014
8180,11998
8281,12059
8235,11948
8213,11881
8247,12021
8191,11956
8222,12025
8311,12018
8271,12012
8181,11962
8255,12059
8236,12036
8177,11899
8195,11959
8232,11979
8250,11958
8223,11995
8225,11944
8293,12064
8237,12057
8289,12068
8304,11990
8175,11965
8295,11996
8285,11922
8260,11908
8186,11967
8199,11908
8232,12039
8356,12021
8223,12063
8331,11981
8256,11995
8305,12010
8262,12032
8280,11972
8184,11980
8197,12027
8252,11898
8286,11986
8227,11896
8261,12004
8187,11989
8233,12009
8230,12053
8208,12021
8205,12061
8332,12011
8276,12069
8257,11965
8185,12012
8198,11989
8303,11965
8334,12067
8278,11937
8188,12019
8219,12032
8182,11897
8234,11979
8268,11963
8209,11979
8243,11963
8258,12055
8221,11932
8255,11976
8270,12051
8341,12001
8288,11987
8159,11952
8161,11953
8279,11971
8189,11949
8201,12050
8198,12049
8216,11893
8269,11989
8207,11885
8244,12057
8228,11916
8265,11934
8222,11876
8203,11922
8240,11928
8258,11995
8330,12054
8289,12021
8193,11948
8264,12001
8236,11903
8251,12075
8226,12059
8149,11924
8312,11987
8266,12070
8259,11945
8293,11989
8253,11939
8290,11951
8194,12036
8240,12068
8327,12044
8218,11965
8298,12065
8313,12021
8168,11920
8196,11904
8323,12056
8230,11972
8319,12007
8174,11941
8205,11982
8294,12031
8164,11959
8211,11907
8266,12026
8318,11972
8241,11972
8238,12054
8200,11890
8231,11932
8209,12036
8206,11990
8166,11901
8267,11926
8242,11932
8276,11944
8335,12045
8315,11957
8185,11897
8216,12036
8167,11927
8219,11933
8182,12020
8213,11983
8231,12064
8339,12006
8302,11998
8191,11886
8206,12050
8277,11976
8273,12067
8147,11916
8221,12049
8255,11901
8326,12007
8344,12060
8192,11975
8350,12028
8297,12016
8170,11924
8201,11935
8183,11948
8214,12001
8216,11968
8176,11910
8207,12022
8244,11884
8225,11894
8317,12045
8203,12047
8237,11967
8274,11979
8292,11966
8342,12062
8298,11984
8215,12035
8217,11936
8251,11940
8226,11950
8204,11941
8238,12001
8287,11924
8194,11931
8262,11950
8299,11952
8172,11988
8274,12047
8252,11996
8178,11911
8227,11986
8313,12034
8215,11975
8196,12043
8230,11891
8248,11923
8239,11907
8272,12028
8211,12044
8335,11986
8300,12048
8173,11956
8275,11925
8256,12065
8325,12041
8359,12021
8334,12025
8169,11901
8200,12029
8324,12003
8268,12061
8209,11889
8224,12065
8273,11996
8212,11956
8301,11963
8190,12017
8270,11945
8300,11988
8296,12059
8247,11920
8249,12017
8321,12054
8191,11923
8222,11906
8224,12013
8348,12003
8311,12009
8181,11941
8236,12065
8152,11928
8214,11900
8232,11984
8250,11923
8223,12006
8225,11907
8349,11997
8293,12043
8321,11986
8289,12063
8175,11928
8264,12055
8295,11963
8202,11948
8260,11937
8186,11928
8199,11939
8322,11954
8263,11910
8318,12066
8238,11884
8256,12016
8287,12057
8305,11981
8262,12069
8280,12009
8184,11953
8197,11910
8286,12023
8261,12047
8187,11976
8233,11916
8357,12030
8208,11914
8332,11968
8276,12034
8257,11984
8306,12007
8245,12069
8281,11983
8220,11993
8185,11991
8198,12014
8210,11983
8278,11930
8154,11932
8314,12073
8188,12008
8234,11988
8268,11920
8283,12034
8209,12014
8307,11965
8246,11919
8282,11945
8221,11959
8255,11991
8257,12060
8341,11980
8288,11976
8161,11924
8189,11912
8183,11894
8244,12038
8308,12059
8228,11881
8265,12001
8283,11982
8191,12036
8203,11881
8240,12029
8258,12020
8271,11932
8342,12004
8289,12008
8264,11974
8329,12013
8236,11924
8217,11902
8251,12046
8312,11960
8195,11975
8266,12035
8284,11942
8223,11883
8241,12051
8259,11980
8293,11952
8253,11934
8308,11999
8330,11959
8218,11942
8304,12070
8295,12076
8313,11992
8168,11957
8196,11949
8230,11993
8319,11970
8174,11918
8205,11945
8294,11984
8309,11961
8164,11932
8211,11878
8266,11975
8241,11999
8336,12050
8314,12024
8234,12039
8231,12027
8157,11904
8206,12027
8267,12013
8242,12025
8276,11925
8291,12020
8254,11960
8278,12049
8296,11957
8219,11952
8182,12009
8213,11946
8339,11981
8302,11971
8191,11893
8348,12037
8246,12058
8221,12044
8326,12024
8344,12033
8192,12028
8279,11955
8170,11953
8183,11979
8214,11994
8216,12005
8269,11941
8340,12011
8176,11931
8207,11933
8244,11913
8225,11881
8228,12060
8203,12002
8327,11992
8274,12004
8292,11931
8193,11996
8351,12003
8298,12029
8202,12034
8217,11979
8251,11931
8226,11915
8214,12038
8229,11964
8204,11906
8331,12042
8238,11978
8253,12051
8287,11955
8194,11956
8336,11969
8299,11991
8274,12072
8215,11938
8196,12048
8248,12024
8338,12038
8242,12072
8239,12014
8211,12019
8245,11899
8335,12025
8173,11983
8275,12024
8325,12052
8334,12002
8299,12051
8169,11904
8200,11970
8324,12040
8231,11884
8249,12056
8224,12038
8166,11981
8273,12023
8212,11921
8320,11991
8338,11978
8301,11990
8190,11994
8239,12066
8306,12049
8180,12000
8192,12043
8300,12017
8281,12065
8155,11934
8254,12071
8296,12064
8167,12007
8247,11919
8249,11988
8321,12041
8191,12030
8222,11943
8224,11970
8277,11960
8311,12036
8181,11968
8320,12051
8217,12052
8177,11953
8350,12044
8201,12015
8232,12021
8250,12028
8225,12006
8349,12024
8293,12054
8321,12021
8237,11983
8175,11911
8171,11916
8202,11913
8165,11998
8285,11944
8186,11909
8199,11966
8229,12065
8263,11933
8318,12039
8256,11925
8287,12068
8184,11926
8197,11937
8286,12056
8227,11938
8233,11927
8301,12039
8208,11951
8332,11997
8239,11891
8257,11979
8272,11916
8306,11968
8245,11968
8281,12018
8220,12022
8346,11999
8179,11917
8210,12008
8352,12029
8314,12050
8188,11973
8234,12017
8246,11936
8282,11986
8221,11986
8255,11954
8270,11993
8161,11919
8189,12003
8235,11987
8269,12043
8244,12067
8308,12032
8228,11894
8265,11972
8283,12005
8240,11986
8258,11921
8271,11963
8342,11993
8289,11971
8307,12060
8264,11947
8282,12054
8329,12016
8236,11953
8297,12045
8195,12010
8284,11971
8223,11894
8259,11987
8293,11931
8253,11897
8290,12005
8308,11972
8343,12027
8265,12032
8240,12062
8354,12025
8295,12043
8313,11971
8196,11978
8230,11954
8319,12073
8205,11908
8291,12063
8266,11936
8263,12054
8241,11954
8290,12073
8160,11960
8280,11929
8314,12005
8234,12064
8231,11990
8261,11935
8187,11960
8212,11883
8267,11968
8242,11986
8291,11995
8272,12039
8254,11933
8198,11902
8303,12040
8278,12042
8219,11991
8182,11906
8213,11925
8231,12058
8268,12000
8302,12068
8243,11982
8277,12062
8316,12069
8288,11960
8279,11950
8189,11896
8183,12006
8216,11914
8340,11984
8284,12050
8207,11960
8244,11958
8259,12032
8228,12025
8203,12025
8237,11893
8327,12023
8292,12000
8271,12044
8360,12024
8193,12023
8316,12009
8217,12014
8312,12072
8229,11911
8204,11935
8238,11951
8253,12046
8194,11985
8336,12006
8299,12010
8172,11918
8218,11990
8252,12054
8178,11901
8227,12060
8168,11973
8215,11929
8248,11997
8338,12067
8242,12037
8239,11989
8294,11936
8211,11990
8335,12004
8337,12045
8173,12010
8275,11999
8210,12046
8169,11947
8324,12053
8249,12035
8206,11883
8273,11914
8212,12030
8320,11980
8248,12057
8301,12017
8338,12007
8190,11967
8221,11896
8239,12041
8344,12021
8180,11917
8254,12040
8352,12035
8296,11973
8167,11970
8247,11946
8249,11967
8302,11955
8321,12076
8191,11973
8224,11943
8277,11939
8311,12067
8345,11995
8181,12011
8320,12040
8177,11924
8279,12067
8350,12049
8297,11947
8170,11969
8201,12018
8250,11993
8176,12011
8225,11993
8349,12051
8321,12008
8222,12036
8237,12010
8345,12055
8171,11939
8202,11922
8165,11961
8196,11884
8226,12027
8186,11886
8322,11976
8229,12044
8263,11960
8204,12050
8275,12076
8256,11914
8346,12036
8343,12033
8287,11971
8262,11987
8200,12054
8252,11945
8358,12032
8178,12016
8227,11913
8333,12050
8233,11962
8301,12066
8257,12014
8272,11937
8306,11997
8245,12011
8281,11925
8220,11923
8254,11899
8328,12025
8346,12024
8179,11952
8210,11909
8154,11938
8188,11938
8197,12032
8339,12042
8307,11975
8212,12033
8246,11973
8282,12031
8221,11981
8255,11929
8257,12074
8310,11996
8329,12063
8270,11970
8353,12022
8189,11998
8235,12022
8250,12072
8283,11928
8258,11914
8271,11942
8289,11942
8307,12035
8264,11952
8329,11995
8326,12039
8236,11982
8297,12048
8199,12042
8201,11903
8195,12017
8232,11909
8229,11901
8322,12059
8284,12024
8223,11933
8259,12022
8343,11990
8290,11998
8308,12001
8355,12009
8330,12029
8304,12048
8295,12006
8196,11991
8230,11927
8285,11992
8174,11988
8205,11935
8260,11998
8294,12046
8186,12021
8199,11982
8309,11983
8266,11917
8241,11925
8290,12034
8305,11952
8160,11933
8280,11966
8151,11909
8314,11982
8286,11944
8261,11962
8187,11935
8257,11899
8291,11966
8272,12060
8315,12002
8254,12006
8198,11923
8185,11946
8303,12023
8210,11896
8334,12057
8278,12015
8219,11978
8182,11943
8234,11905
8268,12029
8302,12041
8209,11921
8243,12021
8316,12034
8288,11933
8159,11914
8216,11951
8269,11931
8284,12047
8207,11943
8244,11987
8259,12071
8228,11974
8203,11996
8240,11938
8292,11981
8271,12075
8162,11929
8193,12010
8316,11974
8312,12045
8309,12048
8229,12002
8337,12004
8204,12020
8238,11920
8293,12011
8253,12009
8194,11978
8336,12027
8317,12002
8172,11947
8218,12019
8215,11892
8267,12052
8248,11970
8319,11961
8242,12062
8211,11965
8337,12064
8275,11970
8325,11994
8280,12041
8188,12036
8169,11982
8231,11942
8206,11916
8273,11949
8212,11995
8320,12001
8190,11904
8242,11938
8276,12002
8180,11946
8235,12048
8158,11925
8296,12010
8167,11993
8249,11938
8243,11902
8224,11932
8277,11918
8345,12030
8217,12066
8288,12072
8159,11903
8177,12015
8192,11905
8279,12062
8297,11982
8201,11989
8183,11926
8214,11951
8250,11970
8176,11968
8349,12046
8247,12037
8237,11909
8274,11921
8171,11974
8202,12031
8165,11908
8217,11934
8251,12014
8226,11988
8199,11888
8322,12005
8229,12055
8263,11991
8275,12051
8256,11951
8287,12014
8262,12020
8252,11910
8178,11981
8227,12012
8333,12013
8187,11897
8323,11999
8332,12055
8272,11974
8306,11958
8245,11926
8281,11960
8220,11912
8328,11998
8346,12005
8179,11991
8210,11934
8188,11935
8200,11959
8268,12071
8243,12047
8166,11958
8307,12010
8246,12030
8221,12008
8310,12017
8270,12007
8353,12009
8328,12058
8235,11917
8250,12053
8225,12045
8148,11904
8247,11994
8283,11967
8222,11992
8258,11943
8311,11987
8271,11981
8289,11929
8307,12070
8181,11931
8162,11903
8264,11925
8354,12043
8156,11907
8329,11966
8326,12056
8236,12011
8195,11924
8232,11946
8176,11899
8223,11960
8163,11909
8330,11974
8218,12041
8304,12021
8175,11986
8351,12035
8295,12029
8196,12028
8233,12046
8251,11899
8285,12019
8319,12051
8208,12040
8226,11883
8260,12027
8186,11998
8199,12005
8309,12010
8266,11926
8331,12010
8280,11939
8184,12011
8197,11996
8286,11981
8261,11973
8187,12018
8233,11978
8208,11988
8257,11934
8245,12059
8315,11993
8220,12035
8254,11979
8198,11956
8185,11917
8303,11986
8334,12034
8278,11968
8219,12001
8234,11946
8268,11994
8209,11956
8243,11928
8255,12009
8341,12034
8288,12018
8159,11921
8279,12000
8315,12037
8269,12022
8340,12058
8284,12068
8244,12024
8213,12063
8228,11939
8265,11967
8203,11955
8240,11911
8330,12041
8193,11917
8312,12018
8195,12033
8229,11981
8337,12031
8204,11985
8259,11910
8293,12022
8253,11972
8194,12007
8317,11997
8218,11932
8298,12032
8168,11919
8230,12007
8205,12015
8294,11934
8211,11936
8318,12007
8241,12005
8325,12005
8305,12032
8280,12078
8169,11985
8184,11894
8231,11965
8206,11953
8212,11968
8267,11959
8242,11967
8276,11983
8310,12063
8207,12051
8167,11956
8219,11898
8182,11991
8213,12000
8249,11909
8302,12025
8224,11889
8277,12009
8292,12057
8345,12001
8273,12044
8326,11974
8288,12045
8177,11970
8192,11942
8350,11999
8297,11985
8201,11960
8183,11917
8214,11904
8216,11999
8176,11941
8207,11991
8247,12064
8237,11936
8274,11946
8171,11997
8202,11992
8215,12064
8217,11905
8251,11973
8285,12057
8226,11953
8260,12061
8263,12018
8287,12021
8194,11898
8262,11913
8218,11875
8252,12003
8358,12030
8178,11942
8227,12019
8333,11976
8153,11912
8313,12067
8215,12004
8323,12002
8248,11954
8208,11902
8239,11936
8272,11995
8245,11953
8281,11939
8173,11925
8220,11941
8275,11954
8256,12032
8210,11963
8334,11992
8200,11932
8324,11970
8166,11915
8347,12002
8310,12010
8270,11912
8180,11994
8281,12063
8235,11936
8213,11893
8247,12017
8191,11952
8222,12029
8311,11982
8271,12008
8181,11910
8255,12039
8236,12032
8177,11903
8353,12040
8195,11963
8232,11983
8250,11954
8223,11975
8225,11948
8293,12076
8237,12053
8304,11978
8175,11961
8295,11992
8233,12049
8285,12014
8260,11904
8186,11963
8199,11904
8232,12043
8356,12017
8223,12059
8331,11969
8256,11999
8305,12014
8262,12036
8280,11976
8197,12007
8184,11984
8252,11894
8286,11990
8227,11900
8261,12000
8187,12009
8233,12013
8230,12041
8208,12009
8205,12057
8332,12007
8276,12065
8257,11953
8245,12038
8198,11977
8303,11961
8278,11941
8219,12036
8182,11901
8234,11959
8268,11959
8209,11983
8243,11967
8258,12051
8221,11928
8255,12020
8270,12055
8341,12013
8288,11991
8161,11957
8279,11999
8189,11945
8201,12054
8198,12053
8216,11897
8269,11985
8340,12039
8207,11881
8244,12005
8228,11912
8265,11906
8355,12032
8222,11880
8203,11926
8240,11932
8258,11991
8330,12050
8193,11936
8264,12005
8236,11899
8226,12055
8149,11920
8312,11991
8309,12070
8266,12066
8259,11949
8293,11985
8253,11967
8290,11947
8194,12032
8327,12040
8218,11961
8298,12077
8313,12025
8168,11924
8196,11916
8323,12060
8230,12024
8319,12003
8174,11945
8205,11978
8294,12019
8164,11955
8211,11911
8266,12006
8318,11976
8241,12024
8238,12058
8305,12059
8200,11894
8197,11884
8231,11928
8206,11994
8267,11914
8242,11928
8276,11956
8335,12041
8185,11901
8216,12040
8167,11923
8219,11921
8182,11976
8213,11979
8339,12010
8302,12002
8191,11882
8206,12054
8277,11988
8273,12071
8255,11897
8326,11995
8192,11995
8350,12000
8297,12020
8170,11920
8201,11907
8183,11944
8214,12005
8216,11972
8176,11962
8207,12018
8317,12041
8203,12035
8237,11963
8274,11975
8292,11962
8342,12050
8298,11996
8215,12063
8217,11940
8251,11960
8226,11946
8214,12065
8204,11937
8238,12005
8194,11927
8262,11938
8299,11956
8172,11984
8274,12043
8252,11992
8178,11907
8227,11990
8313,12038
8215,11971
8230,11895
8248,11927
8205,11903
8239,11919
8272,12016
8211,12048
8335,11998
8300,12044
8173,11952
8275,11929
8256,12069
8359,12017
8179,12001
8334,12029
8200,12001
8234,11885
8324,12015
8268,12057
8209,11893
8273,11984
8212,11952
8320,11958
8301,11959
8190,12021
8270,11949
8146,11911
8180,11975
8300,11984
8281,12034
8296,12063
8247,12012
8249,12021
8191,11935
8222,11910
8224,12001
8258,11901
8311,12005
8348,12031
8181,11937
8236,12061
8152,11932
8214,11888
8232,11988
8250,11935
8223,12002
8225,11911
8349,11993
8321,11990
8289,12051
8175,11940
8264,12059
8295,11959
8202,11944
8260,11949
8186,11940
8199,11935
8232,12048
8263,11906
8318,12070
8238,11888
8256,12020
8287,12037
8305,11969
8262,12057
8280,12013
8184,11957
8197,11906
8286,12027
8261,12043
8187,11980
8233,12016
8357,12026
8208,11918
8242,11902
8332,12028
8276,12046
8257,11988
8306,12003
8245,12065
8281,11987
8220,11989
8328,11955
8185,11995
8198,12002
8210,11979
8278,11934
8154,11928
8188,12004
8234,11984
8268,11916
8283,12038
8209,12002
8243,11938
8258,12044
8246,11907
8282,11957
8221,11955
8255,11987
8257,12048
8288,11980
8161,11944
8189,11908
8183,11890
8244,12034
8228,11925
8265,12005
8283,11970
8191,12032
8203,11885
8240,12017
8258,12016
8271,11928
8342,12024
8289,12012
8264,11978
8236,11920
8251,12034
8312,11964
8195,11979
8266,12047
8284,11938
8241,12055
8259,11952
8293,11964
8253,11930
8308,11995
8265,12065
8327,12071
8218,11938
8295,12072
8313,11996
8168,11961
8196,11945
8323,12067
8230,11997
8319,11982
8174,11922
8205,11941
8294,11988
8164,11928
8211,11882
8266,11971
8241,11987
8336,12054
8197,11895
8234,12035
8231,12023
8157,11932
8209,12051
8206,12031
8267,12001
8242,12021
8276,11921
8291,12024
8254,11964
8303,12073
8278,12053
8296,11961
8188,11903
8219,11956
8182,12013
8213,11958
8339,11985
8302,11975
8191,11889
8348,12033
8246,12062
8221,12040
8326,12028
8344,12037
8192,12016
8170,11965
8183,11975
8214,11998
8216,12009
8269,11937
8250,11893
8340,12023
8176,11935
8207,11929
8244,11925
8225,11885
8228,12056
8203,12006
8240,11884
8327,11988
8274,12000
8193,11984
8351,12015
8298,12025
8202,12046
8217,11983
8251,11935
8226,11911
8214,12058
8229,11960
8204,11966
8331,12046
8238,11982
8287,11967
8194,11952
8336,11973
8299,11979
8274,12068
8178,11932
8333,11966
8215,11966
8248,12028
8338,12034
8242,12068
8239,12010
8211,12023
8335,11973
8300,12073
8173,11979
8220,11903
8275,12028
8325,12048
8334,12006
8299,12055
8169,11908
8200,11974
8234,11894
8231,11880
8324,12020
8249,12060
8224,12058
8166,11969
8273,12011
8212,11933
8338,11974
8301,11986
8190,11998
8306,12045
8180,12012
8192,12047
8300,12013
8281,12069
8155,11922
8254,12075
8296,12068
8167,12003
8247,11915
8249,11992
8321,12045
8191,12026
8222,11947
8224,11974
8311,12032
8181,11980
8320,12055
8217,12056
8177,11957
8152,11905
8232,12025
8250,12024
8225,12026
8349,12020
8293,12050
8321,11977
8237,11979
8175,11907
8171,11904
8202,11957
8165,11994
8285,11940
8186,11905
8199,11962
8263,11929
8318,12043
8331,11963
8256,12009
8287,12064
8184,11930
8197,11949
8286,12060
8227,11942
8261,12054
8233,11931
8301,12035
8208,11939
8332,11993
8239,11903
8257,11983
8306,12028
8245,11980
8281,12022
8220,12018
8346,11995
8179,11921
8210,12004
8352,12017
8154,11909
8314,12062
8188,11969
8234,12029
8258,12073
8212,12064
8246,11940
8282,11998
8221,11950
8255,11966
8257,12043
8270,11997
8180,11895
8161,11907
8189,12031
8235,11991
8269,12039
8308,12044
8228,11890
8265,11976
8283,12025
8240,11990
8258,12013
8271,11911
8342,11997
8289,11975
8264,11951
8282,12050
8329,12020
8236,11949
8217,11877
8195,12014
8284,11999
8223,11890
8259,11991
8253,11893
8290,12001
8308,11968
8343,12023
8163,11999
8265,12036
8240,12050
8354,12021
8295,12039
8313,11975
8196,11958
8230,11958
8319,11989
8205,11904
