"X","Y"
7088,39050
7088,39051
7089,39047
7089,39048
7089,39049
7089,39050
7089,39051
7089,39052
7089,39053
7089,39054
7090,39046
7090,39047
7090,39048
7090,39049
7090,39050
7090,39051
7090,39052
7090,39053
7090,39054
7090,39055
7091,39044
7091,39045
7091,39046
7091,39047
7091,39048
7091,39049
7091,39050
7091,39051
7091,39052
7091,39053
7091,39054
7091,39055
7091,39056
7092,39043
7092,39044
7092,39045
7092,39046
7092,39047
7092,39048
7092,39049
7092,39050
7092,39051
7092,39052
7092,39053
7092,39054
7092,39055
7092,39056
7093,39042
7093,39043
7093,39044
7093,39045
7093,39046
7093,39047
7093,39048
7093,39049
7093,39050
7093,39051
7093,39052
7093,39053
7093,39054
7093,39055
7093,39056
7094,39042
7094,39043
7094,39044
7094,39045
7094,39046
7094,39047
7094,39048
7094,39049
7094,39050
7094,39051
7094,39052
7094,39053
7094,39054
7094,39055
7094,39056
7094,39057
7095,39042
7095,39043
7095,39044
7095,39045
7095,39046
7095,39047
7095,39048
7095,39049
7095,39050
7095,39051
7095,39052
7095,39053
7095,39054
7095,39055
7095,39056
7096,39041
7096,39042
7096,39043
7096,39044
7096,39045
7096,39046
7096,39047
7096,39048
7096,39049
7096,39050
7096,39051
7096,39052
7096,39053
7096,39054
7096,39055
7096,39056
7097,39041
7097,39042
7097,39043
7097,39044
7097,39045
7097,39046
7097,39047
7097,39048
7097,39049
7097,39050
7097,39051
7097,39052
7097,39053
7097,39054
7097,39055
7097,39056
7098,39041
7098,39042
7098,39043
7098,39044
7098,39045
7098,39046
7098,39047
7098,39048
7098,39049
7098,39050
7098,39051
7098,39052
7098,39053
7098,39054
7098,39055
7099,39038
7099,39041
7099,39042
7099,39043
7099,39044
7099,39045
7099,39046
7099,39047
7099,39048
7099,39049
7099,39050
7099,39051
7099,39052
7099,39053
7099,39054
7100,39036
7100,39037
7100,39038
7100,39039
7100,39040
7100,39041
7100,39042
7100,39043
7100,39044
7100,39045
7100,39046
7100,39047
7100,39048
7100,39049
7100,39050
7100,39051
7100,39052
7100,39053
7101,39035
7101,39036
7101,39037
7101,39038
7101,39039
7101,39040
7101,39041
7101,39042
7101,39043
7101,39044
7101,39045
7101,39046
7101,39047
7101,39048
7101,39049
7101,39050
7101,39051
7101,39052
7102,39034
7102,39035
7102,39036
7102,39037
7102,39038
7102,39039
7102,39040
7102,39041
7102,39042
7102,39043
7102,39044
7102,39045
7102,39046
7102,39047
7102,39048
7102,39049
7102,39050
7102,39051
7103,39034
7103,39035
7103,39036
7103,39037
7103,39038
7103,39039
7103,39040
7103,39041
7103,39042
7103,39043
7103,39044
7103,39045
7103,39046
7103,39047
7103,39048
7103,39049
7104,39033
7104,39034
7104,39035
7104,39036
7104,39037
7104,39038
7104,39039
7104,39040
7104,39041
7104,39042
7104,39043
7104,39046
7105,39034
7105,39035
7105,39036
7105,39037
7105,39038
7105,39039
7105,39040
7105,39041
7105,39042
7106,39034
7106,39035
7106,39036
7106,39037
7106,39038
7106,39039
7106,39040
7106,39041
7106,39042
7107,39034
7107,39035
7107,39036
7107,39037
7107,39038
7107,39039
7107,39040
7107,39041
7107,39042
7107,39048
7107,39049
7108,39035
7108,39036
7108,39037
7108,39038
7108,39039
7108,39040
7108,39041
7108,39042
7108,39043
7108,39045
7108,39046
7108,39047
7108,39048
7108,39049
7108,39050
7108,39051
7108,39052
7109,39035
7109,39036
7109,39037
7109,39038
7109,39039
7109,39040
7109,39041
7109,39042
7109,39043
7109,39044
7109,39045
7109,39046
7109,39047
7109,39048
7109,39049
7109,39050
7109,39051
7109,39052
7109,39053
7109,39054
7110,39034
7110,39035
7110,39036
7110,39037
7110,39038
7110,39039
7110,39040
7110,39041
7110,39042
7110,39043
7110,39044
7110,39045
7110,39046
7110,39047
7110,39048
7110,39049
7110,39050
7110,39051
7110,39052
7110,39053
7110,39054
7110,39055
7111,39031
7111,39032
7111,39033
7111,39034
7111,39035
7111,39036
7111,39037
7111,39038
7111,39039
7111,39040
7111,39041
7111,39042
7111,39043
7111,39044
7111,39045
7111,39046
7111,39047
7111,39048
7111,39049
7111,39050
7111,39051
7111,39052
7111,39053
7111,39054
7111,39055
7111,39056
7112,39029
7112,39030
7112,39031
7112,39032
7112,39033
7112,39034
7112,39035
7112,39036
7112,39037
7112,39038
7112,39039
7112,39040
7112,39041
7112,39042
7112,39043
7112,39044
7112,39045
7112,39046
7112,39047
7112,39048
7112,39049
7112,39050
7112,39051
7112,39052
7112,39053
7112,39054
7112,39055
7112,39056
7112,39057
7112,39058
7112,39059
7113,39028
7113,39029
7113,39030
7113,39031
7113,39032
7113,39033
7113,39034
7113,39035
7113,39036
7113,39037
7113,39038
7113,39039
7113,39040
7113,39041
7113,39042
7113,39043
7113,39044
7113,39045
7113,39046
7113,39047
7113,39048
7113,39049
7113,39050
7113,39051
7113,39052
7113,39053
7113,39054
7113,39055
7113,39056
7113,39057
7113,39058
7113,39059
7113,39060
7113,39064
7113,39065
7114,39027
7114,39028
7114,39029
7114,39030
7114,39031
7114,39032
7114,39033
7114,39034
7114,39035
7114,39036
7114,39037
7114,39038
7114,39039
7114,39040
7114,39041
7114,39042
7114,39043
7114,39044
7114,39045
7114,39046
7114,39047
7114,39048
7114,39049
7114,39050
7114,39051
7114,39052
7114,39053
7114,39054
7114,39055
7114,39056
7114,39057
7114,39058
7114,39059
7114,39060
7114,39061
7114,39062
7114,39063
7114,39064
7114,39065
7114,39066
7114,39067
7115,39026
7115,39027
7115,39028
7115,39029
7115,39030
7115,39031
7115,39032
7115,39033
7115,39034
7115,39035
7115,39036
7115,39037
7115,39038
7115,39039
7115,39040
7115,39041
7115,39042
7115,39043
7115,39044
7115,39045
7115,39046
7115,39047
7115,39048
7115,39049
7115,39050
7115,39051
7115,39052
7115,39053
7115,39054
7115,39055
7115,39056
7115,39057
7115,39058
7115,39059
7115,39060
7115,39061
7115,39062
7115,39063
7115,39064
7115,39065
7115,39066
7115,39067
7115,39068
7116,39026
7116,39027
7116,39028
7116,39029
7116,39030
7116,39031
7116,39032
7116,39033
7116,39034
7116,39035
7116,39036
7116,39037
7116,39038
7116,39039
7116,39040
7116,39041
7116,39042
7116,39043
7116,39044
7116,39045
7116,39046
7116,39047
7116,39048
7116,39049
7116,39050
7116,39051
7116,39052
7116,39053
7116,39054
7116,39055
7116,39056
7116,39057
7116,39058
7116,39059
7116,39060
7116,39061
7116,39062
7116,39063
7116,39064
7116,39065
7116,39066
7116,39067
7116,39068
7116,39069
7117,39026
7117,39027
7117,39028
7117,39029
7117,39030
7117,39031
7117,39032
7117,39033
7117,39034
7117,39035
7117,39036
7117,39037
7117,39038
7117,39039
7117,39040
7117,39041
7117,39042
7117,39043
7117,39044
7117,39045
7117,39046
7117,39047
7117,39048
7117,39049
7117,39050
7117,39051
7117,39052
7117,39053
7117,39054
7117,39055
7117,39056
7117,39057
7117,39058
7117,39059
7117,39060
7117,39061
7117,39062
7117,39063
7117,39064
7117,39065
7117,39066
7117,39067
7117,39068
7117,39069
7118,39022
7118,39023
7118,39025
7118,39026
7118,39027
7118,39028
7118,39029
7118,39030
7118,39031
7118,39032
7118,39033
7118,39034
7118,39035
7118,39036
7118,39037
7118,39038
7118,39039
7118,39040
7118,39041
7118,39042
7118,39043
7118,39044
7118,39045
7118,39046
7118,39047
7118,39048
7118,39049
7118,39050
7118,39051
7118,39052
7118,39053
7118,39054
7118,39055
7118,39056
7118,39057
7118,39058
7118,39059
7118,39060
7118,39061
7118,39062
7118,39063
7118,39064
7118,39065
7118,39066
7118,39067
7118,39068
7118,39069
7118,39070
7119,38997
7119,38998
7119,39001
7119,39002
7119,39019
7119,39020
7119,39021
7119,39022
7119,39023
7119,39024
7119,39025
7119,39026
7119,39027
7119,39028
7119,39029
7119,39030
7119,39031
7119,39032
7119,39033
7119,39034
7119,39035
7119,39036
7119,39037
7119,39038
7119,39039
7119,39040
7119,39041
7119,39042
7119,39043
7119,39044
7119,39045
7119,39046
7119,39047
7119,39048
7119,39049
7119,39050
7119,39051
7119,39052
7119,39053
7119,39054
7119,39055
7119,39056
7119,39057
7119,39058
7119,39059
7119,39060
7119,39061
7119,39062
7119,39063
7119,39064
7119,39065
7119,39066
7119,39067
7119,39068
7119,39069
7119,39070
7119,39071
7120,38994
7120,38995
7120,38996
7120,38997
7120,38998
7120,38999
7120,39000
7120,39001
7120,39002
7120,39003
7120,39004
7120,39017
7120,39018
7120,39019
7120,39020
7120,39021
7120,39022
7120,39023
7120,39024
7120,39025
7120,39026
7120,39027
7120,39028
7120,39029
7120,39030
7120,39031
7120,39032
7120,39033
7120,39034
7120,39035
7120,39036
7120,39037
7120,39038
7120,39039
7120,39040
7120,39041
7120,39042
7120,39043
7120,39044
7120,39045
7120,39046
7120,39047
7120,39048
7120,39049
7120,39050
7120,39051
7120,39052
7120,39053
7120,39054
7120,39055
7120,39056
7120,39057
7120,39058
7120,39059
7120,39060
7120,39061
7120,39062
7120,39063
7120,39064
7120,39065
7120,39066
7120,39067
7120,39068
7120,39069
7120,39070
7120,39071
7120,39072
7121,38993
7121,38994
7121,38995
7121,38996
7121,38997
7121,38998
7121,38999
7121,39000
7121,39001
7121,39002
7121,39003
7121,39004
7121,39005
7121,39016
7121,39017
7121,39018
7121,39019
7121,39020
7121,39021
7121,39022
7121,39023
7121,39024
7121,39025
7121,39026
7121,39027
7121,39028
7121,39029
7121,39030
7121,39031
7121,39032
7121,39033
7121,39034
7121,39035
7121,39036
7121,39037
7121,39038
7121,39039
7121,39040
7121,39041
7121,39042
7121,39043
7121,39044
7121,39045
7121,39046
7121,39047
7121,39048
7121,39049
7121,39050
7121,39051
7121,39052
7121,39053
7121,39054
7121,39055
7121,39056
7121,39057
7121,39058
7121,39059
7121,39060
7121,39061
7121,39062
7121,39063
7121,39064
7121,39065
7121,39066
7121,39067
7121,39068
7121,39069
7121,39070
7121,39071
7121,39072
7122,38992
7122,38993
7122,38994
7122,38995
7122,38996
7122,38997
7122,38998
7122,38999
7122,39000
7122,39001
7122,39002
7122,39003
7122,39004
7122,39005
7122,39006
7122,39009
7122,39010
7122,39012
7122,39015
7122,39016
7122,39017
7122,39018
7122,39019
7122,39020
7122,39021
7122,39022
7122,39023
7122,39024
7122,39025
7122,39026
7122,39027
7122,39028
7122,39029
7122,39030
7122,39031
7122,39032
7122,39033
7122,39034
7122,39035
7122,39036
7122,39037
7122,39038
7122,39039
7122,39040
7122,39041
7122,39042
7122,39043
7122,39044
7122,39045
7122,39046
7122,39047
7122,39048
7122,39049
7122,39050
7122,39051
7122,39052
7122,39053
7122,39054
7122,39055
7122,39056
7122,39057
7122,39058
7122,39059
7122,39060
7122,39061
7122,39062
7122,39063
7122,39064
7122,39065
7122,39066
7122,39067
7122,39068
7122,39069
7122,39070
7122,39071
7122,39072
7123,38991
7123,38992
7123,38993
7123,38994
7123,38995
7123,38996
7123,38997
7123,38998
7123,38999
7123,39000
7123,39001
7123,39002
7123,39003
7123,39004
7123,39005
7123,39006
7123,39007
7123,39008
7123,39009
7123,39010
7123,39011
7123,39012
7123,39013
7123,39014
7123,39015
7123,39016
7123,39017
7123,39018
7123,39019
7123,39020
7123,39021
7123,39022
7123,39023
7123,39024
7123,39025
7123,39026
7123,39027
7123,39028
7123,39029
7123,39030
7123,39031
7123,39032
7123,39033
7123,39034
7123,39035
7123,39036
7123,39037
7123,39038
7123,39039
7123,39040
7123,39041
7123,39042
7123,39043
7123,39044
7123,39045
7123,39046
7123,39047
7123,39048
7123,39049
7123,39050
7123,39051
7123,39052
7123,39053
7123,39054
7123,39055
7123,39056
7123,39057
7123,39058
7123,39059
7123,39060
7123,39061
7123,39062
7123,39063
7123,39064
7123,39065
7123,39066
7123,39067
7123,39068
7123,39069
7123,39070
7123,39071
7123,39072
7123,39073
7124,38990
7124,38991
7124,38992
7124,38993
7124,38994
7124,38995
7124,38996
7124,38997
7124,38998
7124,38999
7124,39000
7124,39001
7124,39002
7124,39003
7124,39004
7124,39005
7124,39006
7124,39007
7124,39008
7124,39009
7124,39010
7124,39011
7124,39012
7124,39013
7124,39014
7124,39015
7124,39016
7124,39017
7124,39018
7124,39019
7124,39020
7124,39021
7124,39022
7124,39023
7124,39024
7124,39025
7124,39026
7124,39027
7124,39028
7124,39029
7124,39030
7124,39031
7124,39032
7124,39033
7124,39034
7124,39035
7124,39036
7124,39037
7124,39038
7124,39039
7124,39040
7124,39041
7124,39042
7124,39043
7124,39044
7124,39045
7124,39046
7124,39047
7124,39048
7124,39049
7124,39050
7124,39051
7124,39052
7124,39053
7124,39054
7124,39055
7124,39056
7124,39057
7124,39058
7124,39059
7124,39060
7124,39061
7124,39062
7124,39063
7124,39064
7124,39065
7124,39066
7124,39067
7124,39068
7124,39069
7124,39070
7124,39071
7124,39072
7124,39073
7124,39074
7125,38990
7125,38991
7125,38992
7125,38993
7125,38994
7125,38995
7125,38996
7125,38997
7125,38998
7125,38999
7125,39000
7125,39001
7125,39002
7125,39003
7125,39004
7125,39005
7125,39006
7125,39007
7125,39008
7125,39009
7125,39010
7125,39011
7125,39012
7125,39013
7125,39014
7125,39015
7125,39016
7125,39017
7125,39018
7125,39019
7125,39020
7125,39021
7125,39022
7125,39023
7125,39024
7125,39025
7125,39026
7125,39027
7125,39028
7125,39029
7125,39030
7125,39031
7125,39032
7125,39033
7125,39034
7125,39035
7125,39036
7125,39037
7125,39038
7125,39039
7125,39040
7125,39041
7125,39042
7125,39043
7125,39044
7125,39045
7125,39046
7125,39047
7125,39048
7125,39049
7125,39050
7125,39051
7125,39052
7125,39053
7125,39054
7125,39055
7125,39056
7125,39057
7125,39058
7125,39059
7125,39060
7125,39061
7125,39062
7125,39063
7125,39064
7125,39065
7125,39066
7125,39067
7125,39068
7125,39069
7125,39070
7125,39071
7125,39072
7125,39073
7125,39074
7125,39075
7126,38989
7126,38990
7126,38991
7126,38992
7126,38993
7126,38994
7126,38995
7126,38996
7126,38997
7126,38998
7126,38999
7126,39000
7126,39001
7126,39002
7126,39003
7126,39004
7126,39005
7126,39006
7126,39007
7126,39008
7126,39009
7126,39010
7126,39011
7126,39012
7126,39013
7126,39014
7126,39015
7126,39016
7126,39017
7126,39018
7126,39019
7126,39020
7126,39021
7126,39022
7126,39023
7126,39024
7126,39025
7126,39026
7126,39027
7126,39028
7126,39029
7126,39030
7126,39031
7126,39032
7126,39033
7126,39034
7126,39035
7126,39036
7126,39037
7126,39038
7126,39039
7126,39040
7126,39041
7126,39042
7126,39043
7126,39044
7126,39045
7126,39046
7126,39047
7126,39048
7126,39049
7126,39050
7126,39051
7126,39052
7126,39053
7126,39054
7126,39055
7126,39056
7126,39057
7126,39058
7126,39059
7126,39060
7126,39061
7126,39062
7126,39063
7126,39064
7126,39065
7126,39066
7126,39067
7126,39068
7126,39069
7126,39070
7126,39071
7126,39072
7126,39073
7126,39074
7126,39075
7127,38988
7127,38989
7127,38990
7127,38991
7127,38992
7127,38993
7127,38994
7127,38995
7127,38996
7127,38997
7127,38998
7127,38999
7127,39000
7127,39001
7127,39002
7127,39003
7127,39004
7127,39005
7127,39006
7127,39007
7127,39008
7127,39009
7127,39010
7127,39011
7127,39012
7127,39013
7127,39014
7127,39015
7127,39016
7127,39017
7127,39018
7127,39019
7127,39020
7127,39021
7127,39022
7127,39023
7127,39024
7127,39025
7127,39026
7127,39027
7127,39028
7127,39029
7127,39030
7127,39031
7127,39032
7127,39033
7127,39034
7127,39035
7127,39036
7127,39037
7127,39038
7127,39039
7127,39040
7127,39041
7127,39042
7127,39043
7127,39044
7127,39045
7127,39046
7127,39047
7127,39048
7127,39049
7127,39050
7127,39051
7127,39052
7127,39053
7127,39054
7127,39055
7127,39056
7127,39057
7127,39058
7127,39059
7127,39060
7127,39061
7127,39062
7127,39063
7127,39064
7127,39065
7127,39066
7127,39067
7127,39068
7127,39069
7127,39070
7127,39071
7127,39072
7127,39073
7127,39074
7127,39075
7127,39076
7128,38988
7128,38989
7128,38990
7128,38991
7128,38992
7128,38993
7128,38994
7128,38995
7128,38996
7128,38997
7128,38998
7128,38999
7128,39000
7128,39001
7128,39002
7128,39003
7128,39004
7128,39005
7128,39006
7128,39007
7128,39008
7128,39009
7128,39010
7128,39011
7128,39012
7128,39013
7128,39014
7128,39015
7128,39016
7128,39017
7128,39018
7128,39019
7128,39020
7128,39021
7128,39022
7128,39023
7128,39024
7128,39025
7128,39026
7128,39027
7128,39028
7128,39029
7128,39030
7128,39031
7128,39032
7128,39033
7128,39034
7128,39035
7128,39036
7128,39037
7128,39038
7128,39039
7128,39040
7128,39041
7128,39042
7128,39043
7128,39044
7128,39045
7128,39046
7128,39047
7128,39048
7128,39049
7128,39050
7128,39051
7128,39052
7128,39053
7128,39054
7128,39055
7128,39056
7128,39057
7128,39058
7128,39059
7128,39060
7128,39061
7128,39062
7128,39063
7128,39064
7128,39065
7128,39066
7128,39067
7128,39068
7128,39069
7128,39070
7128,39071
7128,39072
7128,39073
7128,39074
7128,39075
7128,39076
7128,39077
7129,38988
7129,38989
7129,38990
7129,38991
7129,38992
7129,38993
7129,38994
7129,38995
7129,38996
7129,38997
7129,38998
7129,38999
7129,39000
7129,39001
7129,39002
7129,39003
7129,39004
7129,39005
7129,39006
7129,39007
7129,39008
7129,39009
7129,39010
7129,39011
7129,39012
7129,39013
7129,39014
7129,39015
7129,39016
7129,39017
7129,39018
7129,39019
7129,39020
7129,39021
7129,39022
7129,39023
7129,39024
7129,39025
7129,39026
7129,39027
7129,39028
7129,39029
7129,39030
7129,39031
7129,39032
7129,39033
7129,39034
7129,39035
7129,39036
7129,39037
7129,39038
7129,39039
7129,39040
7129,39041
7129,39042
7129,39043
7129,39044
7129,39045
7129,39046
7129,39047
7129,39048
7129,39049
7129,39050
7129,39051
7129,39052
7129,39053
7129,39054
7129,39055
7129,39056
7129,39057
7129,39058
7129,39059
7129,39060
7129,39061
7129,39062
7129,39063
7129,39064
7129,39065
7129,39066
7129,39067
7129,39068
7129,39069
7129,39070
7129,39071
7129,39072
7129,39073
7129,39074
7129,39075
7129,39076
7129,39077
7129,39078
7130,38987
7130,38988
7130,38989
7130,38990
7130,38991
7130,38992
7130,38993
7130,38994
7130,38995
7130,38996
7130,38997
7130,38998
7130,38999
7130,39000
7130,39001
7130,39002
7130,39003
7130,39004
7130,39005
7130,39006
7130,39007
7130,39008
7130,39009
7130,39010
7130,39011
7130,39012
7130,39013
7130,39014
7130,39015
7130,39016
7130,39017
7130,39018
7130,39019
7130,39020
7130,39021
7130,39022
7130,39023
7130,39024
7130,39025
7130,39026
7130,39027
7130,39028
7130,39029
7130,39030
7130,39031
7130,39032
7130,39033
7130,39034
7130,39035
7130,39036
7130,39037
7130,39038
7130,39039
7130,39040
7130,39041
7130,39042
7130,39043
7130,39044
7130,39045
7130,39046
7130,39047
7130,39048
7130,39049
7130,39050
7130,39051
7130,39052
7130,39053
7130,39054
7130,39055
7130,39056
7130,39057
7130,39058
7130,39059
7130,39060
7130,39061
7130,39062
7130,39063
7130,39064
7130,39065
7130,39066
7130,39067
7130,39068
7130,39069
7130,39070
7130,39071
7130,39072
7130,39073
7130,39074
7130,39075
7130,39076
7130,39077
7130,39078
7131,38986
7131,38987
7131,38988
7131,38989
7131,38990
7131,38991
7131,38992
7131,38993
7131,38994
7131,38995
7131,38996
7131,38997
7131,38998
7131,38999
7131,39000
7131,39001
7131,39002
7131,39003
7131,39004
7131,39005
7131,39006
7131,39007
7131,39008
7131,39009
7131,39010
7131,39011
7131,39012
7131,39013
7131,39014
7131,39015
7131,39016
7131,39017
7131,39018
7131,39019
7131,39020
7131,39021
7131,39022
7131,39023
7131,39024
7131,39025
7131,39026
7131,39027
7131,39028
7131,39029
7131,39030
7131,39031
7131,39032
7131,39033
7131,39034
7131,39035
7131,39036
7131,39037
7131,39038
7131,39039
7131,39040
7131,39041
7131,39042
7131,39043
7131,39044
7131,39045
7131,39046
7131,39047
7131,39048
7131,39049
7131,39050
7131,39051
7131,39052
7131,39053
7131,39054
7131,39055
7131,39056
7131,39057
7131,39058
7131,39059
7131,39060
7131,39061
7131,39062
7131,39063
7131,39064
7131,39065
7131,39066
7131,39067
7131,39068
7131,39069
7131,39070
7131,39071
7131,39072
7131,39073
7131,39074
7131,39075
7131,39076
7131,39077
7131,39078
7131,39079
7132,38986
7132,38987
7132,38988
7132,38989
7132,38990
7132,38991
7132,38992
7132,38993
7132,38994
7132,38995
7132,38996
7132,38997
7132,38998
7132,38999
7132,39000
7132,39001
7132,39002
7132,39003
7132,39004
7132,39005
7132,39006
7132,39007
7132,39008
7132,39009
7132,39010
7132,39011
7132,39012
7132,39013
7132,39014
7132,39015
7132,39016
7132,39017
7132,39018
7132,39019
7132,39020
7132,39021
7132,39022
7132,39023
7132,39024
7132,39025
7132,39026
7132,39027
7132,39028
7132,39029
7132,39030
7132,39031
7132,39032
7132,39033
7132,39034
7132,39035
7132,39036
7132,39037
7132,39038
7132,39039
7132,39040
7132,39041
7132,39042
7132,39043
7132,39044
7132,39045
7132,39046
7132,39047
7132,39048
7132,39049
7132,39050
7132,39051
7132,39052
7132,39053
7132,39054
7132,39055
7132,39056
7132,39057
7132,39058
7132,39059
7132,39060
7132,39061
7132,39062
7132,39063
7132,39064
7132,39065
7132,39066
7132,39067
7132,39068
7132,39069
7132,39070
7132,39071
7132,39072
7132,39073
7132,39074
7132,39075
7132,39076
7132,39077
7132,39078
7132,39079
7133,38986
7133,38987
7133,38988
7133,38989
7133,38990
7133,38991
7133,38992
7133,38993
7133,38994
7133,38995
7133,38996
7133,38997
7133,38998
7133,38999
7133,39000
7133,39001
7133,39002
7133,39003
7133,39004
7133,39005
7133,39006
7133,39007
7133,39008
7133,39009
7133,39010
7133,39011
7133,39012
7133,39013
7133,39014
7133,39015
7133,39016
7133,39017
7133,39018
7133,39019
7133,39020
7133,39021
7133,39022
7133,39023
7133,39024
7133,39025
7133,39026
7133,39027
7133,39028
7133,39029
7133,39030
7133,39031
7133,39032
7133,39033
7133,39034
7133,39035
7133,39036
7133,39037
7133,39038
7133,39039
7133,39040
7133,39041
7133,39042
7133,39043
7133,39044
7133,39045
7133,39046
7133,39047
7133,39048
7133,39049
7133,39050
7133,39051
7133,39052
7133,39053
7133,39054
7133,39055
7133,39056
7133,39057
7133,39058
7133,39059
7133,39060
7133,39061
7133,39062
7133,39063
7133,39064
7133,39065
7133,39066
7133,39067
7133,39068
7133,39069
7133,39070
7133,39071
7133,39072
7133,39073
7133,39074
7133,39075
7133,39076
7133,39077
7133,39078
7133,39079
7134,38985
7134,38986
7134,38987
7134,38988
7134,38989
7134,38990
7134,38991
7134,38992
7134,38993
7134,38994
7134,38995
7134,38996
7134,38997
7134,38998
7134,38999
7134,39000
7134,39001
7134,39002
7134,39003
7134,39004
7134,39005
7134,39006
7134,39007
7134,39008
7134,39009
7134,39010
7134,39011
7134,39012
7134,39013
7134,39014
7134,39015
7134,39016
7134,39017
7134,39018
7134,39019
7134,39020
7134,39021
7134,39022
7134,39023
7134,39024
7134,39025
7134,39026
7134,39027
7134,39028
7134,39029
7134,39030
7134,39031
7134,39032
7134,39033
7134,39034
7134,39035
7134,39036
7134,39037
7134,39038
7134,39039
7134,39040
7134,39041
7134,39042
7134,39043
7134,39044
7134,39045
7134,39046
7134,39047
7134,39048
7134,39049
7134,39050
7134,39051
7134,39052
7134,39053
7134,39054
7134,39055
7134,39056
7134,39057
7134,39058
7134,39059
7134,39060
7134,39061
7134,39062
7134,39063
7134,39064
7134,39065
7134,39066
7134,39067
7134,39068
7134,39069
7134,39070
7134,39071
7134,39072
7134,39073
7134,39074
7134,39075
7134,39076
7134,39077
7134,39078
7134,39079
7134,39080
7135,38986
7135,38987
7135,38988
7135,38989
7135,38990
7135,38991
7135,38992
7135,38993
7135,38994
7135,38995
7135,38996
7135,38997
7135,38998
7135,38999
7135,39000
7135,39001
7135,39002
7135,39003
7135,39004
7135,39005
7135,39006
7135,39007
7135,39008
7135,39009
7135,39010
7135,39011
7135,39012
7135,39013
7135,39014
7135,39015
7135,39016
7135,39017
7135,39018
7135,39019
7135,39020
7135,39021
7135,39022
7135,39023
7135,39024
7135,39025
7135,39026
7135,39027
7135,39028
7135,39029
7135,39030
7135,39031
7135,39032
7135,39033
7135,39034
7135,39035
7135,39036
7135,39037
7135,39038
7135,39039
7135,39040
7135,39041
7135,39042
7135,39043
7135,39044
7135,39045
7135,39046
7135,39047
7135,39048
7135,39049
7135,39050
7135,39051
7135,39052
7135,39053
7135,39054
7135,39055
7135,39056
7135,39057
7135,39058
7135,39059
7135,39060
7135,39061
7135,39062
7135,39063
7135,39064
7135,39065
7135,39066
7135,39067
7135,39068
7135,39069
7135,39070
7135,39071
7135,39072
7135,39073
7135,39074
7135,39075
7135,39076
7135,39077
7135,39078
7135,39079
7135,39080
7135,39081
7136,38985
7136,38986
7136,38987
7136,38988
7136,38989
7136,38990
7136,38991
7136,38992
7136,38993
7136,38994
7136,38995
7136,38996
7136,38997
7136,38998
7136,38999
7136,39000
7136,39001
7136,39002
7136,39003
7136,39004
7136,39005
7136,39006
7136,39007
7136,39008
7136,39009
7136,39010
7136,39011
7136,39012
7136,39013
7136,39014
7136,39015
7136,39016
7136,39017
7136,39018
7136,39019
7136,39020
7136,39021
7136,39022
7136,39023
7136,39024
7136,39025
7136,39026
7136,39027
7136,39028
7136,39029
7136,39030
7136,39031
7136,39032
7136,39033
7136,39034
7136,39035
7136,39036
7136,39037
7136,39038
7136,39039
7136,39040
7136,39041
7136,39042
7136,39043
7136,39044
7136,39045
7136,39046
7136,39047
7136,39048
7136,39049
7136,39050
7136,39051
7136,39052
7136,39053
7136,39054
7136,39055
7136,39056
7136,39057
7136,39058
7136,39059
7136,39060
7136,39061
7136,39062
7136,39063
7136,39064
7136,39065
7136,39066
7136,39067
7136,39068
7136,39069
7136,39070
7136,39071
7136,39072
7136,39073
7136,39074
7136,39075
7136,39076
7136,39077
7136,39078
7136,39079
7136,39080
7136,39081
7137,38985
7137,38986
7137,38987
7137,38988
7137,38989
7137,38990
7137,38991
7137,38992
7137,38993
7137,38994
7137,38995
7137,38996
7137,38997
7137,38998
7137,38999
7137,39000
7137,39001
7137,39002
7137,39003
7137,39004
7137,39005
7137,39006
7137,39007
7137,39008
7137,39009
7137,39010
7137,39011
7137,39012
7137,39013
7137,39014
7137,39015
7137,39016
7137,39017
7137,39018
7137,39019
7137,39020
7137,39021
7137,39022
7137,39023
7137,39024
7137,39025
7137,39026
7137,39027
7137,39028
7137,39029
7137,39030
7137,39031
7137,39032
7137,39033
7137,39034
7137,39035
7137,39036
7137,39037
7137,39038
7137,39039
7137,39040
7137,39041
7137,39042
7137,39043
7137,39044
7137,39045
7137,39046
7137,39047
7137,39048
7137,39049
7137,39050
7137,39051
7137,39052
7137,39053
7137,39054
7137,39055
7137,39056
7137,39057
7137,39058
7137,39059
7137,39060
7137,39061
7137,39062
7137,39063
7137,39064
7137,39065
7137,39066
7137,39067
7137,39068
7137,39069
7137,39070
7137,39071
7137,39072
7137,39073
7137,39074
7137,39075
7137,39076
7137,39077
7137,39078
7137,39079
7137,39080
7137,39081
7138,38984
7138,38985
7138,38986
7138,38987
7138,38988
7138,38989
7138,38990
7138,38991
7138,38992
7138,38993
7138,38994
7138,38995
7138,38996
7138,38997
7138,38998
7138,38999
7138,39000
7138,39001
7138,39002
7138,39003
7138,39004
7138,39005
7138,39006
7138,39007
7138,39008
7138,39009
7138,39010
7138,39011
7138,39012
7138,39013
7138,39014
7138,39015
7138,39016
7138,39017
7138,39018
7138,39019
7138,39020
7138,39021
7138,39022
7138,39023
7138,39024
7138,39025
7138,39026
7138,39027
7138,39028
7138,39029
7138,39030
7138,39031
7138,39032
7138,39033
7138,39034
7138,39035
7138,39036
7138,39037
7138,39038
7138,39039
7138,39040
7138,39041
7138,39042
7138,39043
7138,39044
7138,39045
7138,39046
7138,39047
7138,39048
7138,39049
7138,39050
7138,39051
7138,39052
7138,39053
7138,39054
7138,39055
7138,39056
7138,39057
7138,39058
7138,39059
7138,39060
7138,39061
7138,39062
7138,39063
7138,39064
7138,39065
7138,39066
7138,39067
7138,39068
7138,39069
7138,39070
7138,39071
7138,39072
7138,39073
7138,39074
7138,39075
7138,39076
7138,39077
7138,39078
7138,39079
7138,39080
7138,39081
7138,39082
7139,38984
7139,38985
7139,38986
7139,38987
7139,38988
7139,38989
7139,38990
7139,38991
7139,38992
7139,38993
7139,38994
7139,38995
7139,38996
7139,38997
7139,38998
7139,38999
7139,39000
7139,39001
7139,39002
7139,39003
7139,39004
7139,39005
7139,39006
7139,39007
7139,39008
7139,39009
7139,39010
7139,39011
7139,39012
7139,39013
7139,39014
7139,39015
7139,39016
7139,39017
7139,39018
7139,39019
7139,39020
7139,39021
7139,39022
7139,39023
7139,39024
7139,39025
7139,39026
7139,39027
7139,39028
7139,39029
7139,39030
7139,39031
7139,39032
7139,39033
7139,39034
7139,39035
7139,39036
7139,39037
7139,39038
7139,39039
7139,39040
7139,39041
7139,39042
7139,39043
7139,39044
7139,39045
7139,39046
7139,39047
7139,39048
7139,39049
7139,39050
7139,39051
7139,39052
7139,39053
7139,39054
7139,39055
7139,39056
7139,39057
7139,39058
7139,39059
7139,39060
7139,39061
7139,39062
7139,39063
7139,39064
7139,39065
7139,39066
7139,39067
7139,39068
7139,39069
7139,39070
7139,39071
7139,39072
7139,39073
7139,39074
7139,39075
7139,39076
7139,39077
7139,39078
7139,39079
7139,39080
7139,39081
7139,39082
7140,38983
7140,38984
7140,38985
7140,38986
7140,38987
7140,38988
7140,38989
7140,38990
7140,38991
7140,38992
7140,38993
7140,38994
7140,38995
7140,38996
7140,38997
7140,38998
7140,38999
7140,39000
7140,39001
7140,39002
7140,39003
7140,39004
7140,39005
7140,39006
7140,39007
7140,39008
7140,39009
7140,39010
7140,39011
7140,39012
7140,39013
7140,39014
7140,39015
7140,39016
7140,39017
7140,39018
7140,39019
7140,39020
7140,39021
7140,39022
7140,39023
7140,39024
7140,39025
7140,39026
7140,39027
7140,39028
7140,39029
7140,39030
7140,39031
7140,39032
7140,39033
7140,39034
7140,39035
7140,39036
7140,39037
7140,39038
7140,39039
7140,39040
7140,39041
7140,39042
7140,39043
7140,39044
7140,39045
7140,39046
7140,39047
7140,39048
7140,39049
7140,39050
7140,39051
7140,39052
7140,39053
7140,39054
7140,39055
7140,39056
7140,39057
7140,39058
7140,39059
7140,39060
7140,39061
7140,39062
7140,39063
7140,39064
7140,39065
7140,39066
7140,39067
7140,39068
7140,39069
7140,39070
7140,39071
7140,39072
7140,39073
7140,39074
7140,39075
7140,39076
7140,39077
7140,39078
7140,39079
7140,39080
7140,39081
7141,38982
7141,38983
7141,38984
7141,38985
7141,38986
7141,38987
7141,38988
7141,38989
7141,38990
7141,38991
7141,38992
7141,38993
7141,38994
7141,38995
7141,38996
7141,38997
7141,38998
7141,38999
7141,39000
7141,39001
7141,39002
7141,39003
7141,39004
7141,39005
7141,39006
7141,39007
7141,39008
7141,39009
7141,39010
7141,39011
7141,39012
7141,39013
7141,39014
7141,39015
7141,39016
7141,39017
7141,39018
7141,39019
7141,39020
7141,39021
7141,39022
7141,39023
7141,39024
7141,39025
7141,39026
7141,39027
7141,39028
7141,39029
7141,39030
7141,39031
7141,39032
7141,39033
7141,39034
7141,39035
7141,39036
7141,39037
7141,39038
7141,39039
7141,39040
7141,39041
7141,39042
7141,39043
7141,39044
7141,39045
7141,39046
7141,39047
7141,39048
7141,39049
7141,39050
7141,39051
7141,39052
7141,39053
7141,39054
7141,39055
7141,39056
7141,39057
7141,39058
7141,39059
7141,39060
7141,39061
7141,39062
7141,39063
7141,39064
7141,39065
7141,39066
7141,39067
7141,39068
7141,39069
7141,39070
7141,39071
7141,39072
7141,39073
7141,39074
7141,39075
7141,39076
7141,39077
7141,39078
7141,39079
7141,39080
7141,39081
7141,39082
7142,38981
7142,38982
7142,38983
7142,38984
7142,38985
7142,38986
7142,38987
7142,38988
7142,38989
7142,38990
7142,38991
7142,38992
7142,38993
7142,38994
7142,38995
7142,38996
7142,38997
7142,38998
7142,38999
7142,39000
7142,39001
7142,39002
7142,39003
7142,39004
7142,39005
7142,39006
7142,39007
7142,39008
7142,39009
7142,39010
7142,39011
7142,39012
7142,39013
7142,39014
7142,39015
7142,39016
7142,39017
7142,39018
7142,39019
7142,39020
7142,39021
7142,39022
7142,39023
7142,39024
7142,39025
7142,39026
7142,39027
7142,39028
7142,39029
7142,39030
7142,39031
7142,39032
7142,39033
7142,39034
7142,39035
7142,39036
7142,39037
7142,39038
7142,39039
7142,39040
7142,39041
7142,39042
7142,39043
7142,39044
7142,39045
7142,39046
7142,39047
7142,39048
7142,39049
7142,39050
7142,39051
7142,39052
7142,39053
7142,39054
7142,39055
7142,39056
7142,39057
7142,39058
7142,39059
7142,39060
7142,39061
7142,39062
7142,39063
7142,39064
7142,39065
7142,39066
7142,39067
7142,39068
7142,39069
7142,39070
7142,39071
7142,39072
7142,39073
7142,39074
7142,39075
7142,39076
7142,39077
7142,39078
7142,39079
7142,39080
7142,39081
7142,39082
7143,38979
7143,38980
7143,38981
7143,38982
7143,38983
7143,38984
7143,38985
7143,38986
7143,38987
7143,38988
7143,38989
7143,38990
7143,38991
7143,38992
7143,38993
7143,38994
7143,38995
7143,38996
7143,38997
7143,38998
7143,38999
7143,39000
7143,39001
7143,39002
7143,39003
7143,39004
7143,39005
7143,39006
7143,39007
7143,39008
7143,39009
7143,39010
7143,39011
7143,39012
7143,39013
7143,39014
7143,39015
7143,39016
7143,39017
7143,39018
7143,39019
7143,39020
7143,39021
7143,39022
7143,39023
7143,39024
7143,39025
7143,39026
7143,39027
7143,39028
7143,39029
7143,39030
7143,39031
7143,39032
7143,39033
7143,39034
7143,39035
7143,39036
7143,39037
7143,39038
7143,39039
7143,39040
7143,39041
7143,39042
7143,39043
7143,39044
7143,39045
7143,39046
7143,39047
7143,39048
7143,39049
7143,39050
7143,39051
7143,39052
7143,39053
7143,39054
7143,39055
7143,39056
7143,39057
7143,39058
7143,39059
7143,39060
7143,39061
7143,39062
7143,39063
7143,39064
7143,39065
7143,39066
7143,39067
7143,39068
7143,39069
7143,39070
7143,39071
7143,39072
7143,39073
7143,39074
7143,39075
7143,39076
7143,39077
7143,39078
7143,39079
7143,39080
7143,39081
7143,39082
7143,39083
7144,38978
7144,38979
7144,38980
7144,38981
7144,38982
7144,38983
7144,38984
7144,38985
7144,38986
7144,38987
7144,38988
7144,38989
7144,38990
7144,38991
7144,38992
7144,38993
7144,38994
7144,38995
7144,38996
7144,38997
7144,38998
7144,38999
7144,39000
7144,39001
7144,39002
7144,39003
7144,39004
7144,39005
7144,39006
7144,39007
7144,39008
7144,39009
7144,39010
7144,39011
7144,39012
7144,39013
7144,39014
7144,39015
7144,39016
7144,39017
7144,39018
7144,39019
7144,39020
7144,39021
7144,39022
7144,39023
7144,39024
7144,39025
7144,39026
7144,39027
7144,39028
7144,39029
7144,39030
7144,39031
7144,39032
7144,39033
7144,39034
7144,39035
7144,39036
7144,39037
7144,39038
7144,39039
7144,39040
7144,39041
7144,39042
7144,39043
7144,39044
7144,39045
7144,39046
7144,39047
7144,39048
7144,39049
7144,39050
7144,39051
7144,39052
7144,39053
7144,39054
7144,39055
7144,39056
7144,39057
7144,39058
7144,39059
7144,39060
7144,39061
7144,39062
7144,39063
7144,39064
7144,39065
7144,39066
7144,39067
7144,39068
7144,39069
7144,39070
7144,39071
7144,39072
7144,39073
7144,39074
7144,39075
7144,39076
7144,39077
7144,39078
7144,39079
7144,39080
7144,39081
7144,39082
7144,39083
7145,38967
7145,38968
7145,38977
7145,38978
7145,38979
7145,38980
7145,38981
7145,38982
7145,38983
7145,38984
7145,38985
7145,38986
7145,38987
7145,38988
7145,38989
7145,38990
7145,38991
7145,38992
7145,38993
7145,38994
7145,38995
7145,38996
7145,38997
7145,38998
7145,38999
7145,39000
7145,39001
7145,39002
7145,39003
7145,39004
7145,39005
7145,39006
7145,39007
7145,39008
7145,39009
7145,39010
7145,39011
7145,39012
7145,39013
7145,39014
7145,39015
7145,39016
7145,39017
7145,39018
7145,39019
7145,39020
7145,39021
7145,39022
7145,39023
7145,39024
7145,39025
7145,39026
7145,39027
7145,39028
7145,39029
7145,39030
7145,39031
7145,39032
7145,39033
7145,39034
7145,39035
7145,39036
7145,39037
7145,39038
7145,39039
7145,39040
7145,39041
7145,39042
7145,39043
7145,39044
7145,39045
7145,39046
7145,39047
7145,39048
7145,39049
7145,39050
7145,39051
7145,39052
7145,39053
7145,39054
7145,39055
7145,39056
7145,39057
7145,39058
7145,39059
7145,39060
7145,39061
7145,39062
7145,39063
7145,39064
7145,39065
7145,39066
7145,39067
7145,39068
7145,39069
7145,39070
7145,39071
7145,39072
7145,39073
7145,39074
7145,39075
7145,39076
7145,39077
7145,39078
7145,39079
7145,39080
7145,39081
7145,39082
7145,39083
7146,38965
7146,38966
7146,38967
7146,38968
7146,38969
7146,38970
7146,38976
7146,38977
7146,38978
7146,38979
7146,38980
7146,38981
7146,38982
7146,38983
7146,38984
7146,38985
7146,38986
7146,38987
7146,38988
7146,38989
7146,38990
7146,38991
7146,38992
7146,38993
7146,38994
7146,38995
7146,38996
7146,38997
7146,38998
7146,38999
7146,39000
7146,39001
7146,39002
7146,39003
7146,39004
7146,39005
7146,39006
7146,39007
7146,39008
7146,39009
7146,39010
7146,39011
7146,39012
7146,39013
7146,39014
7146,39015
7146,39016
7146,39017
7146,39018
7146,39019
7146,39020
7146,39021
7146,39022
7146,39023
7146,39024
7146,39025
7146,39026
7146,39027
7146,39028
7146,39029
7146,39030
7146,39031
7146,39032
7146,39033
7146,39034
7146,39035
7146,39036
7146,39037
7146,39038
7146,39039
7146,39040
7146,39041
7146,39042
7146,39043
7146,39044
7146,39045
7146,39046
7146,39047
7146,39048
7146,39049
7146,39050
7146,39051
7146,39052
7146,39053
7146,39054
7146,39055
7146,39056
7146,39057
7146,39058
7146,39059
7146,39060
7146,39061
7146,39062
7146,39063
7146,39064
7146,39065
7146,39066
7146,39067
7146,39068
7146,39069
7146,39070
7146,39071
7146,39072
7146,39073
7146,39074
7146,39075
7146,39076
7146,39077
7146,39078
7146,39079
7146,39080
7146,39081
7146,39082
7146,39083
7146,39084
7147,38964
7147,38965
7147,38966
7147,38967
7147,38968
7147,38969
7147,38970
7147,38971
7147,38975
7147,38976
7147,38977
7147,38978
7147,38979
7147,38980
7147,38981
7147,38982
7147,38983
7147,38984
7147,38985
7147,38986
7147,38987
7147,38988
7147,38989
7147,38990
7147,38991
7147,38992
7147,38993
7147,38994
7147,38995
7147,38996
7147,38997
7147,38998
7147,38999
7147,39000
7147,39001
7147,39002
7147,39003
7147,39004
7147,39005
7147,39006
7147,39007
7147,39008
7147,39009
7147,39010
7147,39011
7147,39012
7147,39013
7147,39014
7147,39015
7147,39016
7147,39017
7147,39018
7147,39019
7147,39020
7147,39021
7147,39022
7147,39023
7147,39024
7147,39025
7147,39026
7147,39027
7147,39028
7147,39029
7147,39030
7147,39031
7147,39032
7147,39033
7147,39034
7147,39035
7147,39036
7147,39037
7147,39038
7147,39039
7147,39040
7147,39041
7147,39042
7147,39043
7147,39044
7147,39045
7147,39046
7147,39047
7147,39048
7147,39049
7147,39050
7147,39051
7147,39052
7147,39053
7147,39054
7147,39055
7147,39056
7147,39057
7147,39058
7147,39059
7147,39060
7147,39061
7147,39062
7147,39063
7147,39064
7147,39065
7147,39066
7147,39067
7147,39068
7147,39069
7147,39070
7147,39071
7147,39072
7147,39073
7147,39074
7147,39075
7147,39076
7147,39077
7147,39078
7147,39079
7147,39080
7147,39081
7147,39082
7147,39083
7147,39084
7148,38963
7148,38964
7148,38965
7148,38966
7148,38967
7148,38968
7148,38969
7148,38970
7148,38971
7148,38972
7148,38975
7148,38976
7148,38977
7148,38978
7148,38979
7148,38980
7148,38981
7148,38982
7148,38983
7148,38984
7148,38985
7148,38986
7148,38987
7148,38988
7148,38989
7148,38990
7148,38991
7148,38992
7148,38993
7148,38994
7148,38995
7148,38996
7148,38997
7148,38998
7148,38999
7148,39000
7148,39001
7148,39002
7148,39003
7148,39004
7148,39005
7148,39006
7148,39007
7148,39008
7148,39009
7148,39010
7148,39011
7148,39012
7148,39013
7148,39014
7148,39015
7148,39016
7148,39017
7148,39018
7148,39019
7148,39020
7148,39021
7148,39022
7148,39023
7148,39024
7148,39025
7148,39026
7148,39027
7148,39028
7148,39029
7148,39030
7148,39031
7148,39032
7148,39033
7148,39034
7148,39035
7148,39036
7148,39037
7148,39038
7148,39039
7148,39040
7148,39041
7148,39042
7148,39043
7148,39044
7148,39045
7148,39046
7148,39047
7148,39048
7148,39049
7148,39050
7148,39051
7148,39052
7148,39053
7148,39054
7148,39055
7148,39056
7148,39057
7148,39058
7148,39059
7148,39060
7148,39061
7148,39062
7148,39063
7148,39064
7148,39065
7148,39066
7148,39067
7148,39068
7148,39069
7148,39070
7148,39071
7148,39072
7148,39073
7148,39074
7148,39075
7148,39076
7148,39077
7148,39078
7148,39079
7148,39080
7148,39081
7148,39082
7148,39083
7148,39084
7149,38963
7149,38964
7149,38965
7149,38966
7149,38967
7149,38968
7149,38969
7149,38970
7149,38971
7149,38972
7149,38975
7149,38976
7149,38977
7149,38978
7149,38979
7149,38980
7149,38981
7149,38982
7149,38983
7149,38984
7149,38985
7149,38986
7149,38987
7149,38988
7149,38989
7149,38990
7149,38991
7149,38992
7149,38993
7149,38994
7149,38995
7149,38996
7149,38997
7149,38998
7149,38999
7149,39000
7149,39001
7149,39002
7149,39003
7149,39004
7149,39005
7149,39006
7149,39007
7149,39008
7149,39009
7149,39010
7149,39011
7149,39012
7149,39013
7149,39014
7149,39015
7149,39016
7149,39017
7149,39018
7149,39019
7149,39020
7149,39021
7149,39022
7149,39023
7149,39024
7149,39025
7149,39026
7149,39027
7149,39028
7149,39029
7149,39030
7149,39031
7149,39032
7149,39033
7149,39034
7149,39035
7149,39036
7149,39037
7149,39038
7149,39039
7149,39040
7149,39041
7149,39042
7149,39043
7149,39044
7149,39045
7149,39046
7149,39047
7149,39048
7149,39049
7149,39050
7149,39051
7149,39052
7149,39053
7149,39054
7149,39055
7149,39056
7149,39057
7149,39058
7149,39059
7149,39060
7149,39061
7149,39062
7149,39063
7149,39064
7149,39065
7149,39066
7149,39067
7149,39068
7149,39069
7149,39070
7149,39071
7149,39072
7149,39073
7149,39074
7149,39075
7149,39076
7149,39077
7149,39078
7149,39079
7149,39080
7149,39081
7149,39082
7149,39083
7149,39084
7150,38962
7150,38963
7150,38964
7150,38965
7150,38966
7150,38967
7150,38968
7150,38969
7150,38970
7150,38971
7150,38972
7150,38973
7150,38974
7150,38975
7150,38976
7150,38977
7150,38978
7150,38979
7150,38980
7150,38981
7150,38982
7150,38983
7150,38984
7150,38985
7150,38986
7150,38987
7150,38988
7150,38989
7150,38990
7150,38991
7150,38992
7150,38993
7150,38994
7150,38995
7150,38996
7150,38997
7150,38998
7150,38999
7150,39000
7150,39001
7150,39002
7150,39003
7150,39004
7150,39005
7150,39006
7150,39007
7150,39008
7150,39009
7150,39010
7150,39011
7150,39012
7150,39013
7150,39014
7150,39015
7150,39016
7150,39017
7150,39018
7150,39019
7150,39020
7150,39021
7150,39022
7150,39023
7150,39024
7150,39025
7150,39026
7150,39027
7150,39028
7150,39029
7150,39030
7150,39031
7150,39032
7150,39033
7150,39034
7150,39035
7150,39036
7150,39037
7150,39038
7150,39039
7150,39040
7150,39041
7150,39042
7150,39043
7150,39044
7150,39045
7150,39046
7150,39047
7150,39048
7150,39049
7150,39050
7150,39051
7150,39052
7150,39053
7150,39054
7150,39055
7150,39056
7150,39057
7150,39058
7150,39059
7150,39060
7150,39061
7150,39062
7150,39063
7150,39064
7150,39065
7150,39066
7150,39067
7150,39068
7150,39069
7150,39070
7150,39071
7150,39072
7150,39073
7150,39074
7150,39075
7150,39076
7150,39077
7150,39078
7150,39079
7150,39080
7150,39081
7150,39082
7150,39083
7150,39084
7150,39085
7151,38963
7151,38964
7151,38965
7151,38966
7151,38967
7151,38968
7151,38969
7151,38970
7151,38971
7151,38972
7151,38975
7151,38976
7151,38977
7151,38978
7151,38979
7151,38980
7151,38981
7151,38982
7151,38983
7151,38984
7151,38985
7151,38986
7151,38987
7151,38988
7151,38989
7151,38990
7151,38991
7151,38992
7151,38993
7151,38994
7151,38995
7151,38996
7151,38997
7151,38998
7151,38999
7151,39000
7151,39001
7151,39002
7151,39003
7151,39004
7151,39005
7151,39006
7151,39007
7151,39008
7151,39009
7151,39010
7151,39011
7151,39012
7151,39013
7151,39014
7151,39015
7151,39016
7151,39017
7151,39018
7151,39019
7151,39020
7151,39021
7151,39022
7151,39023
7151,39024
7151,39025
7151,39026
7151,39027
7151,39028
7151,39029
7151,39030
7151,39031
7151,39032
7151,39033
7151,39034
7151,39035
7151,39036
7151,39037
7151,39038
7151,39039
7151,39040
7151,39041
7151,39042
7151,39043
7151,39044
7151,39045
7151,39046
7151,39047
7151,39048
7151,39049
7151,39050
7151,39051
7151,39052
7151,39053
7151,39054
7151,39055
7151,39056
7151,39057
7151,39058
7151,39059
7151,39060
7151,39061
7151,39062
7151,39063
7151,39064
7151,39065
7151,39066
7151,39067
7151,39068
7151,39069
7151,39070
7151,39071
7151,39072
7151,39073
7151,39074
7151,39075
7151,39076
7151,39077
7151,39078
7151,39079
7151,39080
7151,39081
7151,39082
7151,39083
7151,39084
7151,39085
7152,38963
7152,38964
7152,38965
7152,38966
7152,38967
7152,38968
7152,38969
7152,38970
7152,38971
7152,38972
7152,38975
7152,38976
7152,38977
7152,38978
7152,38979
7152,38980
7152,38981
7152,38982
7152,38983
7152,38984
7152,38985
7152,38986
7152,38987
7152,38988
7152,38989
7152,38990
7152,38991
7152,38992
7152,38993
7152,38994
7152,38995
7152,38996
7152,38997
7152,38998
7152,38999
7152,39000
7152,39001
7152,39002
7152,39003
7152,39004
7152,39005
7152,39006
7152,39007
7152,39008
7152,39009
7152,39010
7152,39011
7152,39012
7152,39013
7152,39014
7152,39015
7152,39016
7152,39017
7152,39018
7152,39019
7152,39020
7152,39021
7152,39022
7152,39023
7152,39024
7152,39025
7152,39026
7152,39027
7152,39028
7152,39029
7152,39030
7152,39031
7152,39032
7152,39033
7152,39034
7152,39035
7152,39036
7152,39037
7152,39038
7152,39039
7152,39040
7152,39041
7152,39042
7152,39043
7152,39044
7152,39045
7152,39046
7152,39047
7152,39048
7152,39049
7152,39050
7152,39051
7152,39052
7152,39053
7152,39054
7152,39055
7152,39056
7152,39057
7152,39058
7152,39059
7152,39060
7152,39061
7152,39062
7152,39063
7152,39064
7152,39065
7152,39066
7152,39067
7152,39068
7152,39069
7152,39070
7152,39071
7152,39072
7152,39073
7152,39074
7152,39075
7152,39076
7152,39077
7152,39078
7152,39079
7152,39080
7152,39081
7152,39082
7152,39083
7152,39084
7153,38964
7153,38965
7153,38966
7153,38967
7153,38968
7153,38969
7153,38970
7153,38971
7153,38975
7153,38976
7153,38977
7153,38978
7153,38979
7153,38980
7153,38981
7153,38982
7153,38983
7153,38984
7153,38985
7153,38986
7153,38987
7153,38988
7153,38989
7153,38990
7153,38991
7153,38992
7153,38993
7153,38994
7153,38995
7153,38996
7153,38997
7153,38998
7153,38999
7153,39000
7153,39001
7153,39002
7153,39003
7153,39004
7153,39005
7153,39006
7153,39007
7153,39008
7153,39009
7153,39010
7153,39011
7153,39012
7153,39013
7153,39014
7153,39015
7153,39016
7153,39017
7153,39018
7153,39019
7153,39020
7153,39021
7153,39022
7153,39023
7153,39024
7153,39025
7153,39026
7153,39027
7153,39028
7153,39029
7153,39030
7153,39031
7153,39032
7153,39033
7153,39034
7153,39035
7153,39036
7153,39037
7153,39038
7153,39039
7153,39040
7153,39041
7153,39042
7153,39043
7153,39044
7153,39045
7153,39046
7153,39047
7153,39048
7153,39049
7153,39050
7153,39051
7153,39052
7153,39053
7153,39054
7153,39055
7153,39056
7153,39057
7153,39058
7153,39059
7153,39060
7153,39061
7153,39062
7153,39063
7153,39064
7153,39065
7153,39066
7153,39067
7153,39068
7153,39069
7153,39070
7153,39071
7153,39072
7153,39073
7153,39074
7153,39075
7153,39076
7153,39077
7153,39078
7153,39079
7153,39080
7153,39081
7153,39082
7153,39083
7153,39084
7154,38965
7154,38966
7154,38967
7154,38968
7154,38969
7154,38970
7154,38976
7154,38977
7154,38978
7154,38979
7154,38980
7154,38981
7154,38982
7154,38983
7154,38984
7154,38985
7154,38986
7154,38987
7154,38988
7154,38989
7154,38990
7154,38991
7154,38992
7154,38993
7154,38994
7154,38995
7154,38996
7154,38997
7154,38998
7154,38999
7154,39000
7154,39001
7154,39002
7154,39003
7154,39004
7154,39005
7154,39006
7154,39007
7154,39008
7154,39009
7154,39010
7154,39011
7154,39012
7154,39013
7154,39014
7154,39015
7154,39016
7154,39017
7154,39018
7154,39019
7154,39020
7154,39021
7154,39022
7154,39023
7154,39024
7154,39025
7154,39026
7154,39027
7154,39028
7154,39029
7154,39030
7154,39031
7154,39032
7154,39033
7154,39034
7154,39035
7154,39036
7154,39037
7154,39038
7154,39039
7154,39040
7154,39041
7154,39042
7154,39043
7154,39044
7154,39045
7154,39046
7154,39047
7154,39048
7154,39049
7154,39050
7154,39051
7154,39052
7154,39053
7154,39054
7154,39055
7154,39056
7154,39057
7154,39058
7154,39059
7154,39060
7154,39061
7154,39062
7154,39063
7154,39064
7154,39065
7154,39066
7154,39067
7154,39068
7154,39069
7154,39070
7154,39071
7154,39072
7154,39073
7154,39074
7154,39075
7154,39076
7154,39077
7154,39078
7154,39079
7154,39080
7154,39081
7154,39082
7154,39083
7154,39084
7155,38967
7155,38968
7155,38976
7155,38977
7155,38978
7155,38979
7155,38980
7155,38981
7155,38982
7155,38983
7155,38984
7155,38985
7155,38986
7155,38987
7155,38988
7155,38989
7155,38990
7155,38991
7155,38992
7155,38993
7155,38994
7155,38995
7155,38996
7155,38997
7155,38998
7155,38999
7155,39000
7155,39001
7155,39002
7155,39003
7155,39004
7155,39005
7155,39006
7155,39007
7155,39008
7155,39009
7155,39010
7155,39011
7155,39012
7155,39013
7155,39014
7155,39015
7155,39016
7155,39017
7155,39018
7155,39019
7155,39020
7155,39021
7155,39022
7155,39023
7155,39024
7155,39025
7155,39026
7155,39027
7155,39028
7155,39029
7155,39030
7155,39031
7155,39032
7155,39033
7155,39034
7155,39035
7155,39036
7155,39037
7155,39038
7155,39039
7155,39040
7155,39041
7155,39042
7155,39043
7155,39044
7155,39045
7155,39046
7155,39047
7155,39048
7155,39049
7155,39050
7155,39051
7155,39052
7155,39053
7155,39054
7155,39055
7155,39056
7155,39057
7155,39058
7155,39059
7155,39060
7155,39061
7155,39062
7155,39063
7155,39064
7155,39065
7155,39066
7155,39067
7155,39068
7155,39069
7155,39070
7155,39071
7155,39072
7155,39073
7155,39074
7155,39075
7155,39076
7155,39077
7155,39078
7155,39079
7155,39080
7155,39081
7155,39082
7155,39083
7155,39084
7155,39085
7156,38976
7156,38977
7156,38978
7156,38979
7156,38980
7156,38981
7156,38982
7156,38983
7156,38984
7156,38985
7156,38986
7156,38987
7156,38988
7156,38989
7156,38990
7156,38991
7156,38992
7156,38993
7156,38994
7156,38995
7156,38996
7156,38997
7156,38998
7156,38999
7156,39000
7156,39001
7156,39002
7156,39003
7156,39004
7156,39005
7156,39006
7156,39007
7156,39008
7156,39009
7156,39010
7156,39011
7156,39012
7156,39013
7156,39014
7156,39015
7156,39016
7156,39017
7156,39018
7156,39019
7156,39020
7156,39021
7156,39022
7156,39023
7156,39024
7156,39025
7156,39026
7156,39027
7156,39028
7156,39029
7156,39030
7156,39031
7156,39032
7156,39033
7156,39034
7156,39035
7156,39036
7156,39037
7156,39038
7156,39039
7156,39040
7156,39041
7156,39042
7156,39043
7156,39044
7156,39045
7156,39046
7156,39047
7156,39048
7156,39049
7156,39050
7156,39051
7156,39052
7156,39053
7156,39054
7156,39055
7156,39056
7156,39057
7156,39058
7156,39059
7156,39060
7156,39061
7156,39062
7156,39063
7156,39064
7156,39065
7156,39066
7156,39067
7156,39068
7156,39069
7156,39070
7156,39071
7156,39072
7156,39073
7156,39074
7156,39075
7156,39076
7156,39077
7156,39078
7156,39079
7156,39080
7156,39081
7156,39082
7156,39083
7156,39084
7156,39085
7156,39086
7157,38975
7157,38976
7157,38977
7157,38978
7157,38979
7157,38980
7157,38981
7157,38982
7157,38983
7157,38984
7157,38985
7157,38986
7157,38987
7157,38988
7157,38989
7157,38990
7157,38991
7157,38992
7157,38993
7157,38994
7157,38995
7157,38996
7157,38997
7157,38998
7157,38999
7157,39000
7157,39001
7157,39002
7157,39003
7157,39004
7157,39005
7157,39006
7157,39007
7157,39008
7157,39009
7157,39010
7157,39011
7157,39012
7157,39013
7157,39014
7157,39015
7157,39016
7157,39017
7157,39018
7157,39019
7157,39020
7157,39021
7157,39022
7157,39023
7157,39024
7157,39025
7157,39026
7157,39027
7157,39028
7157,39029
7157,39030
7157,39031
7157,39032
7157,39033
7157,39034
7157,39035
7157,39036
7157,39037
7157,39038
7157,39039
7157,39040
7157,39041
7157,39042
7157,39043
7157,39044
7157,39045
7157,39046
7157,39047
7157,39048
7157,39049
7157,39050
7157,39051
7157,39052
7157,39053
7157,39054
7157,39055
7157,39056
7157,39057
7157,39058
7157,39059
7157,39060
7157,39061
7157,39062
7157,39063
7157,39064
7157,39065
7157,39066
7157,39067
7157,39068
7157,39069
7157,39070
7157,39071
7157,39072
7157,39073
7157,39074
7157,39075
7157,39076
7157,39077
7157,39078
7157,39079
7157,39080
7157,39081
7157,39082
7157,39083
7157,39084
7157,39085
7157,39086
7158,38975
7158,38976
7158,38977
7158,38978
7158,38979
7158,38980
7158,38981
7158,38982
7158,38983
7158,38984
7158,38985
7158,38986
7158,38987
7158,38988
7158,38989
7158,38990
7158,38991
7158,38992
7158,38993
7158,38994
7158,38995
7158,38996
7158,38997
7158,38998
7158,38999
7158,39000
7158,39001
7158,39002
7158,39003
7158,39004
7158,39005
7158,39006
7158,39007
7158,39008
7158,39009
7158,39010
7158,39011
7158,39012
7158,39013
7158,39014
7158,39015
7158,39016
7158,39017
7158,39018
7158,39019
7158,39020
7158,39021
7158,39022
7158,39023
7158,39024
7158,39025
7158,39026
7158,39027
7158,39028
7158,39029
7158,39030
7158,39031
7158,39032
7158,39033
7158,39034
7158,39035
7158,39036
7158,39037
7158,39038
7158,39039
7158,39040
7158,39041
7158,39042
7158,39043
7158,39044
7158,39045
7158,39046
7158,39047
7158,39048
7158,39049
7158,39050
7158,39051
7158,39052
7158,39053
7158,39054
7158,39055
7158,39056
7158,39057
7158,39058
7158,39059
7158,39060
7158,39061
7158,39062
7158,39063
7158,39064
7158,39065
7158,39066
7158,39067
7158,39068
7158,39069
7158,39070
7158,39071
7158,39072
7158,39073
7158,39074
7158,39075
7158,39076
7158,39077
7158,39078
7158,39079
7158,39080
7158,39081
7158,39082
7158,39083
7158,39084
7158,39085
7158,39086
7159,38975
7159,38976
7159,38977
7159,38978
7159,38979
7159,38980
7159,38981
7159,38982
7159,38983
7159,38984
7159,38985
7159,38986
7159,38987
7159,38988
7159,38989
7159,38990
7159,38991
7159,38992
7159,38993
7159,38994
7159,38995
7159,38996
7159,38997
7159,38998
7159,38999
7159,39000
7159,39001
7159,39002
7159,39003
7159,39004
7159,39005
7159,39006
7159,39007
7159,39008
7159,39009
7159,39010
7159,39011
7159,39012
7159,39013
7159,39014
7159,39015
7159,39016
7159,39017
7159,39018
7159,39019
7159,39020
7159,39021
7159,39022
7159,39023
7159,39024
7159,39025
7159,39026
7159,39027
7159,39028
7159,39029
7159,39030
7159,39031
7159,39032
7159,39033
7159,39034
7159,39035
7159,39036
7159,39037
7159,39038
7159,39039
7159,39040
7159,39041
7159,39042
7159,39043
7159,39044
7159,39045
7159,39046
7159,39047
7159,39048
7159,39049
7159,39050
7159,39051
7159,39052
7159,39053
7159,39054
7159,39055
7159,39056
7159,39057
7159,39058
7159,39059
7159,39060
7159,39061
7159,39062
7159,39063
7159,39064
7159,39065
7159,39066
7159,39067
7159,39068
7159,39069
7159,39070
7159,39071
7159,39072
7159,39073
7159,39074
7159,39075
7159,39076
7159,39077
7159,39078
7159,39079
7159,39080
7159,39081
7159,39082
7159,39083
7159,39084
7159,39085
7159,39086
7159,39087
7160,38974
7160,38975
7160,38976
7160,38977
7160,38978
7160,38979
7160,38980
7160,38981
7160,38982
7160,38983
7160,38984
7160,38985
7160,38986
7160,38987
7160,38988
7160,38989
7160,38990
7160,38991
7160,38992
7160,38993
7160,38994
7160,38995
7160,38996
7160,38997
7160,38998
7160,38999
7160,39000
7160,39001
7160,39002
7160,39003
7160,39004
7160,39005
7160,39006
7160,39007
7160,39008
7160,39009
7160,39010
7160,39011
7160,39012
7160,39013
7160,39014
7160,39015
7160,39016
7160,39017
7160,39018
7160,39019
7160,39020
7160,39021
7160,39022
7160,39023
7160,39024
7160,39025
7160,39026
7160,39027
7160,39028
7160,39029
7160,39030
7160,39031
7160,39032
7160,39033
7160,39034
7160,39035
7160,39036
7160,39037
7160,39038
7160,39039
7160,39040
7160,39041
7160,39042
7160,39043
7160,39044
7160,39045
7160,39046
7160,39047
7160,39048
7160,39049
7160,39050
7160,39051
7160,39052
7160,39053
7160,39054
7160,39055
7160,39056
7160,39057
7160,39058
7160,39059
7160,39060
7160,39061
7160,39062
7160,39063
7160,39064
7160,39065
7160,39066
7160,39067
7160,39068
7160,39069
7160,39070
7160,39071
7160,39072
7160,39073
7160,39074
7160,39075
7160,39076
7160,39077
7160,39078
7160,39079
7160,39080
7160,39081
7160,39082
7160,39083
7160,39084
7160,39085
7160,39086
7160,39087
7161,38975
7161,38976
7161,38977
7161,38978
7161,38979
7161,38980
7161,38981
7161,38982
7161,38983
7161,38984
7161,38985
7161,38986
7161,38987
7161,38988
7161,38989
7161,38990
7161,38991
7161,38992
7161,38993
7161,38994
7161,38995
7161,38996
7161,38997
7161,38998
7161,38999
7161,39000
7161,39001
7161,39002
7161,39003
7161,39004
7161,39005
7161,39006
7161,39007
7161,39008
7161,39009
7161,39010
7161,39011
7161,39012
7161,39013
7161,39014
7161,39015
7161,39016
7161,39017
7161,39018
7161,39019
7161,39020
7161,39021
7161,39022
7161,39023
7161,39024
7161,39025
7161,39026
7161,39027
7161,39028
7161,39029
7161,39030
7161,39031
7161,39032
7161,39033
7161,39034
7161,39035
7161,39036
7161,39037
7161,39038
7161,39039
7161,39040
7161,39041
7161,39042
7161,39043
7161,39044
7161,39045
7161,39046
7161,39047
7161,39048
7161,39049
7161,39050
7161,39051
7161,39052
7161,39053
7161,39054
7161,39055
7161,39056
7161,39057
7161,39058
7161,39059
7161,39060
7161,39061
7161,39062
7161,39063
7161,39064
7161,39065
7161,39066
7161,39067
7161,39068
7161,39069
7161,39070
7161,39071
7161,39072
7161,39073
7161,39074
7161,39075
7161,39076
7161,39077
7161,39078
7161,39079
7161,39080
7161,39081
7161,39082
7161,39083
7161,39084
7161,39085
7161,39086
7161,39087
7161,39088
7162,38945
7162,38946
7162,38947
7162,38948
7162,38949
7162,38950
7162,38951
7162,38952
7162,38953
7162,38975
7162,38976
7162,38977
7162,38978
7162,38979
7162,38980
7162,38981
7162,38982
7162,38983
7162,38984
7162,38985
7162,38986
7162,38987
7162,38988
7162,38989
7162,38990
7162,38991
7162,38992
7162,38993
7162,38994
7162,38995
7162,38996
7162,38997
7162,38998
7162,38999
7162,39000
7162,39001
7162,39002
7162,39003
7162,39004
7162,39005
7162,39006
7162,39007
7162,39008
7162,39009
7162,39010
7162,39011
7162,39012
7162,39013
7162,39014
7162,39015
7162,39016
7162,39017
7162,39018
7162,39019
7162,39020
7162,39021
7162,39022
7162,39023
7162,39024
7162,39025
7162,39026
7162,39027
7162,39028
7162,39029
7162,39030
7162,39031
7162,39032
7162,39033
7162,39034
7162,39035
7162,39036
7162,39037
7162,39038
7162,39039
7162,39040
7162,39041
7162,39042
7162,39043
7162,39044
7162,39045
7162,39046
7162,39047
7162,39048
7162,39049
7162,39050
7162,39051
7162,39052
7162,39053
7162,39054
7162,39055
7162,39056
7162,39057
7162,39058
7162,39059
7162,39060
7162,39061
7162,39062
7162,39063
7162,39064
7162,39065
7162,39066
7162,39067
7162,39068
7162,39069
7162,39070
7162,39071
7162,39072
7162,39073
7162,39074
7162,39075
7162,39076
7162,39077
7162,39078
7162,39079
7162,39080
7162,39081
7162,39082
7162,39083
7162,39084
7162,39085
7162,39086
7162,39087
7162,39088
7163,38942
7163,38943
7163,38944
7163,38945
7163,38946
7163,38947
7163,38948
7163,38949
7163,38950
7163,38951
7163,38952
7163,38953
7163,38954
7163,38955
7163,38956
7163,38975
7163,38976
7163,38977
7163,38978
7163,38979
7163,38980
7163,38981
7163,38982
7163,38983
7163,38984
7163,38985
7163,38986
7163,38987
7163,38988
7163,38989
7163,38990
7163,38991
7163,38992
7163,38993
7163,38994
7163,38995
7163,38996
7163,38997
7163,38998
7163,38999
7163,39000
7163,39001
7163,39002
7163,39003
7163,39004
7163,39005
7163,39006
7163,39007
7163,39008
7163,39009
7163,39010
7163,39011
7163,39012
7163,39013
7163,39014
7163,39015
7163,39016
7163,39017
7163,39018
7163,39019
7163,39020
7163,39021
7163,39022
7163,39023
7163,39024
7163,39025
7163,39026
7163,39027
7163,39028
7163,39029
7163,39030
7163,39031
7163,39032
7163,39033
7163,39034
7163,39035
7163,39036
7163,39037
7163,39038
7163,39039
7163,39040
7163,39041
7163,39042
7163,39043
7163,39044
7163,39045
7163,39046
7163,39047
7163,39048
7163,39049
7163,39050
7163,39051
7163,39052
7163,39053
7163,39054
7163,39055
7163,39056
7163,39057
7163,39058
7163,39059
7163,39060
7163,39061
7163,39062
7163,39063
7163,39064
7163,39065
7163,39066
7163,39067
7163,39068
7163,39069
7163,39070
7163,39071
7163,39072
7163,39073
7163,39074
7163,39075
7163,39076
7163,39077
7163,39078
7163,39079
7163,39080
7163,39081
7163,39082
7163,39083
7163,39084
7163,39085
7163,39086
7163,39087
7163,39088
7164,38940
7164,38941
7164,38942
7164,38943
7164,38944
7164,38945
7164,38946
7164,38947
7164,38948
7164,38949
7164,38950
7164,38951
7164,38952
7164,38953
7164,38954
7164,38955
7164,38956
7164,38957
7164,38958
7164,38959
7164,38960
7164,38961
7164,38962
7164,38963
7164,38964
7164,38976
7164,38977
7164,38978
7164,38979
7164,38980
7164,38981
7164,38982
7164,38983
7164,38984
7164,38985
7164,38986
7164,38987
7164,38988
7164,38989
7164,38990
7164,38991
7164,38992
7164,38993
7164,38994
7164,38995
7164,38996
7164,38997
7164,38998
7164,38999
7164,39000
7164,39001
7164,39002
7164,39003
7164,39004
7164,39005
7164,39006
7164,39007
7164,39008
7164,39009
7164,39010
7164,39011
7164,39012
7164,39013
7164,39014
7164,39015
7164,39016
7164,39017
7164,39018
7164,39019
7164,39020
7164,39021
7164,39022
7164,39023
7164,39024
7164,39025
7164,39026
7164,39027
7164,39028
7164,39029
7164,39030
7164,39031
7164,39032
7164,39033
7164,39034
7164,39035
7164,39036
7164,39037
7164,39038
7164,39039
7164,39040
7164,39041
7164,39042
7164,39043
7164,39044
7164,39045
7164,39046
7164,39047
7164,39048
7164,39049
7164,39050
7164,39051
7164,39052
7164,39053
7164,39054
7164,39055
7164,39056
7164,39057
7164,39058
7164,39059
7164,39060
7164,39061
7164,39062
7164,39063
7164,39064
7164,39065
7164,39066
7164,39067
7164,39068
7164,39069
7164,39070
7164,39071
7164,39072
7164,39073
7164,39074
7164,39075
7164,39076
7164,39077
7164,39078
7164,39079
7164,39080
7164,39081
7164,39082
7164,39083
7164,39084
7164,39085
7164,39086
7164,39087
7164,39088
7164,39089
7165,38939
7165,38940
7165,38941
7165,38942
7165,38943
7165,38944
7165,38945
7165,38946
7165,38947
7165,38948
7165,38949
7165,38950
7165,38951
7165,38952
7165,38953
7165,38954
7165,38955
7165,38956
7165,38957
7165,38958
7165,38959
7165,38960
7165,38961
7165,38962
7165,38963
7165,38964
7165,38965
7165,38966
7165,38967
7165,38977
7165,38978
7165,38979
7165,38980
7165,38981
7165,38982
7165,38983
7165,38984
7165,38985
7165,38986
7165,38987
7165,38988
7165,38989
7165,38990
7165,38991
7165,38992
7165,38993
7165,38994
7165,38995
7165,38996
7165,38997
7165,38998
7165,38999
7165,39000
7165,39001
7165,39002
7165,39003
7165,39004
7165,39005
7165,39006
7165,39007
7165,39008
7165,39009
7165,39010
7165,39011
7165,39012
7165,39013
7165,39014
7165,39015
7165,39016
7165,39017
7165,39018
7165,39019
7165,39020
7165,39021
7165,39022
7165,39023
7165,39024
7165,39025
7165,39026
7165,39027
7165,39028
7165,39029
7165,39030
7165,39031
7165,39032
7165,39033
7165,39034
7165,39035
7165,39036
7165,39037
7165,39038
7165,39039
7165,39040
7165,39041
7165,39042
7165,39043
7165,39044
7165,39045
7165,39046
7165,39047
7165,39048
7165,39049
7165,39050
7165,39051
7165,39052
7165,39053
7165,39054
7165,39055
7165,39056
7165,39057
7165,39058
7165,39059
7165,39060
7165,39061
7165,39062
7165,39063
7165,39064
7165,39065
7165,39066
7165,39067
7165,39068
7165,39069
7165,39070
7165,39071
7165,39072
7165,39073
7165,39074
7165,39075
7165,39076
7165,39077
7165,39078
7165,39079
7165,39080
7165,39081
7165,39082
7165,39083
7165,39084
7165,39085
7165,39086
7165,39087
7165,39088
7165,39089
7166,38938
7166,38939
7166,38940
7166,38941
7166,38942
7166,38943
7166,38944
7166,38945
7166,38946
7166,38947
7166,38948
7166,38949
7166,38950
7166,38951
7166,38952
7166,38953
7166,38954
7166,38955
7166,38956
7166,38957
7166,38958
7166,38959
7166,38960
7166,38961
7166,38962
7166,38963
7166,38964
7166,38965
7166,38966
7166,38967
7166,38968
7166,38979
7166,38980
7166,38981
7166,38982
7166,38983
7166,38984
7166,38985
7166,38986
7166,38987
7166,38988
7166,38989
7166,38990
7166,38991
7166,38992
7166,38993
7166,38994
7166,38995
7166,38996
7166,38997
7166,38998
7166,38999
7166,39000
7166,39001
7166,39002
7166,39003
7166,39004
7166,39005
7166,39006
7166,39007
7166,39008
7166,39009
7166,39010
7166,39011
7166,39012
7166,39013
7166,39014
7166,39015
7166,39016
7166,39017
7166,39018
7166,39019
7166,39020
7166,39021
7166,39022
7166,39023
7166,39024
7166,39025
7166,39026
7166,39027
7166,39028
7166,39029
7166,39030
7166,39031
7166,39032
7166,39033
7166,39034
7166,39035
7166,39036
7166,39037
7166,39038
7166,39039
7166,39040
7166,39041
7166,39042
7166,39043
7166,39044
7166,39045
7166,39046
7166,39047
7166,39048
7166,39049
7166,39050
7166,39051
7166,39052
7166,39053
7166,39054
7166,39055
7166,39056
7166,39057
7166,39058
7166,39059
7166,39060
7166,39061
7166,39062
7166,39063
7166,39064
7166,39065
7166,39066
7166,39067
7166,39068
7166,39069
7166,39070
7166,39071
7166,39072
7166,39073
7166,39074
7166,39075
7166,39076
7166,39077
7166,39078
7166,39079
7166,39080
7166,39081
7166,39082
7166,39083
7166,39084
7166,39085
7166,39086
7166,39087
7166,39088
7166,39089
7167,38938
7167,38939
7167,38940
7167,38941
7167,38942
7167,38943
7167,38944
7167,38945
7167,38946
7167,38947
7167,38948
7167,38949
7167,38950
7167,38951
7167,38952
7167,38953
7167,38954
7167,38955
7167,38956
7167,38957
7167,38958
7167,38959
7167,38960
7167,38961
7167,38962
7167,38963
7167,38964
7167,38965
7167,38966
7167,38967
7167,38968
7167,38969
7167,38970
7167,38980
7167,38981
7167,38982
7167,38983
7167,38984
7167,38985
7167,38986
7167,38987
7167,38988
7167,38989
7167,38990
7167,38991
7167,38992
7167,38993
7167,38994
7167,38995
7167,38996
7167,38997
7167,38998
7167,38999
7167,39000
7167,39001
7167,39002
7167,39003
7167,39004
7167,39005
7167,39006
7167,39007
7167,39008
7167,39009
7167,39010
7167,39011
7167,39012
7167,39013
7167,39014
7167,39015
7167,39016
7167,39017
7167,39018
7167,39019
7167,39020
7167,39021
7167,39022
7167,39023
7167,39024
7167,39025
7167,39026
7167,39027
7167,39028
7167,39029
7167,39030
7167,39031
7167,39032
7167,39033
7167,39034
7167,39035
7167,39036
7167,39037
7167,39038
7167,39039
7167,39040
7167,39041
7167,39042
7167,39043
7167,39044
7167,39045
7167,39046
7167,39047
7167,39048
7167,39049
7167,39050
7167,39051
7167,39052
7167,39053
7167,39054
7167,39055
7167,39056
7167,39057
7167,39058
7167,39059
7167,39060
7167,39061
7167,39062
7167,39063
7167,39064
7167,39065
7167,39066
7167,39067
7167,39068
7167,39069
7167,39070
7167,39071
7167,39072
7167,39073
7167,39074
7167,39075
7167,39076
7167,39077
7167,39078
7167,39079
7167,39080
7167,39081
7167,39082
7167,39083
7167,39084
7167,39085
7167,39086
7167,39087
7167,39088
7168,38937
7168,38938
7168,38939
7168,38940
7168,38941
7168,38942
7168,38943
7168,38944
7168,38945
7168,38946
7168,38947
7168,38948
7168,38949
7168,38950
7168,38951
7168,38952
7168,38953
7168,38954
7168,38955
7168,38956
7168,38957
7168,38958
7168,38959
7168,38960
7168,38961
7168,38962
7168,38963
7168,38964
7168,38965
7168,38966
7168,38967
7168,38968
7168,38969
7168,38970
7168,38971
7168,38980
7168,38981
7168,38982
7168,38983
7168,38984
7168,38985
7168,38986
7168,38987
7168,38988
7168,38989
7168,38990
7168,38991
7168,38992
7168,38993
7168,38994
7168,38995
7168,38996
7168,38997
7168,38998
7168,38999
7168,39000
7168,39001
7168,39002
7168,39003
7168,39004
7168,39005
7168,39006
7168,39007
7168,39008
7168,39009
7168,39010
7168,39011
7168,39012
7168,39013
7168,39014
7168,39015
7168,39016
7168,39017
7168,39018
7168,39019
7168,39020
7168,39021
7168,39022
7168,39023
7168,39024
7168,39025
7168,39026
7168,39027
7168,39028
7168,39029
7168,39030
7168,39031
7168,39032
7168,39033
7168,39034
7168,39035
7168,39036
7168,39037
7168,39038
7168,39039
7168,39040
7168,39041
7168,39042
7168,39043
7168,39044
7168,39045
7168,39046
7168,39047
7168,39048
7168,39049
7168,39050
7168,39051
7168,39052
7168,39053
7168,39054
7168,39055
7168,39056
7168,39057
7168,39058
7168,39059
7168,39060
7168,39061
7168,39062
7168,39063
7168,39064
7168,39065
7168,39066
7168,39067
7168,39068
7168,39069
7168,39070
7168,39071
7168,39072
7168,39073
7168,39074
7168,39075
7168,39076
7168,39077
7168,39078
7168,39079
7168,39080
7168,39081
7168,39082
7168,39083
7168,39084
7168,39085
7168,39086
7168,39087
7168,39088
7168,39090
7168,39091
7168,39092
7168,39093
7169,38938
7169,38939
7169,38940
7169,38941
7169,38942
7169,38943
7169,38944
7169,38945
7169,38946
7169,38947
7169,38948
7169,38949
7169,38950
7169,38951
7169,38952
7169,38953
7169,38954
7169,38955
7169,38956
7169,38957
7169,38958
7169,38959
7169,38960
7169,38961
7169,38962
7169,38963
7169,38964
7169,38965
7169,38966
7169,38967
7169,38968
7169,38969
7169,38970
7169,38971
7169,38972
7169,38980
7169,38981
7169,38982
7169,38983
7169,38984
7169,38985
7169,38986
7169,38987
7169,38988
7169,38989
7169,38990
7169,38991
7169,38992
7169,38993
7169,38994
7169,38995
7169,38996
7169,38997
7169,38998
7169,38999
7169,39000
7169,39001
7169,39002
7169,39003
7169,39004
7169,39005
7169,39006
7169,39007
7169,39008
7169,39009
7169,39010
7169,39011
7169,39012
7169,39013
7169,39014
7169,39015
7169,39016
7169,39017
7169,39018
7169,39019
7169,39020
7169,39021
7169,39022
7169,39023
7169,39024
7169,39025
7169,39026
7169,39027
7169,39028
7169,39029
7169,39030
7169,39031
7169,39032
7169,39033
7169,39034
7169,39035
7169,39036
7169,39037
7169,39038
7169,39039
7169,39040
7169,39041
7169,39042
7169,39043
7169,39044
7169,39045
7169,39046
7169,39047
7169,39048
7169,39049
7169,39050
7169,39051
7169,39052
7169,39053
7169,39054
7169,39055
7169,39056
7169,39057
7169,39058
7169,39059
7169,39060
7169,39061
7169,39062
7169,39063
7169,39064
7169,39065
7169,39066
7169,39067
7169,39068
7169,39069
7169,39070
7169,39071
7169,39072
7169,39073
7169,39074
7169,39075
7169,39076
7169,39077
7169,39078
7169,39079
7169,39080
7169,39081
7169,39082
7169,39083
7169,39084
7169,39085
7169,39086
7169,39087
7169,39088
7169,39089
7169,39090
7169,39091
7169,39092
7169,39093
7169,39094
7169,39095
7169,39096
7170,38938
7170,38939
7170,38940
7170,38941
7170,38942
7170,38943
7170,38944
7170,38945
7170,38946
7170,38947
7170,38948
7170,38949
7170,38950
7170,38951
7170,38952
7170,38953
7170,38954
7170,38955
7170,38956
7170,38957
7170,38958
7170,38959
7170,38960
7170,38961
7170,38962
7170,38963
7170,38964
7170,38965
7170,38966
7170,38967
7170,38968
7170,38969
7170,38970
7170,38971
7170,38972
7170,38980
7170,38981
7170,38982
7170,38983
7170,38984
7170,38985
7170,38986
7170,38987
7170,38988
7170,38989
7170,38990
7170,38991
7170,38992
7170,38993
7170,38994
7170,38995
7170,38996
7170,38997
7170,38998
7170,38999
7170,39000
7170,39001
7170,39002
7170,39003
7170,39004
7170,39005
7170,39006
7170,39007
7170,39008
7170,39009
7170,39010
7170,39011
7170,39012
7170,39013
7170,39014
7170,39015
7170,39016
7170,39017
7170,39018
7170,39019
7170,39020
7170,39021
7170,39022
7170,39023
7170,39024
7170,39025
7170,39026
7170,39027
7170,39028
7170,39029
7170,39030
7170,39031
7170,39032
7170,39033
7170,39034
7170,39035
7170,39036
7170,39037
7170,39038
7170,39039
7170,39040
7170,39041
7170,39042
7170,39043
7170,39044
7170,39045
7170,39046
7170,39047
7170,39048
7170,39049
7170,39050
7170,39051
7170,39052
7170,39053
7170,39054
7170,39055
7170,39056
7170,39057
7170,39058
7170,39059
7170,39060
7170,39061
7170,39062
7170,39063
7170,39064
7170,39065
7170,39066
7170,39067
7170,39068
7170,39069
7170,39070
7170,39071
7170,39072
7170,39073
7170,39074
7170,39075
7170,39076
7170,39077
7170,39078
7170,39079
7170,39080
7170,39081
7170,39082
7170,39083
7170,39084
7170,39085
7170,39086
7170,39087
7170,39088
7170,39089
7170,39090
7170,39091
7170,39092
7170,39093
7170,39094
7170,39095
7170,39096
7170,39097
7171,38938
7171,38939
7171,38940
7171,38941
7171,38942
7171,38943
7171,38944
7171,38945
7171,38946
7171,38947
7171,38948
7171,38949
7171,38950
7171,38951
7171,38952
7171,38953
7171,38954
7171,38955
7171,38956
7171,38957
7171,38958
7171,38959
7171,38960
7171,38961
7171,38962
7171,38963
7171,38964
7171,38965
7171,38966
7171,38967
7171,38968
7171,38969
7171,38970
7171,38971
7171,38972
7171,38973
7171,38980
7171,38981
7171,38982
7171,38983
7171,38984
7171,38985
7171,38986
7171,38987
7171,38988
7171,38989
7171,38990
7171,38991
7171,38992
7171,38993
7171,38994
7171,38995
7171,38996
7171,38997
7171,38998
7171,38999
7171,39000
7171,39001
7171,39002
7171,39003
7171,39004
7171,39005
7171,39006
7171,39007
7171,39008
7171,39009
7171,39010
7171,39011
7171,39012
7171,39013
7171,39014
7171,39015
7171,39016
7171,39017
7171,39018
7171,39019
7171,39020
7171,39021
7171,39022
7171,39023
7171,39024
7171,39025
7171,39026
7171,39027
7171,39028
7171,39029
7171,39030
7171,39031
7171,39032
7171,39033
7171,39034
7171,39035
7171,39036
7171,39037
7171,39038
7171,39039
7171,39040
7171,39041
7171,39042
7171,39043
7171,39044
7171,39045
7171,39046
7171,39047
7171,39048
7171,39049
7171,39050
7171,39051
7171,39052
7171,39053
7171,39054
7171,39055
7171,39056
7171,39057
7171,39058
7171,39059
7171,39060
7171,39061
7171,39062
7171,39063
7171,39064
7171,39065
7171,39066
7171,39067
7171,39068
7171,39069
7171,39070
7171,39071
7171,39072
7171,39073
7171,39074
7171,39075
7171,39076
7171,39077
7171,39078
7171,39079
7171,39080
7171,39081
7171,39082
7171,39083
7171,39084
7171,39085
7171,39086
7171,39087
7171,39088
7171,39089
7171,39090
7171,39091
7171,39092
7171,39093
7171,39094
7171,39095
7171,39096
7171,39097
7171,39098
7172,38938
7172,38939
7172,38940
7172,38941
7172,38942
7172,38943
7172,38944
7172,38945
7172,38946
7172,38947
7172,38948
7172,38949
7172,38950
7172,38951
7172,38952
7172,38953
7172,38954
7172,38955
7172,38956
7172,38957
7172,38958
7172,38959
7172,38960
7172,38961
7172,38962
7172,38963
7172,38964
7172,38965
7172,38966
7172,38967
7172,38968
7172,38969
7172,38970
7172,38971
7172,38972
7172,38973
7172,38974
7172,38975
7172,38976
7172,38981
7172,38982
7172,38983
7172,38984
7172,38985
7172,38986
7172,38987
7172,38988
7172,38989
7172,38990
7172,38991
7172,38992
7172,38993
7172,38994
7172,38995
7172,38996
7172,38997
7172,38998
7172,38999
7172,39000
7172,39001
7172,39002
7172,39003
7172,39004
7172,39005
7172,39006
7172,39007
7172,39008
7172,39009
7172,39010
7172,39011
7172,39012
7172,39013
7172,39014
7172,39015
7172,39016
7172,39017
7172,39018
7172,39019
7172,39020
7172,39021
7172,39022
7172,39023
7172,39024
7172,39025
7172,39026
7172,39027
7172,39028
7172,39029
7172,39030
7172,39031
7172,39032
7172,39033
7172,39034
7172,39035
7172,39036
7172,39037
7172,39038
7172,39039
7172,39040
7172,39041
7172,39042
7172,39043
7172,39044
7172,39045
7172,39046
7172,39047
7172,39048
7172,39049
7172,39050
7172,39051
7172,39052
7172,39053
7172,39054
7172,39055
7172,39056
7172,39057
7172,39058
7172,39059
7172,39060
7172,39061
7172,39062
7172,39063
7172,39064
7172,39065
7172,39066
7172,39067
7172,39068
7172,39069
7172,39070
7172,39071
7172,39072
7172,39073
7172,39074
7172,39075
7172,39076
7172,39077
7172,39078
7172,39079
7172,39080
7172,39081
7172,39082
7172,39083
7172,39084
7172,39085
7172,39086
7172,39087
7172,39088
7172,39089
7172,39090
7172,39091
7172,39092
7172,39093
7172,39094
7172,39095
7172,39096
7172,39097
7172,39098
7172,39099
7173,38938
7173,38939
7173,38940
7173,38941
7173,38942
7173,38943
7173,38944
7173,38945
7173,38946
7173,38947
7173,38948
7173,38949
7173,38950
7173,38951
7173,38952
7173,38953
7173,38954
7173,38955
7173,38956
7173,38957
7173,38958
7173,38959
7173,38960
7173,38961
7173,38962
7173,38963
7173,38964
7173,38965
7173,38966
7173,38967
7173,38968
7173,38969
7173,38970
7173,38971
7173,38972
7173,38973
7173,38974
7173,38975
7173,38976
7173,38977
7173,38978
7173,38979
7173,38981
7173,38982
7173,38983
7173,38984
7173,38985
7173,38986
7173,38987
7173,38988
7173,38989
7173,38990
7173,38991
7173,38992
7173,38993
7173,38994
7173,38995
7173,38996
7173,38997
7173,38998
7173,38999
7173,39000
7173,39001
7173,39002
7173,39003
7173,39004
7173,39005
7173,39006
7173,39007
7173,39008
7173,39009
7173,39010
7173,39011
7173,39012
7173,39013
7173,39014
7173,39015
7173,39016
7173,39017
7173,39018
7173,39019
7173,39020
7173,39021
7173,39022
7173,39023
7173,39024
7173,39025
7173,39026
7173,39027
7173,39028
7173,39029
7173,39030
7173,39031
7173,39032
7173,39033
7173,39034
7173,39035
7173,39036
7173,39037
7173,39038
7173,39039
7173,39040
7173,39041
7173,39042
7173,39043
7173,39044
7173,39045
7173,39046
7173,39047
7173,39048
7173,39049
7173,39050
7173,39051
7173,39052
7173,39053
7173,39054
7173,39055
7173,39056
7173,39057
7173,39058
7173,39059
7173,39060
7173,39061
7173,39062
7173,39063
7173,39064
7173,39065
7173,39066
7173,39067
7173,39068
7173,39069
7173,39070
7173,39071
7173,39072
7173,39073
7173,39074
7173,39075
7173,39076
7173,39077
7173,39078
7173,39079
7173,39080
7173,39081
7173,39082
7173,39083
7173,39084
7173,39085
7173,39086
7173,39087
7173,39088
7173,39089
7173,39090
7173,39091
7173,39092
7173,39093
7173,39094
7173,39095
7173,39096
7173,39097
7173,39098
7173,39099
7173,39100
7174,38937
7174,38938
7174,38939
7174,38940
7174,38941
7174,38942
7174,38943
7174,38944
7174,38945
7174,38946
7174,38947
7174,38948
7174,38949
7174,38950
7174,38951
7174,38952
7174,38953
7174,38954
7174,38955
7174,38956
7174,38957
7174,38958
7174,38959
7174,38960
7174,38961
7174,38962
7174,38963
7174,38964
7174,38965
7174,38966
7174,38967
7174,38968
7174,38969
7174,38970
7174,38971
7174,38972
7174,38973
7174,38974
7174,38975
7174,38976
7174,38977
7174,38978
7174,38979
7174,38980
7174,38981
7174,38982
7174,38983
7174,38984
7174,38985
7174,38986
7174,38987
7174,38988
7174,38989
7174,38990
7174,38991
7174,38992
7174,38993
7174,38994
7174,38995
7174,38996
7174,38997
7174,38998
7174,38999
7174,39000
7174,39001
7174,39002
7174,39003
7174,39004
7174,39005
7174,39006
7174,39007
7174,39008
7174,39009
7174,39010
7174,39011
7174,39012
7174,39013
7174,39014
7174,39015
7174,39016
7174,39017
7174,39018
7174,39019
7174,39020
7174,39021
7174,39022
7174,39023
7174,39024
7174,39025
7174,39026
7174,39027
7174,39028
7174,39029
7174,39030
7174,39031
7174,39032
7174,39033
7174,39034
7174,39035
7174,39036
7174,39037
7174,39038
7174,39039
7174,39040
7174,39041
7174,39042
7174,39043
7174,39044
7174,39045
7174,39046
7174,39047
7174,39048
7174,39049
7174,39050
7174,39051
7174,39052
7174,39053
7174,39054
7174,39055
7174,39056
7174,39057
7174,39058
7174,39059
7174,39060
7174,39061
7174,39062
7174,39063
7174,39064
7174,39065
7174,39066
7174,39067
7174,39068
7174,39069
7174,39070
7174,39071
7174,39072
7174,39073
7174,39074
7174,39075
7174,39076
7174,39077
7174,39078
7174,39079
7174,39080
7174,39081
7174,39082
7174,39083
7174,39084
7174,39085
7174,39086
7174,39087
7174,39088
7174,39089
7174,39090
7174,39091
7174,39092
7174,39093
7174,39094
7174,39095
7174,39096
7174,39097
7174,39098
7174,39099
7174,39100
7174,39101
7175,38938
7175,38939
7175,38940
7175,38941
7175,38942
7175,38943
7175,38944
7175,38945
7175,38946
7175,38947
7175,38948
7175,38949
7175,38950
7175,38951
7175,38952
7175,38953
7175,38954
7175,38955
7175,38956
7175,38957
7175,38958
7175,38959
7175,38960
7175,38961
7175,38962
7175,38963
7175,38964
7175,38965
7175,38966
7175,38967
7175,38968
7175,38969
7175,38970
7175,38971
7175,38972
7175,38973
7175,38974
7175,38975
7175,38976
7175,38977
7175,38978
7175,38979
7175,38980
7175,38981
7175,38982
7175,38983
7175,38984
7175,38985
7175,38986
7175,38987
7175,38988
7175,38989
7175,38990
7175,38991
7175,38992
7175,38993
7175,38994
7175,38995
7175,38996
7175,38997
7175,38998
7175,38999
7175,39000
7175,39001
7175,39002
7175,39003
7175,39004
7175,39005
7175,39006
7175,39007
7175,39008
7175,39009
7175,39010
7175,39011
7175,39012
7175,39013
7175,39014
7175,39015
7175,39016
7175,39017
7175,39018
7175,39019
7175,39020
7175,39021
7175,39022
7175,39023
7175,39024
7175,39025
7175,39026
7175,39027
7175,39028
7175,39029
7175,39030
7175,39031
7175,39032
7175,39033
7175,39034
7175,39035
7175,39036
7175,39037
7175,39038
7175,39039
7175,39040
7175,39041
7175,39042
7175,39043
7175,39044
7175,39045
7175,39046
7175,39047
7175,39048
7175,39049
7175,39050
7175,39051
7175,39052
7175,39053
7175,39054
7175,39055
7175,39056
7175,39057
7175,39058
7175,39059
7175,39060
7175,39061
7175,39062
7175,39063
7175,39064
7175,39065
7175,39066
7175,39067
7175,39068
7175,39069
7175,39070
7175,39071
7175,39072
7175,39073
7175,39074
7175,39075
7175,39076
7175,39077
7175,39078
7175,39079
7175,39080
7175,39081
7175,39082
7175,39083
7175,39084
7175,39085
7175,39086
7175,39087
7175,39088
7175,39089
7175,39090
7175,39091
7175,39092
7175,39093
7175,39094
7175,39095
7175,39096
7175,39097
7175,39098
7175,39099
7175,39100
7175,39101
7175,39102
7176,38938
7176,38939
7176,38940
7176,38941
7176,38942
7176,38943
7176,38944
7176,38945
7176,38946
7176,38947
7176,38948
7176,38949
7176,38950
7176,38951
7176,38952
7176,38953
7176,38954
7176,38955
7176,38956
7176,38957
7176,38958
7176,38959
7176,38960
7176,38961
7176,38962
7176,38963
7176,38964
7176,38965
7176,38966
7176,38967
7176,38968
7176,38969
7176,38970
7176,38971
7176,38972
7176,38973
7176,38974
7176,38975
7176,38976
7176,38977
7176,38978
7176,38979
7176,38980
7176,38981
7176,38982
7176,38983
7176,38984
7176,38985
7176,38986
7176,38987
7176,38988
7176,38989
7176,38990
7176,38991
7176,38992
7176,38993
7176,38994
7176,38995
7176,38996
7176,38997
7176,38998
7176,38999
7176,39000
7176,39001
7176,39002
7176,39003
7176,39004
7176,39005
7176,39006
7176,39007
7176,39008
7176,39009
7176,39010
7176,39011
7176,39012
7176,39013
7176,39014
7176,39015
7176,39016
7176,39017
7176,39018
7176,39019
7176,39020
7176,39021
7176,39022
7176,39023
7176,39024
7176,39025
7176,39026
7176,39027
7176,39028
7176,39029
7176,39030
7176,39031
7176,39032
7176,39033
7176,39034
7176,39035
7176,39036
7176,39037
7176,39038
7176,39039
7176,39040
7176,39041
7176,39042
7176,39043
7176,39044
7176,39045
7176,39046
7176,39047
7176,39048
7176,39049
7176,39050
7176,39051
7176,39052
7176,39053
7176,39054
7176,39055
7176,39056
7176,39057
7176,39058
7176,39059
7176,39060
7176,39061
7176,39062
7176,39063
7176,39064
7176,39065
7176,39066
7176,39067
7176,39068
7176,39069
7176,39070
7176,39071
7176,39072
7176,39073
7176,39074
7176,39075
7176,39076
7176,39077
7176,39078
7176,39079
7176,39080
7176,39081
7176,39082
7176,39083
7176,39084
7176,39085
7176,39086
7176,39087
7176,39088
7176,39089
7176,39090
7176,39091
7176,39092
7176,39093
7176,39094
7176,39095
7176,39096
7176,39097
7176,39098
7176,39099
7176,39100
7176,39101
7176,39102
7177,38938
7177,38939
7177,38940
7177,38941
7177,38942
7177,38943
7177,38944
7177,38945
7177,38946
7177,38947
7177,38948
7177,38949
7177,38950
7177,38951
7177,38952
7177,38953
7177,38954
7177,38955
7177,38956
7177,38957
7177,38958
7177,38959
7177,38960
7177,38961
7177,38962
7177,38963
7177,38964
7177,38965
7177,38966
7177,38967
7177,38968
7177,38969
7177,38970
7177,38971
7177,38972
7177,38973
7177,38974
7177,38975
7177,38976
7177,38977
7177,38978
7177,38979
7177,38980
7177,38981
7177,38982
7177,38983
7177,38984
7177,38985
7177,38986
7177,38987
7177,38988
7177,38989
7177,38990
7177,38991
7177,38992
7177,38993
7177,38994
7177,38995
7177,38996
7177,38997
7177,38998
7177,38999
7177,39000
7177,39001
7177,39002
7177,39003
7177,39004
7177,39005
7177,39006
7177,39007
7177,39008
7177,39009
7177,39010
7177,39011
7177,39012
7177,39013
7177,39014
7177,39015
7177,39016
7177,39017
7177,39018
7177,39019
7177,39020
7177,39021
7177,39022
7177,39023
7177,39024
7177,39025
7177,39026
7177,39027
7177,39028
7177,39029
7177,39030
7177,39031
7177,39032
7177,39033
7177,39034
7177,39035
7177,39036
7177,39037
7177,39038
7177,39039
7177,39040
7177,39041
7177,39042
7177,39043
7177,39044
7177,39045
7177,39046
7177,39047
7177,39048
7177,39049
7177,39050
7177,39051
7177,39052
7177,39053
7177,39054
7177,39055
7177,39056
7177,39057
7177,39058
7177,39059
7177,39060
7177,39061
7177,39062
7177,39063
7177,39064
7177,39065
7177,39066
7177,39067
7177,39068
7177,39069
7177,39070
7177,39071
7177,39072
7177,39073
7177,39074
7177,39075
7177,39076
7177,39077
7177,39078
7177,39079
7177,39080
7177,39081
7177,39082
7177,39083
7177,39084
7177,39085
7177,39086
7177,39087
7177,39088
7177,39089
7177,39090
7177,39091
7177,39092
7177,39093
7177,39094
7177,39095
7177,39096
7177,39097
7177,39098
7177,39099
7177,39100
7177,39101
7177,39102
7178,38939
7178,38940
7178,38941
7178,38942
7178,38943
7178,38944
7178,38945
7178,38946
7178,38947
7178,38948
7178,38949
7178,38950
7178,38951
7178,38952
7178,38953
7178,38954
7178,38955
7178,38956
7178,38957
7178,38958
7178,38959
7178,38960
7178,38961
7178,38962
7178,38963
7178,38964
7178,38965
7178,38966
7178,38967
7178,38968
7178,38969
7178,38970
7178,38971
7178,38972
7178,38973
7178,38974
7178,38975
7178,38976
7178,38977
7178,38978
7178,38979
7178,38980
7178,38981
7178,38982
7178,38983
7178,38984
7178,38985
7178,38986
7178,38987
7178,38988
7178,38989
7178,38990
7178,38991
7178,38992
7178,38993
7178,38994
7178,38995
7178,38996
7178,38997
7178,38998
7178,38999
7178,39000
7178,39001
7178,39002
7178,39003
7178,39004
7178,39005
7178,39006
7178,39007
7178,39008
7178,39009
7178,39010
7178,39011
7178,39012
7178,39013
7178,39014
7178,39015
7178,39016
7178,39017
7178,39018
7178,39019
7178,39020
7178,39021
7178,39022
7178,39023
7178,39024
7178,39025
7178,39026
7178,39027
7178,39028
7178,39029
7178,39030
7178,39031
7178,39032
7178,39033
7178,39034
7178,39035
7178,39036
7178,39037
7178,39038
7178,39039
7178,39040
7178,39041
7178,39042
7178,39043
7178,39044
7178,39045
7178,39046
7178,39047
7178,39048
7178,39049
7178,39050
7178,39051
7178,39052
7178,39053
7178,39054
7178,39055
7178,39056
7178,39057
7178,39058
7178,39059
7178,39060
7178,39061
7178,39062
7178,39063
7178,39064
7178,39065
7178,39066
7178,39067
7178,39068
7178,39069
7178,39070
7178,39071
7178,39072
7178,39073
7178,39074
7178,39075
7178,39076
7178,39077
7178,39078
7178,39079
7178,39080
7178,39081
7178,39082
7178,39083
7178,39084
7178,39085
7178,39086
7178,39087
7178,39088
7178,39089
7178,39090
7178,39091
7178,39092
7178,39093
7178,39094
7178,39095
7178,39096
7178,39097
7178,39098
7178,39099
7178,39100
7178,39101
7178,39102
7178,39103
7179,38939
7179,38940
7179,38941
7179,38942
7179,38943
7179,38944
7179,38945
7179,38946
7179,38947
7179,38948
7179,38949
7179,38950
7179,38951
7179,38952
7179,38953
7179,38954
7179,38955
7179,38956
7179,38957
7179,38958
7179,38959
7179,38960
7179,38961
7179,38962
7179,38963
7179,38964
7179,38965
7179,38966
7179,38967
7179,38968
7179,38969
7179,38970
7179,38971
7179,38972
7179,38973
7179,38974
7179,38975
7179,38976
7179,38977
7179,38978
7179,38979
7179,38980
7179,38981
7179,38982
7179,38983
7179,38987
7179,38989
7179,38990
7179,38991
7179,38992
7179,38993
7179,38994
7179,38995
7179,38996
7179,38997
7179,38998
7179,38999
7179,39000
7179,39001
7179,39002
7179,39003
7179,39004
7179,39005
7179,39006
7179,39007
7179,39008
7179,39009
7179,39010
7179,39011
7179,39012
7179,39013
7179,39014
7179,39015
7179,39016
7179,39017
7179,39018
7179,39019
7179,39020
7179,39021
7179,39022
7179,39023
7179,39024
7179,39025
7179,39026
7179,39027
7179,39028
7179,39029
7179,39030
7179,39031
7179,39032
7179,39033
7179,39034
7179,39035
7179,39036
7179,39037
7179,39038
7179,39039
7179,39040
7179,39041
7179,39042
7179,39043
7179,39044
7179,39045
7179,39046
7179,39047
7179,39048
7179,39049
7179,39050
7179,39051
7179,39052
7179,39053
7179,39054
7179,39055
7179,39056
7179,39057
7179,39058
7179,39059
7179,39060
7179,39061
7179,39062
7179,39063
7179,39064
7179,39065
7179,39066
7179,39067
7179,39068
7179,39069
7179,39070
7179,39071
7179,39072
7179,39073
7179,39074
7179,39075
7179,39076
7179,39077
7179,39078
7179,39079
7179,39080
7179,39081
7179,39082
7179,39083
7179,39084
7179,39085
7179,39086
7179,39087
7179,39088
7179,39089
7179,39090
7179,39091
7179,39092
7179,39093
7179,39094
7179,39095
7179,39096
7179,39097
7179,39098
7179,39099
7179,39100
7179,39101
7179,39102
7179,39103
7180,38940
7180,38941
7180,38942
7180,38943
7180,38944
7180,38945
7180,38946
7180,38947
7180,38948
7180,38949
7180,38950
7180,38951
7180,38952
7180,38953
7180,38954
7180,38955
7180,38956
7180,38957
7180,38958
7180,38959
7180,38960
7180,38961
7180,38962
7180,38963
7180,38964
7180,38965
7180,38966
7180,38967
7180,38968
7180,38969
7180,38970
7180,38971
7180,38972
7180,38973
7180,38974
7180,38975
7180,38976
7180,38977
7180,38978
7180,38979
7180,38980
7180,38981
7180,38982
7180,38983
7180,38989
7180,38990
7180,38991
7180,38992
7180,38993
7180,38994
7180,38995
7180,38996
7180,38997
7180,38998
7180,38999
7180,39000
7180,39001
7180,39002
7180,39003
7180,39004
7180,39005
7180,39006
7180,39007
7180,39008
7180,39009
7180,39010
7180,39011
7180,39012
7180,39013
7180,39014
7180,39015
7180,39016
7180,39017
7180,39018
7180,39019
7180,39020
7180,39021
7180,39022
7180,39023
7180,39024
7180,39025
7180,39026
7180,39027
7180,39028
7180,39029
7180,39030
7180,39031
7180,39032
7180,39033
7180,39034
7180,39035
7180,39036
7180,39037
7180,39038
7180,39039
7180,39040
7180,39041
7180,39042
7180,39043
7180,39044
7180,39045
7180,39046
7180,39047
7180,39048
7180,39049
7180,39050
7180,39051
7180,39052
7180,39053
7180,39054
7180,39055
7180,39056
7180,39057
7180,39058
7180,39059
7180,39060
7180,39061
7180,39062
7180,39063
7180,39064
7180,39065
7180,39066
7180,39067
7180,39068
7180,39069
7180,39070
7180,39071
7180,39072
7180,39073
7180,39074
7180,39075
7180,39076
7180,39077
7180,39078
7180,39079
7180,39080
7180,39081
7180,39082
7180,39083
7180,39084
7180,39085
7180,39086
7180,39087
7180,39088
7180,39089
7180,39090
7180,39091
7180,39092
7180,39093
7180,39094
7180,39095
7180,39096
7180,39097
7180,39098
7180,39099
7180,39100
7180,39101
7180,39102
7180,39103
7180,39104
7181,38940
7181,38941
7181,38942
7181,38943
7181,38944
7181,38945
7181,38946
7181,38947
7181,38948
7181,38949
7181,38950
7181,38951
7181,38952
7181,38953
7181,38954
7181,38955
7181,38956
7181,38957
7181,38958
7181,38959
7181,38960
7181,38961
7181,38962
7181,38963
7181,38964
7181,38965
7181,38966
7181,38967
7181,38968
7181,38969
7181,38970
7181,38971
7181,38972
7181,38973
7181,38974
7181,38975
7181,38976
7181,38977
7181,38978
7181,38979
7181,38980
7181,38981
7181,38982
7181,38983
7181,38989
7181,38990
7181,38991
7181,38992
7181,38993
7181,38994
7181,38995
7181,38996
7181,38997
7181,38998
7181,38999
7181,39000
7181,39001
7181,39002
7181,39003
7181,39004
7181,39005
7181,39006
7181,39007
7181,39008
7181,39009
7181,39010
7181,39011
7181,39012
7181,39013
7181,39014
7181,39015
7181,39016
7181,39017
7181,39018
7181,39019
7181,39020
7181,39021
7181,39022
7181,39023
7181,39024
7181,39025
7181,39026
7181,39027
7181,39028
7181,39029
7181,39030
7181,39031
7181,39032
7181,39033
7181,39034
7181,39035
7181,39036
7181,39037
7181,39038
7181,39039
7181,39040
7181,39041
7181,39042
7181,39043
7181,39044
7181,39045
7181,39046
7181,39047
7181,39048
7181,39049
7181,39050
7181,39051
7181,39052
7181,39053
7181,39054
7181,39055
7181,39056
7181,39057
7181,39058
7181,39059
7181,39060
7181,39061
7181,39062
7181,39063
7181,39064
7181,39065
7181,39066
7181,39067
7181,39068
7181,39069
7181,39070
7181,39071
7181,39072
7181,39073
7181,39074
7181,39075
7181,39076
7181,39077
7181,39078
7181,39079
7181,39080
7181,39081
7181,39082
7181,39083
7181,39084
7181,39085
7181,39086
7181,39087
7181,39088
7181,39089
7181,39090
7181,39091
7181,39092
7181,39093
7181,39094
7181,39095
7181,39096
7181,39097
7181,39098
7181,39099
7181,39100
7181,39101
7181,39102
7181,39103
7181,39104
7182,38940
7182,38941
7182,38942
7182,38943
7182,38944
7182,38945
7182,38946
7182,38947
7182,38948
7182,38949
7182,38950
7182,38951
7182,38952
7182,38953
7182,38954
7182,38955
7182,38956
7182,38957
7182,38958
7182,38959
7182,38960
7182,38961
7182,38962
7182,38963
7182,38964
7182,38965
7182,38966
7182,38967
7182,38968
7182,38969
7182,38970
7182,38971
7182,38972
7182,38973
7182,38974
7182,38975
7182,38976
7182,38977
7182,38978
7182,38979
7182,38980
7182,38981
7182,38982
7182,38983
7182,38984
7182,38990
7182,38991
7182,38992
7182,38993
7182,38994
7182,38995
7182,38996
7182,38997
7182,38998
7182,38999
7182,39000
7182,39001
7182,39002
7182,39003
7182,39004
7182,39005
7182,39006
7182,39007
7182,39008
7182,39009
7182,39010
7182,39011
7182,39012
7182,39013
7182,39014
7182,39015
7182,39016
7182,39017
7182,39018
7182,39019
7182,39020
7182,39021
7182,39022
7182,39023
7182,39024
7182,39025
7182,39026
7182,39027
7182,39028
7182,39029
7182,39030
7182,39031
7182,39032
7182,39033
7182,39034
7182,39035
7182,39036
7182,39037
7182,39038
7182,39039
7182,39040
7182,39041
7182,39042
7182,39043
7182,39044
7182,39045
7182,39046
7182,39047
7182,39048
7182,39049
7182,39050
7182,39051
7182,39052
7182,39053
7182,39054
7182,39055
7182,39056
7182,39057
7182,39058
7182,39059
7182,39060
7182,39061
7182,39062
7182,39063
7182,39064
7182,39065
7182,39066
7182,39067
7182,39068
7182,39069
7182,39070
7182,39071
7182,39072
7182,39073
7182,39074
7182,39075
7182,39076
7182,39077
7182,39078
7182,39079
7182,39080
7182,39081
7182,39082
7182,39083
7182,39084
7182,39085
7182,39086
7182,39087
7182,39088
7182,39089
7182,39090
7182,39091
7182,39092
7182,39093
7182,39094
7182,39095
7182,39096
7182,39097
7182,39098
7182,39099
7182,39100
7182,39101
7182,39102
7182,39103
7182,39104
7183,38941
7183,38942
7183,38943
7183,38944
7183,38945
7183,38946
7183,38947
7183,38948
7183,38949
7183,38950
7183,38951
7183,38952
7183,38953
7183,38954
7183,38955
7183,38956
7183,38957
7183,38958
7183,38959
7183,38960
7183,38961
7183,38962
7183,38963
7183,38964
7183,38965
7183,38966
7183,38967
7183,38968
7183,38969
7183,38970
7183,38971
7183,38972
7183,38973
7183,38974
7183,38975
7183,38976
7183,38977
7183,38978
7183,38979
7183,38980
7183,38981
7183,38982
7183,38983
7183,38984
7183,38990
7183,38991
7183,38992
7183,38993
7183,38994
7183,38995
7183,38996
7183,38997
7183,38998
7183,38999
7183,39000
7183,39001
7183,39002
7183,39003
7183,39004
7183,39005
7183,39006
7183,39007
7183,39008
7183,39009
7183,39010
7183,39011
7183,39012
7183,39013
7183,39014
7183,39015
7183,39016
7183,39017
7183,39018
7183,39019
7183,39020
7183,39021
7183,39022
7183,39023
7183,39024
7183,39025
7183,39026
7183,39027
7183,39028
7183,39029
7183,39030
7183,39031
7183,39032
7183,39033
7183,39034
7183,39035
7183,39036
7183,39037
7183,39038
7183,39039
7183,39040
7183,39041
7183,39042
7183,39043
7183,39044
7183,39045
7183,39046
7183,39047
7183,39048
7183,39049
7183,39050
7183,39051
7183,39052
7183,39053
7183,39054
7183,39055
7183,39056
7183,39057
7183,39058
7183,39059
7183,39060
7183,39061
7183,39062
7183,39063
7183,39064
7183,39065
7183,39066
7183,39067
7183,39068
7183,39069
7183,39070
7183,39071
7183,39072
7183,39073
7183,39074
7183,39075
7183,39076
7183,39077
7183,39078
7183,39079
7183,39080
7183,39081
7183,39082
7183,39083
7183,39084
7183,39085
7183,39086
7183,39087
7183,39088
7183,39089
7183,39090
7183,39091
7183,39092
7183,39093
7183,39094
7183,39095
7183,39096
7183,39097
7183,39098
7183,39099
7183,39100
7183,39101
7183,39102
7183,39103
7183,39104
7183,39105
7184,38940
7184,38941
7184,38942
7184,38943
7184,38944
7184,38945
7184,38946
7184,38947
7184,38948
7184,38949
7184,38950
7184,38951
7184,38952
7184,38953
7184,38954
7184,38955
7184,38956
7184,38957
7184,38958
7184,38959
7184,38960
7184,38961
7184,38962
7184,38963
7184,38964
7184,38965
7184,38966
7184,38967
7184,38968
7184,38969
7184,38970
7184,38971
7184,38972
7184,38973
7184,38974
7184,38975
7184,38976
7184,38977
7184,38978
7184,38979
7184,38980
7184,38981
7184,38982
7184,38983
7184,38984
7184,38989
7184,38990
7184,38991
7184,38992
7184,38993
7184,38994
7184,38995
7184,38996
7184,38997
7184,38998
7184,38999
7184,39000
7184,39001
7184,39002
7184,39003
7184,39004
7184,39005
7184,39006
7184,39007
7184,39008
7184,39009
7184,39010
7184,39011
7184,39012
7184,39013
7184,39014
7184,39015
7184,39016
7184,39017
7184,39018
7184,39019
7184,39020
7184,39021
7184,39022
7184,39023
7184,39024
7184,39025
7184,39026
7184,39027
7184,39028
7184,39029
7184,39030
7184,39031
7184,39032
7184,39033
7184,39034
7184,39035
7184,39036
7184,39037
7184,39038
7184,39039
7184,39040
7184,39041
7184,39042
7184,39043
7184,39044
7184,39045
7184,39046
7184,39047
7184,39048
7184,39049
7184,39050
7184,39051
7184,39052
7184,39053
7184,39054
7184,39055
7184,39056
7184,39057
7184,39058
7184,39059
7184,39060
7184,39061
7184,39062
7184,39063
7184,39064
7184,39065
7184,39066
7184,39067
7184,39068
7184,39069
7184,39070
7184,39071
7184,39072
7184,39073
7184,39074
7184,39075
7184,39076
7184,39077
7184,39078
7184,39079
7184,39080
7184,39081
7184,39082
7184,39083
7184,39084
7184,39085
7184,39086
7184,39087
7184,39088
7184,39089
7184,39090
7184,39091
7184,39092
7184,39093
7184,39094
7184,39095
7184,39096
7184,39097
7184,39098
7184,39099
7184,39100
7184,39101
7184,39102
7184,39103
7184,39104
7185,38941
7185,38942
7185,38943
7185,38944
7185,38945
7185,38946
7185,38947
7185,38948
7185,38949
7185,38950
7185,38951
7185,38952
7185,38953
7185,38954
7185,38955
7185,38956
7185,38957
7185,38958
7185,38959
7185,38960
7185,38961
7185,38962
7185,38963
7185,38964
7185,38965
7185,38966
7185,38967
7185,38968
7185,38969
7185,38970
7185,38971
7185,38972
7185,38973
7185,38974
7185,38975
7185,38976
7185,38977
7185,38978
7185,38979
7185,38980
7185,38981
7185,38982
7185,38983
7185,38984
7185,38985
7185,38990
7185,38991
7185,38992
7185,38993
7185,38994
7185,38995
7185,38996
7185,38997
7185,38998
7185,38999
7185,39000
7185,39001
7185,39002
7185,39003
7185,39004
7185,39005
7185,39006
7185,39007
7185,39008
7185,39009
7185,39010
7185,39011
7185,39012
7185,39013
7185,39014
7185,39015
7185,39016
7185,39017
7185,39018
7185,39019
7185,39020
7185,39021
7185,39022
7185,39023
7185,39024
7185,39025
7185,39026
7185,39027
7185,39028
7185,39029
7185,39030
7185,39031
7185,39032
7185,39033
7185,39034
7185,39035
7185,39036
7185,39037
7185,39038
7185,39039
7185,39040
7185,39041
7185,39042
7185,39043
7185,39044
7185,39045
7185,39046
7185,39047
7185,39048
7185,39049
7185,39050
7185,39051
7185,39052
7185,39053
7185,39054
7185,39055
7185,39056
7185,39057
7185,39058
7185,39059
7185,39060
7185,39061
7185,39062
7185,39063
7185,39064
7185,39065
7185,39066
7185,39067
7185,39068
7185,39069
7185,39070
7185,39071
7185,39072
7185,39073
7185,39074
7185,39075
7185,39076
7185,39077
7185,39078
7185,39079
7185,39080
7185,39081
7185,39082
7185,39083
7185,39084
7185,39085
7185,39086
7185,39087
7185,39088
7185,39089
7185,39090
7185,39091
7185,39092
7185,39093
7185,39094
7185,39095
7185,39096
7185,39097
7185,39098
7185,39099
7185,39100
7185,39101
7185,39102
7185,39103
7185,39104
7186,38941
7186,38942
7186,38943
7186,38944
7186,38945
7186,38946
7186,38947
7186,38948
7186,38949
7186,38950
7186,38951
7186,38952
7186,38953
7186,38954
7186,38955
7186,38956
7186,38957
7186,38958
7186,38959
7186,38960
7186,38961
7186,38962
7186,38963
7186,38964
7186,38965
7186,38966
7186,38967
7186,38968
7186,38969
7186,38970
7186,38971
7186,38972
7186,38973
7186,38974
7186,38975
7186,38976
7186,38977
7186,38978
7186,38979
7186,38980
7186,38981
7186,38982
7186,38983
7186,38984
7186,38990
7186,38991
7186,38992
7186,38993
7186,38994
7186,38995
7186,38996
7186,38997
7186,38998
7186,38999
7186,39000
7186,39001
7186,39002
7186,39003
7186,39004
7186,39005
7186,39006
7186,39007
7186,39008
7186,39009
7186,39010
7186,39011
7186,39012
7186,39013
7186,39014
7186,39015
7186,39016
7186,39017
7186,39018
7186,39019
7186,39020
7186,39021
7186,39022
7186,39023
7186,39024
7186,39025
7186,39026
7186,39027
7186,39028
7186,39029
7186,39030
7186,39031
7186,39032
7186,39033
7186,39034
7186,39035
7186,39036
7186,39037
7186,39038
7186,39039
7186,39040
7186,39041
7186,39042
7186,39043
7186,39044
7186,39045
7186,39046
7186,39047
7186,39048
7186,39049
7186,39050
7186,39051
7186,39052
7186,39053
7186,39054
7186,39055
7186,39056
7186,39057
7186,39058
7186,39059
7186,39060
7186,39061
7186,39062
7186,39063
7186,39064
7186,39065
7186,39066
7186,39067
7186,39068
7186,39069
7186,39070
7186,39071
7186,39072
7186,39073
7186,39074
7186,39075
7186,39076
7186,39077
7186,39078
7186,39079
7186,39080
7186,39081
7186,39082
7186,39083
7186,39084
7186,39085
7186,39086
7186,39087
7186,39088
7186,39089
7186,39090
7186,39091
7186,39092
7186,39093
7186,39094
7186,39095
7186,39096
7186,39097
7186,39098
7186,39099
7186,39100
7186,39101
7186,39102
7186,39103
7186,39104
7187,38942
7187,38943
7187,38944
7187,38945
7187,38946
7187,38947
7187,38948
7187,38949
7187,38950
7187,38951
7187,38952
7187,38953
7187,38954
7187,38955
7187,38956
7187,38957
7187,38958
7187,38959
7187,38960
7187,38961
7187,38962
7187,38963
7187,38964
7187,38965
7187,38966
7187,38967
7187,38968
7187,38969
7187,38970
7187,38971
7187,38972
7187,38973
7187,38974
7187,38975
7187,38976
7187,38977
7187,38978
7187,38979
7187,38980
7187,38981
7187,38982
7187,38983
7187,38984
7187,38990
7187,38991
7187,38992
7187,38993
7187,38994
7187,38995
7187,38996
7187,38997
7187,38998
7187,38999
7187,39000
7187,39001
7187,39002
7187,39003
7187,39004
7187,39005
7187,39006
7187,39007
7187,39008
7187,39009
7187,39010
7187,39011
7187,39012
7187,39013
7187,39014
7187,39015
7187,39016
7187,39017
7187,39018
7187,39019
7187,39020
7187,39021
7187,39022
7187,39023
7187,39024
7187,39025
7187,39026
7187,39027
7187,39028
7187,39029
7187,39030
7187,39031
7187,39032
7187,39033
7187,39034
7187,39035
7187,39036
7187,39037
7187,39038
7187,39039
7187,39040
7187,39041
7187,39042
7187,39043
7187,39044
7187,39045
7187,39046
7187,39047
7187,39048
7187,39049
7187,39050
7187,39051
7187,39052
7187,39053
7187,39054
7187,39055
7187,39056
7187,39057
7187,39058
7187,39059
7187,39060
7187,39061
7187,39062
7187,39063
7187,39064
7187,39065
7187,39066
7187,39067
7187,39068
7187,39069
7187,39070
7187,39071
7187,39072
7187,39073
7187,39074
7187,39075
7187,39076
7187,39077
7187,39078
7187,39079
7187,39080
7187,39081
7187,39082
7187,39083
7187,39084
7187,39085
7187,39086
7187,39087
7187,39088
7187,39089
7187,39090
7187,39091
7187,39092
7187,39093
7187,39094
7187,39095
7187,39096
7187,39097
7187,39098
7187,39099
7187,39100
7187,39101
7187,39102
7187,39103
7188,38943
7188,38944
7188,38945
7188,38946
7188,38947
7188,38948
7188,38949
7188,38950
7188,38951
7188,38952
7188,38953
7188,38954
7188,38955
7188,38956
7188,38957
7188,38958
7188,38959
7188,38960
7188,38961
7188,38962
7188,38963
7188,38964
7188,38965
7188,38966
7188,38967
7188,38968
7188,38969
7188,38970
7188,38971
7188,38972
7188,38973
7188,38974
7188,38975
7188,38976
7188,38977
7188,38978
7188,38979
7188,38980
7188,38981
7188,38982
7188,38983
7188,38991
7188,38992
7188,38993
7188,38994
7188,38995
7188,38996
7188,38997
7188,38998
7188,38999
7188,39000
7188,39001
7188,39002
7188,39003
7188,39004
7188,39005
7188,39006
7188,39007
7188,39008
7188,39009
7188,39010
7188,39011
7188,39012
7188,39013
7188,39014
7188,39015
7188,39016
7188,39017
7188,39018
7188,39019
7188,39020
7188,39021
7188,39022
7188,39023
7188,39024
7188,39025
7188,39026
7188,39027
7188,39028
7188,39029
7188,39030
7188,39031
7188,39032
7188,39033
7188,39034
7188,39035
7188,39036
7188,39037
7188,39038
7188,39039
7188,39040
7188,39041
7188,39042
7188,39043
7188,39044
7188,39045
7188,39046
7188,39047
7188,39048
7188,39049
7188,39050
7188,39051
7188,39052
7188,39053
7188,39054
7188,39055
7188,39056
7188,39057
7188,39058
7188,39059
7188,39060
7188,39061
7188,39062
7188,39063
7188,39064
7188,39065
7188,39066
7188,39067
7188,39068
7188,39069
7188,39070
7188,39071
7188,39072
7188,39073
7188,39074
7188,39075
7188,39076
7188,39077
7188,39078
7188,39079
7188,39080
7188,39081
7188,39082
7188,39083
7188,39084
7188,39085
7188,39086
7188,39087
7188,39088
7188,39089
7188,39090
7188,39091
7188,39092
7188,39093
7188,39094
7188,39095
7188,39096
7188,39097
7188,39098
7188,39099
7188,39100
7188,39101
7188,39102
7188,39103
7188,39104
7189,38945
7189,38946
7189,38947
7189,38948
7189,38949
7189,38950
7189,38951
7189,38952
7189,38953
7189,38954
7189,38955
7189,38956
7189,38957
7189,38958
7189,38959
7189,38960
7189,38961
7189,38962
7189,38963
7189,38964
7189,38965
7189,38966
7189,38967
7189,38968
7189,38969
7189,38970
7189,38971
7189,38972
7189,38973
7189,38974
7189,38975
7189,38976
7189,38977
7189,38978
7189,38979
7189,38980
7189,38981
7189,38982
7189,38992
7189,38993
7189,38994
7189,38995
7189,38996
7189,38997
7189,38998
7189,38999
7189,39000
7189,39001
7189,39002
7189,39003
7189,39004
7189,39005
7189,39006
7189,39007
7189,39008
7189,39009
7189,39010
7189,39011
7189,39012
7189,39013
7189,39014
7189,39015
7189,39016
7189,39017
7189,39018
7189,39019
7189,39020
7189,39021
7189,39022
7189,39023
7189,39024
7189,39025
7189,39026
7189,39027
7189,39028
7189,39029
7189,39030
7189,39031
7189,39032
7189,39033
7189,39034
7189,39035
7189,39036
7189,39037
7189,39038
7189,39039
7189,39040
7189,39041
7189,39042
7189,39043
7189,39044
7189,39045
7189,39046
7189,39047
7189,39048
7189,39049
7189,39050
7189,39051
7189,39052
7189,39053
7189,39054
7189,39055
7189,39056
7189,39057
7189,39058
7189,39059
7189,39060
7189,39061
7189,39062
7189,39063
7189,39064
7189,39065
7189,39066
7189,39067
7189,39068
7189,39069
7189,39070
7189,39071
7189,39072
7189,39073
7189,39074
7189,39075
7189,39076
7189,39077
7189,39078
7189,39079
7189,39080
7189,39081
7189,39082
7189,39083
7189,39084
7189,39085
7189,39086
7189,39087
7189,39088
7189,39089
7189,39090
7189,39091
7189,39092
7189,39093
7189,39094
7189,39095
7189,39096
7189,39097
7189,39098
7189,39099
7189,39100
7189,39101
7189,39102
7189,39103
7189,39104
7190,38947
7190,38948
7190,38949
7190,38950
7190,38951
7190,38952
7190,38953
7190,38954
7190,38955
7190,38956
7190,38957
7190,38958
7190,38959
7190,38960
7190,38961
7190,38962
7190,38963
7190,38964
7190,38965
7190,38966
7190,38967
7190,38968
7190,38969
7190,38970
7190,38971
7190,38972
7190,38973
7190,38974
7190,38975
7190,38976
7190,38977
7190,38978
7190,38979
7190,38980
7190,38981
7190,38993
7190,38994
7190,38995
7190,38996
7190,38997
7190,38998
7190,38999
7190,39000
7190,39001
7190,39002
7190,39003
7190,39004
7190,39005
7190,39006
7190,39007
7190,39008
7190,39009
7190,39010
7190,39011
7190,39012
7190,39013
7190,39014
7190,39015
7190,39016
7190,39017
7190,39018
7190,39019
7190,39020
7190,39021
7190,39022
7190,39023
7190,39024
7190,39025
7190,39026
7190,39027
7190,39028
7190,39029
7190,39030
7190,39031
7190,39032
7190,39033
7190,39034
7190,39035
7190,39036
7190,39037
7190,39038
7190,39039
7190,39040
7190,39041
7190,39042
7190,39043
7190,39044
7190,39045
7190,39046
7190,39047
7190,39048
7190,39049
7190,39050
7190,39051
7190,39052
7190,39053
7190,39054
7190,39055
7190,39056
7190,39057
7190,39058
7190,39059
7190,39060
7190,39061
7190,39062
7190,39063
7190,39064
7190,39065
7190,39066
7190,39067
7190,39068
7190,39069
7190,39070
7190,39071
7190,39072
7190,39073
7190,39074
7190,39075
7190,39076
7190,39077
7190,39078
7190,39079
7190,39080
7190,39081
7190,39082
7190,39083
7190,39084
7190,39085
7190,39086
7190,39087
7190,39088
7190,39089
7190,39090
7190,39091
7190,39092
7190,39093
7190,39094
7190,39095
7190,39096
7190,39097
7190,39098
7190,39099
7190,39100
7190,39101
7190,39102
7190,39103
7191,38949
7191,38950
7191,38951
7191,38952
7191,38953
7191,38954
7191,38955
7191,38956
7191,38957
7191,38958
7191,38959
7191,38960
7191,38961
7191,38962
7191,38963
7191,38964
7191,38965
7191,38966
7191,38967
7191,38968
7191,38969
7191,38970
7191,38971
7191,38972
7191,38973
7191,38974
7191,38975
7191,38976
7191,38977
7191,38978
7191,38979
7191,38980
7191,38996
7191,38997
7191,38998
7191,38999
7191,39000
7191,39001
7191,39002
7191,39003
7191,39004
7191,39005
7191,39006
7191,39007
7191,39008
7191,39009
7191,39010
7191,39011
7191,39012
7191,39013
7191,39014
7191,39015
7191,39016
7191,39017
7191,39018
7191,39019
7191,39020
7191,39021
7191,39022
7191,39023
7191,39024
7191,39025
7191,39026
7191,39027
7191,39028
7191,39029
7191,39030
7191,39031
7191,39032
7191,39033
7191,39034
7191,39035
7191,39036
7191,39037
7191,39038
7191,39039
7191,39040
7191,39041
7191,39042
7191,39043
7191,39044
7191,39045
7191,39046
7191,39047
7191,39048
7191,39049
7191,39050
7191,39051
7191,39052
7191,39053
7191,39054
7191,39055
7191,39056
7191,39057
7191,39058
7191,39059
7191,39060
7191,39061
7191,39062
7191,39063
7191,39064
7191,39065
7191,39066
7191,39067
7191,39068
7191,39069
7191,39070
7191,39071
7191,39072
7191,39073
7191,39074
7191,39075
7191,39076
7191,39077
7191,39078
7191,39079
7191,39080
7191,39081
7191,39082
7191,39083
7191,39084
7191,39085
7191,39086
7191,39087
7191,39088
7191,39089
7191,39090
7191,39091
7191,39092
7191,39093
7191,39094
7191,39095
7191,39096
7191,39097
7191,39098
7191,39099
7191,39100
7191,39101
7191,39102
7191,39103
7192,38951
7192,38952
7192,38953
7192,38954
7192,38955
7192,38956
7192,38957
7192,38958
7192,38959
7192,38960
7192,38961
7192,38962
7192,38963
7192,38964
7192,38965
7192,38966
7192,38967
7192,38968
7192,38969
7192,38970
7192,38971
7192,38972
7192,38973
7192,38974
7192,38975
7192,38976
7192,38977
7192,38978
7192,38979
7192,38996
7192,38997
7192,38998
7192,38999
7192,39000
7192,39001
7192,39002
7192,39003
7192,39004
7192,39005
7192,39006
7192,39007
7192,39008
7192,39009
7192,39010
7192,39011
7192,39012
7192,39013
7192,39014
7192,39015
7192,39016
7192,39017
7192,39018
7192,39019
7192,39020
7192,39021
7192,39022
7192,39023
7192,39024
7192,39025
7192,39026
7192,39027
7192,39028
7192,39029
7192,39030
7192,39031
7192,39032
7192,39033
7192,39034
7192,39035
7192,39036
7192,39037
7192,39038
7192,39039
7192,39040
7192,39041
7192,39042
7192,39043
7192,39044
7192,39045
7192,39046
7192,39047
7192,39048
7192,39049
7192,39050
7192,39051
7192,39052
7192,39053
7192,39054
7192,39055
7192,39056
7192,39057
7192,39058
7192,39059
7192,39060
7192,39061
7192,39062
7192,39063
7192,39064
7192,39065
7192,39066
7192,39067
7192,39068
7192,39069
7192,39070
7192,39071
7192,39072
7192,39073
7192,39074
7192,39075
7192,39076
7192,39077
7192,39078
7192,39079
7192,39080
7192,39081
7192,39082
7192,39083
7192,39084
7192,39085
7192,39086
7192,39087
7192,39088
7192,39089
7192,39090
7192,39091
7192,39092
7192,39093
7192,39094
7192,39095
7192,39096
7192,39097
7192,39098
7192,39099
7192,39100
7192,39101
7192,39102
7192,39103
7193,38952
7193,38953
7193,38954
7193,38955
7193,38956
7193,38957
7193,38958
7193,38959
7193,38960
7193,38961
7193,38962
7193,38963
7193,38964
7193,38965
7193,38966
7193,38967
7193,38968
7193,38969
7193,38970
7193,38971
7193,38972
7193,38973
7193,38974
7193,38975
7193,38976
7193,38997
7193,38998
7193,38999
7193,39000
7193,39001
7193,39002
7193,39003
7193,39004
7193,39005
7193,39006
7193,39007
7193,39008
7193,39009
7193,39010
7193,39011
7193,39012
7193,39013
7193,39014
7193,39015
7193,39016
7193,39017
7193,39018
7193,39019
7193,39020
7193,39021
7193,39022
7193,39023
7193,39024
7193,39025
7193,39026
7193,39027
7193,39028
7193,39029
7193,39030
7193,39031
7193,39032
7193,39033
7193,39034
7193,39035
7193,39036
7193,39037
7193,39038
7193,39039
7193,39040
7193,39041
7193,39042
7193,39043
7193,39044
7193,39045
7193,39046
7193,39047
7193,39048
7193,39049
7193,39050
7193,39051
7193,39052
7193,39053
7193,39054
7193,39055
7193,39056
7193,39057
7193,39058
7193,39059
7193,39060
7193,39061
7193,39062
7193,39063
7193,39064
7193,39065
7193,39066
7193,39067
7193,39068
7193,39069
7193,39070
7193,39071
7193,39072
7193,39073
7193,39074
7193,39075
7193,39076
7193,39077
7193,39078
7193,39079
7193,39080
7193,39081
7193,39082
7193,39083
7193,39084
7193,39085
7193,39086
7193,39087
7193,39088
7193,39089
7193,39090
7193,39091
7193,39092
7193,39093
7193,39094
7193,39095
7193,39096
7193,39097
7193,39098
7193,39099
7193,39100
7193,39101
7193,39102
7194,38954
7194,38955
7194,38956
7194,38957
7194,38958
7194,38959
7194,38960
7194,38961
7194,38962
7194,38963
7194,38964
7194,38965
7194,38966
7194,38967
7194,38968
7194,38969
7194,38970
7194,38971
7194,38972
7194,38997
7194,38998
7194,38999
7194,39000
7194,39001
7194,39002
7194,39003
7194,39004
7194,39005
7194,39006
7194,39007
7194,39008
7194,39009
7194,39010
7194,39011
7194,39012
7194,39013
7194,39014
7194,39015
7194,39016
7194,39017
7194,39018
7194,39019
7194,39020
7194,39021
7194,39022
7194,39023
7194,39024
7194,39025
7194,39026
7194,39027
7194,39028
7194,39029
7194,39030
7194,39031
7194,39032
7194,39033
7194,39034
7194,39035
7194,39036
7194,39037
7194,39038
7194,39039
7194,39040
7194,39041
7194,39042
7194,39043
7194,39044
7194,39045
7194,39046
7194,39047
7194,39048
7194,39049
7194,39050
7194,39051
7194,39052
7194,39053
7194,39054
7194,39055
7194,39056
7194,39057
7194,39058
7194,39059
7194,39060
7194,39061
7194,39062
7194,39063
7194,39064
7194,39065
7194,39066
7194,39067
7194,39068
7194,39069
7194,39070
7194,39071
7194,39072
7194,39073
7194,39074
7194,39075
7194,39076
7194,39077
7194,39078
7194,39079
7194,39080
7194,39081
7194,39082
7194,39083
7194,39084
7194,39085
7194,39086
7194,39087
7194,39088
7194,39089
7194,39090
7194,39091
7194,39092
7194,39093
7194,39094
7194,39095
7194,39096
7194,39097
7194,39098
7194,39099
7194,39100
7194,39101
7195,38957
7195,38958
7195,38959
7195,38960
7195,38961
7195,38962
7195,38963
7195,38964
7195,38965
7195,38966
7195,38967
7195,38968
7195,38998
7195,38999
7195,39000
7195,39001
7195,39002
7195,39003
7195,39004
7195,39005
7195,39006
7195,39007
7195,39008
7195,39009
7195,39010
7195,39011
7195,39012
7195,39013
7195,39014
7195,39015
7195,39016
7195,39017
7195,39018
7195,39019
7195,39020
7195,39021
7195,39022
7195,39023
7195,39024
7195,39025
7195,39026
7195,39027
7195,39028
7195,39029
7195,39030
7195,39031
7195,39032
7195,39033
7195,39034
7195,39035
7195,39036
7195,39037
7195,39038
7195,39039
7195,39040
7195,39041
7195,39042
7195,39043
7195,39044
7195,39045
7195,39046
7195,39047
7195,39048
7195,39049
7195,39050
7195,39051
7195,39052
7195,39053
7195,39054
7195,39055
7195,39056
7195,39057
7195,39058
7195,39059
7195,39060
7195,39061
7195,39062
7195,39063
7195,39064
7195,39065
7195,39066
7195,39067
7195,39068
7195,39069
7195,39070
7195,39071
7195,39072
7195,39073
7195,39074
7195,39075
7195,39076
7195,39077
7195,39078
7195,39079
7195,39080
7195,39081
7195,39082
7195,39083
7195,39084
7195,39085
7195,39086
7195,39087
7195,39088
7195,39089
7195,39090
7195,39091
7195,39092
7195,39093
7195,39094
7195,39095
7195,39096
7195,39097
7195,39098
7195,39099
7195,39100
7195,39101
7196,38961
7196,38962
7196,38999
7196,39000
7196,39001
7196,39002
7196,39003
7196,39004
7196,39005
7196,39006
7196,39007
7196,39008
7196,39009
7196,39010
7196,39011
7196,39012
7196,39013
7196,39014
7196,39015
7196,39016
7196,39017
7196,39018
7196,39019
7196,39020
7196,39021
7196,39022
7196,39023
7196,39024
7196,39025
7196,39026
7196,39027
7196,39028
7196,39029
7196,39030
7196,39031
7196,39032
7196,39033
7196,39034
7196,39035
7196,39036
7196,39037
7196,39038
7196,39039
7196,39040
7196,39041
7196,39042
7196,39043
7196,39044
7196,39045
7196,39046
7196,39047
7196,39048
7196,39049
7196,39050
7196,39051
7196,39052
7196,39053
7196,39054
7196,39055
7196,39056
7196,39057
7196,39058
7196,39059
7196,39060
7196,39061
7196,39062
7196,39063
7196,39064
7196,39065
7196,39066
7196,39067
7196,39068
7196,39069
7196,39070
7196,39071
7196,39072
7196,39073
7196,39074
7196,39075
7196,39076
7196,39077
7196,39078
7196,39079
7196,39080
7196,39081
7196,39082
7196,39083
7196,39084
7196,39085
7196,39086
7196,39087
7196,39088
7196,39089
7196,39090
7196,39091
7196,39092
7196,39093
7196,39094
7196,39095
7196,39096
7196,39097
7196,39098
7196,39099
7196,39100
7196,39101
7197,39000
7197,39001
7197,39002
7197,39003
7197,39004
7197,39005
7197,39006
7197,39007
7197,39008
7197,39009
7197,39010
7197,39011
7197,39012
7197,39013
7197,39014
7197,39015
7197,39018
7197,39019
7197,39020
7197,39021
7197,39022
7197,39023
7197,39024
7197,39025
7197,39026
7197,39027
7197,39028
7197,39029
7197,39030
7197,39031
7197,39032
7197,39033
7197,39034
7197,39035
7197,39036
7197,39037
7197,39038
7197,39039
7197,39040
7197,39041
7197,39042
7197,39043
7197,39044
7197,39045
7197,39046
7197,39047
7197,39048
7197,39049
7197,39050
7197,39051
7197,39052
7197,39053
7197,39054
7197,39055
7197,39056
7197,39057
7197,39058
7197,39059
7197,39060
7197,39061
7197,39062
7197,39063
7197,39064
7197,39065
7197,39066
7197,39067
7197,39068
7197,39069
7197,39070
7197,39071
7197,39072
7197,39073
7197,39074
7197,39075
7197,39076
7197,39077
7197,39078
7197,39079
7197,39080
7197,39081
7197,39082
7197,39083
7197,39084
7197,39085
7197,39086
7197,39087
7197,39088
7197,39089
7197,39090
7197,39091
7197,39092
7197,39093
7197,39094
7197,39095
7197,39096
7197,39097
7197,39098
7197,39099
7197,39100
7198,39000
7198,39001
7198,39002
7198,39003
7198,39004
7198,39005
7198,39006
7198,39007
7198,39008
7198,39009
7198,39010
7198,39011
7198,39012
7198,39013
7198,39014
7198,39019
7198,39020
7198,39021
7198,39022
7198,39023
7198,39024
7198,39025
7198,39026
7198,39027
7198,39028
7198,39029
7198,39030
7198,39031
7198,39032
7198,39033
7198,39034
7198,39035
7198,39036
7198,39037
7198,39038
7198,39039
7198,39040
7198,39041
7198,39042
7198,39043
7198,39044
7198,39045
7198,39046
7198,39047
7198,39048
7198,39049
7198,39050
7198,39051
7198,39052
7198,39053
7198,39054
7198,39055
7198,39056
7198,39057
7198,39058
7198,39059
7198,39060
7198,39061
7198,39062
7198,39063
7198,39064
7198,39065
7198,39066
7198,39067
7198,39068
7198,39069
7198,39070
7198,39071
7198,39072
7198,39073
7198,39074
7198,39075
7198,39076
7198,39077
7198,39078
7198,39079
7198,39080
7198,39081
7198,39082
7198,39083
7198,39084
7198,39085
7198,39086
7198,39087
7198,39088
7198,39089
7198,39090
7198,39091
7198,39092
7198,39093
7198,39094
7198,39095
7198,39096
7198,39097
7198,39098
7198,39099
7199,39001
7199,39002
7199,39003
7199,39004
7199,39005
7199,39006
7199,39007
7199,39008
7199,39009
7199,39010
7199,39011
7199,39019
7199,39020
7199,39021
7199,39022
7199,39023
7199,39024
7199,39025
7199,39026
7199,39027
7199,39028
7199,39029
7199,39030
7199,39031
7199,39032
7199,39033
7199,39034
7199,39035
7199,39036
7199,39037
7199,39038
7199,39039
7199,39040
7199,39041
7199,39042
7199,39043
7199,39044
7199,39045
7199,39046
7199,39047
7199,39048
7199,39049
7199,39050
7199,39051
7199,39052
7199,39053
7199,39054
7199,39055
7199,39056
7199,39057
7199,39058
7199,39059
7199,39060
7199,39061
7199,39062
7199,39063
7199,39064
7199,39065
7199,39066
7199,39067
7199,39068
7199,39069
7199,39070
7199,39071
7199,39072
7199,39073
7199,39074
7199,39075
7199,39076
7199,39077
7199,39078
7199,39079
7199,39080
7199,39081
7199,39082
7199,39083
7199,39084
7199,39085
7199,39086
7199,39087
7199,39088
7199,39089
7199,39090
7199,39091
7199,39092
7199,39093
7199,39094
7199,39095
7199,39096
7199,39097
7199,39098
7200,39002
7200,39003
7200,39004
7200,39005
7200,39006
7200,39007
7200,39008
7200,39009
7200,39010
7200,39018
7200,39019
7200,39020
7200,39021
7200,39022
7200,39023
7200,39024
7200,39025
7200,39026
7200,39027
7200,39028
7200,39029
7200,39030
7200,39031
7200,39032
7200,39033
7200,39034
7200,39035
7200,39036
7200,39037
7200,39038
7200,39039
7200,39040
7200,39041
7200,39042
7200,39043
7200,39044
7200,39045
7200,39046
7200,39047
7200,39048
7200,39049
7200,39050
7200,39051
7200,39052
7200,39053
7200,39054
7200,39055
7200,39056
7200,39057
7200,39058
7200,39059
7200,39060
7200,39061
7200,39062
7200,39063
7200,39064
7200,39065
7200,39066
7200,39067
7200,39068
7200,39069
7200,39070
7200,39071
7200,39072
7200,39073
7200,39074
7200,39075
7200,39076
7200,39077
7200,39078
7200,39079
7200,39080
7200,39081
7200,39082
7200,39083
7200,39084
7200,39085
7200,39086
7200,39087
7200,39088
7200,39089
7200,39090
7200,39091
7200,39092
7200,39093
7200,39094
7200,39095
7200,39096
7201,39003
7201,39004
7201,39005
7201,39006
7201,39007
7201,39008
7201,39009
7201,39018
7201,39019
7201,39020
7201,39021
7201,39022
7201,39023
7201,39024
7201,39025
7201,39026
7201,39027
7201,39028
7201,39029
7201,39030
7201,39031
7201,39032
7201,39033
7201,39034
7201,39035
7201,39036
7201,39037
7201,39038
7201,39039
7201,39040
7201,39041
7201,39042
7201,39043
7201,39044
7201,39045
7201,39046
7201,39047
7201,39048
7201,39049
7201,39050
7201,39051
7201,39052
7201,39053
7201,39054
7201,39055
7201,39056
7201,39057
7201,39058
7201,39059
7201,39060
7201,39061
7201,39062
7201,39063
7201,39064
7201,39065
7201,39066
7201,39067
7201,39068
7201,39069
7201,39070
7201,39071
7201,39072
7201,39073
7201,39074
7201,39075
7201,39076
7201,39077
7201,39078
7201,39079
7201,39080
7201,39081
7201,39082
7201,39083
7201,39084
7201,39085
7201,39086
7201,39087
7201,39088
7201,39089
7201,39090
7201,39091
7201,39092
7201,39093
7201,39094
7201,39095
7201,39096
7202,39006
7202,39019
7202,39020
7202,39021
7202,39022
7202,39023
7202,39024
7202,39025
7202,39026
7202,39027
7202,39028
7202,39029
7202,39030
7202,39031
7202,39032
7202,39033
7202,39034
7202,39035
7202,39036
7202,39037
7202,39038
7202,39039
7202,39040
7202,39041
7202,39042
7202,39043
7202,39044
7202,39045
7202,39046
7202,39047
7202,39048
7202,39049
7202,39050
7202,39051
7202,39052
7202,39053
7202,39054
7202,39055
7202,39056
7202,39057
7202,39058
7202,39059
7202,39060
7202,39061
7202,39062
7202,39063
7202,39064
7202,39065
7202,39066
7202,39067
7202,39068
7202,39069
7202,39070
7202,39071
7202,39072
7202,39073
7202,39074
7202,39075
7202,39076
7202,39077
7202,39078
7202,39079
7202,39080
7202,39081
7202,39082
7202,39083
7202,39084
7202,39085
7202,39086
7202,39087
7202,39088
7202,39089
7202,39090
7202,39091
7202,39092
7202,39093
7202,39094
7202,39095
7202,39096
7202,39097
7203,39019
7203,39020
7203,39021
7203,39022
7203,39023
7203,39024
7203,39025
7203,39026
7203,39027
7203,39028
7203,39029
7203,39030
7203,39031
7203,39032
7203,39033
7203,39034
7203,39035
7203,39036
7203,39037
7203,39038
7203,39039
7203,39040
7203,39041
7203,39042
7203,39043
7203,39044
7203,39045
7203,39046
7203,39047
7203,39048
7203,39049
7203,39050
7203,39051
7203,39052
7203,39053
7203,39054
7203,39055
7203,39056
7203,39057
7203,39058
7203,39059
7203,39060
7203,39061
7203,39062
7203,39063
7203,39064
7203,39065
7203,39066
7203,39067
7203,39068
7203,39069
7203,39070
7203,39071
7203,39072
7203,39073
7203,39074
7203,39075
7203,39076
7203,39077
7203,39078
7203,39079
7203,39080
7203,39081
7203,39082
7203,39083
7203,39084
7203,39085
7203,39086
7203,39087
7203,39088
7203,39089
7203,39090
7203,39091
7203,39092
7203,39093
7203,39094
7203,39095
7203,39096
7203,39097
7204,39020
7204,39021
7204,39022
7204,39023
7204,39024
7204,39025
7204,39026
7204,39027
7204,39028
7204,39029
7204,39030
7204,39031
7204,39032
7204,39033
7204,39034
7204,39035
7204,39036
7204,39037
7204,39038
7204,39039
7204,39040
7204,39041
7204,39042
7204,39043
7204,39044
7204,39045
7204,39046
7204,39047
7204,39048
7204,39049
7204,39050
7204,39051
7204,39052
7204,39053
7204,39054
7204,39055
7204,39056
7204,39057
7204,39058
7204,39059
7204,39060
7204,39061
7204,39062
7204,39063
7204,39064
7204,39065
7204,39066
7204,39067
7204,39068
7204,39069
7204,39070
7204,39071
7204,39072
7204,39073
7204,39074
7204,39075
7204,39076
7204,39077
7204,39078
7204,39079
7204,39080
7204,39081
7204,39082
7204,39083
7204,39084
7204,39085
7204,39086
7204,39087
7204,39088
7204,39089
7204,39090
7204,39091
7204,39092
7204,39093
7204,39094
7204,39095
7204,39096
7204,39097
7205,39021
7205,39022
7205,39023
7205,39024
7205,39025
7205,39026
7205,39027
7205,39028
7205,39029
7205,39030
7205,39031
7205,39032
7205,39033
7205,39034
7205,39035
7205,39036
7205,39037
7205,39038
7205,39039
7205,39040
7205,39041
7205,39042
7205,39043
7205,39044
7205,39045
7205,39046
7205,39047
7205,39048
7205,39049
7205,39050
7205,39051
7205,39052
7205,39053
7205,39054
7205,39055
7205,39056
7205,39057
7205,39058
7205,39059
7205,39060
7205,39061
7205,39062
7205,39063
7205,39064
7205,39065
7205,39066
7205,39067
7205,39068
7205,39069
7205,39070
7205,39071
7205,39072
7205,39073
7205,39074
7205,39075
7205,39076
7205,39077
7205,39078
7205,39079
7205,39080
7205,39081
7205,39082
7205,39083
7205,39084
7205,39085
7205,39086
7205,39087
7205,39088
7205,39089
7205,39090
7205,39091
7205,39092
7205,39093
7205,39094
7205,39095
7205,39096
7205,39097
7206,39023
7206,39027
7206,39031
7206,39032
7206,39033
7206,39034
7206,39035
7206,39036
7206,39037
7206,39038
7206,39039
7206,39040
7206,39041
7206,39042
7206,39043
7206,39044
7206,39045
7206,39046
7206,39047
7206,39048
7206,39049
7206,39050
7206,39051
7206,39052
7206,39053
7206,39054
7206,39055
7206,39056
7206,39057
7206,39058
7206,39059
7206,39060
7206,39061
7206,39062
7206,39063
7206,39064
7206,39065
7206,39066
7206,39067
7206,39068
7206,39069
7206,39070
7206,39071
7206,39072
7206,39073
7206,39074
7206,39075
7206,39076
7206,39077
7206,39078
7206,39079
7206,39080
7206,39081
7206,39082
7206,39083
7206,39084
7206,39085
7206,39086
7206,39087
7206,39088
7206,39089
7206,39090
7206,39091
7206,39092
7206,39093
7206,39094
7206,39095
7206,39096
7207,39032
7207,39033
7207,39034
7207,39035
7207,39036
7207,39037
7207,39038
7207,39039
7207,39040
7207,39041
7207,39042
7207,39043
7207,39044
7207,39045
7207,39046
7207,39047
7207,39048
7207,39049
7207,39050
7207,39051
7207,39052
7207,39053
7207,39054
7207,39055
7207,39056
7207,39057
7207,39058
7207,39059
7207,39060
7207,39061
7207,39062
7207,39063
7207,39064
7207,39065
7207,39066
7207,39067
7207,39068
7207,39069
7207,39070
7207,39071
7207,39072
7207,39073
7207,39074
7207,39075
7207,39076
7207,39077
7207,39078
7207,39079
7207,39080
7207,39081
7207,39082
7207,39083
7207,39084
7207,39085
7207,39086
7207,39087
7207,39088
7207,39089
7207,39090
7207,39091
7207,39092
7207,39093
7207,39094
7207,39095
7207,39096
7208,39033
7208,39034
7208,39035
7208,39036
7208,39037
7208,39038
7208,39039
7208,39040
7208,39041
7208,39042
7208,39043
7208,39044
7208,39045
7208,39046
7208,39047
7208,39048
7208,39049
7208,39050
7208,39051
7208,39052
7208,39053
7208,39054
7208,39055
7208,39056
7208,39057
7208,39058
7208,39059
7208,39060
7208,39061
7208,39062
7208,39063
7208,39064
7208,39065
7208,39066
7208,39067
7208,39068
7208,39069
7208,39070
7208,39071
7208,39072
7208,39073
7208,39074
7208,39075
7208,39076
7208,39077
7208,39078
7208,39079
7208,39080
7208,39081
7208,39082
7208,39083
7208,39084
7208,39085
7208,39086
7208,39087
7208,39088
7208,39089
7208,39090
7208,39091
7208,39092
7208,39093
7208,39094
7208,39095
7209,39036
7209,39037
7209,39038
7209,39039
7209,39040
7209,39041
7209,39042
7209,39043
7209,39044
7209,39045
7209,39046
7209,39047
7209,39048
7209,39049
7209,39050
7209,39051
7209,39052
7209,39053
7209,39054
7209,39055
7209,39056
7209,39057
7209,39058
7209,39059
7209,39060
7209,39061
7209,39062
7209,39063
7209,39064
7209,39065
7209,39066
7209,39067
7209,39068
7209,39069
7209,39070
7209,39071
7209,39072
7209,39073
7209,39074
7209,39075
7209,39076
7209,39077
7209,39078
7209,39079
7209,39080
7209,39081
7209,39082
7209,39083
7209,39084
7209,39085
7209,39086
7209,39087
7209,39088
7209,39089
7209,39090
7209,39091
7209,39092
7209,39093
7209,39094
7210,39038
7210,39039
7210,39040
7210,39041
7210,39042
7210,39043
7210,39044
7210,39045
7210,39046
7210,39047
7210,39048
7210,39049
7210,39050
7210,39051
7210,39052
7210,39053
7210,39054
7210,39055
7210,39056
7210,39057
7210,39058
7210,39059
7210,39060
7210,39061
7210,39062
7210,39063
7210,39064
7210,39065
7210,39066
7210,39067
7210,39068
7210,39069
7210,39070
7210,39071
7210,39072
7210,39073
7210,39074
7210,39075
7210,39076
7210,39077
7210,39078
7210,39079
7210,39080
7210,39081
7210,39082
7210,39083
7210,39084
7210,39085
7210,39086
7210,39087
7210,39088
7210,39089
7210,39090
7210,39091
7210,39092
7211,39039
7211,39040
7211,39041
7211,39042
7211,39043
7211,39044
7211,39045
7211,39046
7211,39047
7211,39048
7211,39049
7211,39050
7211,39051
7211,39052
7211,39053
7211,39054
7211,39055
7211,39056
7211,39057
7211,39058
7211,39059
7211,39060
7211,39061
7211,39062
7211,39063
7211,39064
7211,39065
7211,39066
7211,39067
7211,39068
7211,39069
7211,39070
7211,39071
7211,39072
7211,39073
7211,39074
7211,39075
7211,39076
7211,39077
7211,39078
7211,39079
7211,39080
7211,39081
7211,39082
7211,39083
7211,39086
7211,39087
7212,39037
7212,39038
7212,39039
7212,39040
7212,39041
7212,39042
7212,39043
7212,39044
7212,39045
7212,39046
7212,39047
7212,39048
7212,39049
7212,39050
7212,39051
7212,39052
7212,39053
7212,39054
7212,39055
7212,39056
7212,39057
7212,39058
7212,39059
7212,39060
7212,39061
7212,39062
7212,39063
7212,39064
7212,39065
7212,39066
7212,39067
7212,39068
7212,39069
7212,39070
7212,39071
7212,39072
7212,39073
7212,39074
7212,39075
7212,39076
7212,39077
7212,39078
7212,39079
7212,39080
7212,39081
7212,39082
7213,39036
7213,39037
7213,39038
7213,39039
7213,39040
7213,39041
7213,39042
7213,39043
7213,39044
7213,39045
7213,39046
7213,39047
7213,39048
7213,39049
7213,39050
7213,39051
7213,39052
7213,39053
7213,39054
7213,39055
7213,39056
7213,39057
7213,39058
7213,39059
7213,39060
7213,39061
7213,39062
7213,39063
7213,39064
7213,39065
7213,39066
7213,39067
7213,39068
7213,39069
7213,39070
7213,39071
7213,39072
7213,39073
7213,39074
7213,39075
7213,39076
7213,39077
7213,39078
7213,39079
7213,39080
7213,39081
7213,39082
7213,39083
7214,39035
7214,39036
7214,39037
7214,39038
7214,39039
7214,39040
7214,39041
7214,39042
7214,39043
7214,39044
7214,39045
7214,39046
7214,39047
7214,39048
7214,39049
7214,39050
7214,39051
7214,39052
7214,39053
7214,39054
7214,39055
7214,39056
7214,39057
7214,39058
7214,39059
7214,39060
7214,39061
7214,39062
7214,39063
7214,39064
7214,39065
7214,39066
7214,39067
7214,39068
7214,39069
7214,39070
7214,39071
7214,39072
7214,39073
7214,39074
7214,39075
7214,39076
7214,39077
7214,39078
7214,39079
7214,39080
7214,39081
7214,39082
7214,39083
7215,39034
7215,39035
7215,39036
7215,39037
7215,39038
7215,39039
7215,39040
7215,39041
7215,39042
7215,39043
7215,39044
7215,39045
7215,39046
7215,39047
7215,39048
7215,39049
7215,39050
7215,39051
7215,39052
7215,39053
7215,39054
7215,39055
7215,39056
7215,39057
7215,39058
7215,39059
7215,39060
7215,39061
7215,39062
7215,39063
7215,39064
7215,39065
7215,39066
7215,39067
7215,39068
7215,39069
7215,39070
7215,39071
7215,39072
7215,39073
7215,39074
7215,39075
7215,39076
7215,39077
7215,39078
7215,39079
7215,39080
7215,39081
7215,39082
7215,39083
7215,39084
7216,39034
7216,39035
7216,39036
7216,39037
7216,39038
7216,39039
7216,39040
7216,39041
7216,39042
7216,39043
7216,39044
7216,39045
7216,39046
7216,39047
7216,39048
7216,39049
7216,39050
7216,39051
7216,39052
7216,39053
7216,39054
7216,39055
7216,39056
7216,39057
7216,39058
7216,39059
7216,39060
7216,39061
7216,39062
7216,39063
7216,39064
7216,39065
7216,39066
7216,39067
7216,39068
7216,39069
7216,39070
7216,39071
7216,39072
7216,39073
7216,39074
7216,39075
7216,39076
7216,39077
7216,39078
7216,39079
7216,39080
7216,39081
7216,39082
7216,39083
7216,39084
7216,39085
7216,39086
7217,39033
7217,39034
7217,39035
7217,39036
7217,39037
7217,39038
7217,39039
7217,39040
7217,39041
7217,39042
7217,39043
7217,39044
7217,39045
7217,39046
7217,39047
7217,39048
7217,39049
7217,39050
7217,39051
7217,39052
7217,39053
7217,39054
7217,39055
7217,39056
7217,39057
7217,39058
7217,39059
7217,39060
7217,39061
7217,39062
7217,39063
7217,39064
7217,39065
7217,39066
7217,39067
7217,39068
7217,39069
7217,39070
7217,39071
7217,39072
7217,39073
7217,39074
7217,39075
7217,39076
7217,39077
7217,39078
7217,39079
7217,39080
7217,39081
7217,39082
7217,39083
7217,39084
7217,39085
7217,39086
7217,39087
7217,39088
7217,39089
7218,39034
7218,39035
7218,39036
7218,39037
7218,39038
7218,39039
7218,39040
7218,39041
7218,39042
7218,39043
7218,39044
7218,39045
7218,39046
7218,39047
7218,39048
7218,39049
7218,39050
7218,39051
7218,39052
7218,39053
7218,39054
7218,39055
7218,39056
7218,39057
7218,39058
7218,39059
7218,39060
7218,39061
7218,39062
7218,39063
7218,39064
7218,39065
7218,39066
7218,39067
7218,39068
7218,39069
7218,39070
7218,39071
7218,39072
7218,39073
7218,39074
7218,39075
7218,39076
7218,39077
7218,39078
7218,39079
7218,39080
7218,39081
7218,39082
7218,39083
7218,39084
7218,39085
7218,39086
7218,39087
7218,39088
7218,39089
7218,39090
7218,39091
7218,39092
7218,39094
7218,39095
7218,39096
7219,39034
7219,39035
7219,39036
7219,39037
7219,39038
7219,39039
7219,39040
7219,39041
7219,39042
7219,39043
7219,39044
7219,39045
7219,39046
7219,39047
7219,39048
7219,39049
7219,39050
7219,39051
7219,39052
7219,39053
7219,39054
7219,39055
7219,39056
7219,39057
7219,39058
7219,39059
7219,39060
7219,39061
7219,39062
7219,39063
7219,39064
7219,39065
7219,39066
7219,39067
7219,39068
7219,39069
7219,39070
7219,39071
7219,39072
7219,39073
7219,39074
7219,39075
7219,39076
7219,39077
7219,39078
7219,39079
7219,39080
7219,39081
7219,39082
7219,39083
7219,39084
7219,39085
7219,39086
7219,39087
7219,39088
7219,39089
7219,39090
7219,39091
7219,39092
7219,39093
7219,39094
7219,39095
7219,39096
7219,39097
7219,39098
7219,39099
7219,39100
7219,39101
7220,39035
7220,39036
7220,39037
7220,39038
7220,39039
7220,39040
7220,39041
7220,39042
7220,39043
7220,39044
7220,39045
7220,39046
7220,39047
7220,39048
7220,39049
7220,39050
7220,39051
7220,39052
7220,39053
7220,39054
7220,39055
7220,39056
7220,39057
7220,39058
7220,39059
7220,39060
7220,39061
7220,39062
7220,39063
7220,39064
7220,39065
7220,39066
7220,39067
7220,39068
7220,39069
7220,39070
7220,39071
7220,39072
7220,39073
7220,39074
7220,39075
7220,39076
7220,39077
7220,39078
7220,39079
7220,39080
7220,39081
7220,39082
7220,39083
7220,39084
7220,39085
7220,39086
7220,39087
7220,39088
7220,39089
7220,39090
7220,39091
7220,39092
7220,39093
7220,39094
7220,39095
7220,39096
7220,39097
7220,39098
7220,39099
7220,39100
7220,39101
7220,39102
7220,39103
7221,39036
7221,39037
7221,39038
7221,39039
7221,39040
7221,39041
7221,39042
7221,39043
7221,39044
7221,39045
7221,39046
7221,39047
7221,39048
7221,39049
7221,39050
7221,39051
7221,39052
7221,39053
7221,39054
7221,39055
7221,39056
7221,39057
7221,39058
7221,39059
7221,39060
7221,39061
7221,39062
7221,39063
7221,39064
7221,39065
7221,39066
7221,39067
7221,39068
7221,39069
7221,39070
7221,39071
7221,39072
7221,39073
7221,39074
7221,39075
7221,39076
7221,39077
7221,39078
7221,39079
7221,39080
7221,39081
7221,39082
7221,39083
7221,39084
7221,39085
7221,39086
7221,39087
7221,39088
7221,39089
7221,39090
7221,39091
7221,39092
7221,39093
7221,39094
7221,39095
7221,39096
7221,39097
7221,39098
7221,39099
7221,39100
7221,39101
7221,39102
7221,39103
7221,39104
7222,39038
7222,39040
7222,39041
7222,39042
7222,39043
7222,39044
7222,39045
7222,39046
7222,39047
7222,39048
7222,39049
7222,39050
7222,39051
7222,39052
7222,39053
7222,39054
7222,39055
7222,39056
7222,39057
7222,39058
7222,39059
7222,39060
7222,39061
7222,39062
7222,39063
7222,39064
7222,39065
7222,39066
7222,39067
7222,39068
7222,39069
7222,39070
7222,39071
7222,39072
7222,39073
7222,39074
7222,39075
7222,39076
7222,39077
7222,39078
7222,39079
7222,39080
7222,39081
7222,39082
7222,39083
7222,39084
7222,39085
7222,39086
7222,39087
7222,39088
7222,39089
7222,39090
7222,39091
7222,39092
7222,39093
7222,39094
7222,39095
7222,39096
7222,39097
7222,39098
7222,39099
7222,39100
7222,39101
7222,39102
7222,39103
7222,39104
7222,39105
7223,39042
7223,39043
7223,39044
7223,39045
7223,39046
7223,39047
7223,39048
7223,39049
7223,39050
7223,39051
7223,39052
7223,39053
7223,39054
7223,39055
7223,39056
7223,39057
7223,39058
7223,39059
7223,39060
7223,39061
7223,39062
7223,39063
7223,39064
7223,39065
7223,39066
7223,39067
7223,39068
7223,39069
7223,39070
7223,39071
7223,39072
7223,39073
7223,39074
7223,39075
7223,39076
7223,39077
7223,39078
7223,39079
7223,39080
7223,39081
7223,39082
7223,39083
7223,39084
7223,39085
7223,39086
7223,39087
7223,39088
7223,39089
7223,39090
7223,39091
7223,39092
7223,39093
7223,39094
7223,39095
7223,39096
7223,39097
7223,39098
7223,39099
7223,39100
7223,39101
7223,39102
7223,39103
7223,39104
7223,39105
7224,39042
7224,39043
7224,39044
7224,39045
7224,39046
7224,39047
7224,39048
7224,39049
7224,39050
7224,39051
7224,39052
7224,39053
7224,39054
7224,39055
7224,39056
7224,39057
7224,39058
7224,39059
7224,39060
7224,39061
7224,39062
7224,39063
7224,39064
7224,39065
7224,39066
7224,39067
7224,39068
7224,39069
7224,39070
7224,39071
7224,39072
7224,39073
7224,39074
7224,39075
7224,39076
7224,39077
7224,39078
7224,39079
7224,39080
7224,39081
7224,39082
7224,39083
7224,39084
7224,39085
7224,39086
7224,39087
7224,39088
7224,39089
7224,39090
7224,39091
7224,39092
7224,39093
7224,39094
7224,39095
7224,39096
7224,39097
7224,39098
7224,39099
7224,39100
7224,39101
7224,39102
7224,39103
7224,39104
7224,39105
7224,39106
7225,39043
7225,39044
7225,39045
7225,39046
7225,39047
7225,39048
7225,39049
7225,39050
7225,39051
7225,39052
7225,39053
7225,39054
7225,39055
7225,39056
7225,39057
7225,39058
7225,39059
7225,39060
7225,39061
7225,39062
7225,39063
7225,39064
7225,39065
7225,39066
7225,39067
7225,39068
7225,39069
7225,39070
7225,39071
7225,39072
7225,39073
7225,39074
7225,39075
7225,39076
7225,39077
7225,39078
7225,39079
7225,39080
7225,39081
7225,39082
7225,39083
7225,39084
7225,39085
7225,39086
7225,39087
7225,39088
7225,39089
7225,39090
7225,39091
7225,39092
7225,39093
7225,39094
7225,39095
7225,39096
7225,39097
7225,39098
7225,39099
7225,39100
7225,39101
7225,39102
7225,39103
7225,39104
7225,39105
7225,39106
7226,39044
7226,39045
7226,39046
7226,39047
7226,39048
7226,39049
7226,39050
7226,39051
7226,39052
7226,39053
7226,39054
7226,39055
7226,39056
7226,39057
7226,39058
7226,39059
7226,39060
7226,39061
7226,39062
7226,39063
7226,39064
7226,39065
7226,39066
7226,39067
7226,39068
7226,39069
7226,39070
7226,39071
7226,39072
7226,39073
7226,39074
7226,39075
7226,39076
7226,39077
7226,39078
7226,39079
7226,39080
7226,39081
7226,39082
7226,39083
7226,39084
7226,39085
7226,39086
7226,39087
7226,39088
7226,39089
7226,39090
7226,39091
7226,39092
7226,39093
7226,39094
7226,39095
7226,39096
7226,39097
7226,39098
7226,39099
7226,39100
7226,39101
7226,39102
7226,39103
7226,39104
7226,39105
7226,39106
7227,39045
7227,39046
7227,39047
7227,39048
7227,39049
7227,39050
7227,39051
7227,39052
7227,39053
7227,39054
7227,39055
7227,39056
7227,39057
7227,39058
7227,39059
7227,39060
7227,39061
7227,39062
7227,39063
7227,39064
7227,39065
7227,39066
7227,39067
7227,39068
7227,39069
7227,39070
7227,39071
7227,39072
7227,39073
7227,39074
7227,39075
7227,39076
7227,39077
7227,39078
7227,39079
7227,39080
7227,39081
7227,39082
7227,39083
7227,39084
7227,39085
7227,39086
7227,39087
7227,39088
7227,39089
7227,39090
7227,39091
7227,39092
7227,39093
7227,39094
7227,39095
7227,39096
7227,39097
7227,39098
7227,39099
7227,39100
7227,39101
7227,39102
7227,39103
7227,39104
7227,39105
7227,39106
7227,39107
7228,39046
7228,39047
7228,39048
7228,39049
7228,39050
7228,39051
7228,39052
7228,39053
7228,39054
7228,39055
7228,39056
7228,39057
7228,39058
7228,39059
7228,39060
7228,39061
7228,39062
7228,39063
7228,39064
7228,39065
7228,39066
7228,39067
7228,39068
7228,39069
7228,39070
7228,39071
7228,39072
7228,39073
7228,39074
7228,39075
7228,39076
7228,39077
7228,39078
7228,39079
7228,39080
7228,39081
7228,39082
7228,39083
7228,39084
7228,39085
7228,39086
7228,39087
7228,39088
7228,39089
7228,39090
7228,39091
7228,39092
7228,39093
7228,39094
7228,39095
7228,39096
7228,39097
7228,39098
7228,39099
7228,39100
7228,39101
7228,39102
7228,39103
7228,39104
7228,39105
7228,39106
7229,39046
7229,39047
7229,39048
7229,39049
7229,39050
7229,39051
7229,39052
7229,39053
7229,39054
7229,39055
7229,39056
7229,39057
7229,39058
7229,39059
7229,39060
7229,39061
7229,39062
7229,39063
7229,39064
7229,39065
7229,39066
7229,39067
7229,39068
7229,39069
7229,39070
7229,39071
7229,39072
7229,39073
7229,39074
7229,39075
7229,39076
7229,39077
7229,39078
7229,39079
7229,39080
7229,39081
7229,39082
7229,39083
7229,39084
7229,39085
7229,39086
7229,39087
7229,39088
7229,39089
7229,39090
7229,39091
7229,39092
7229,39093
7229,39094
7229,39095
7229,39096
7229,39097
7229,39098
7229,39099
7229,39100
7229,39101
7229,39102
7229,39103
7229,39104
7229,39105
7229,39106
7229,39107
7230,39046
7230,39047
7230,39048
7230,39049
7230,39050
7230,39051
7230,39052
7230,39053
7230,39054
7230,39055
7230,39056
7230,39057
7230,39058
7230,39059
7230,39060
7230,39061
7230,39062
7230,39063
7230,39064
7230,39065
7230,39066
7230,39067
7230,39068
7230,39069
7230,39070
7230,39071
7230,39072
7230,39073
7230,39074
7230,39075
7230,39076
7230,39077
7230,39078
7230,39079
7230,39080
7230,39081
7230,39082
7230,39083
7230,39084
7230,39085
7230,39086
7230,39087
7230,39088
7230,39089
7230,39090
7230,39091
7230,39092
7230,39093
7230,39094
7230,39095
7230,39096
7230,39097
7230,39098
7230,39099
7230,39100
7230,39101
7230,39102
7230,39103
7230,39104
7230,39105
7230,39106
7231,39047
7231,39048
7231,39049
7231,39050
7231,39051
7231,39052
7231,39053
7231,39054
7231,39055
7231,39056
7231,39057
7231,39058
7231,39059
7231,39060
7231,39061
7231,39062
7231,39063
7231,39064
7231,39065
7231,39066
7231,39067
7231,39068
7231,39069
7231,39070
7231,39071
7231,39072
7231,39073
7231,39074
7231,39075
7231,39076
7231,39077
7231,39078
7231,39079
7231,39080
7231,39081
7231,39082
7231,39083
7231,39084
7231,39085
7231,39086
7231,39087
7231,39088
7231,39089
7231,39090
7231,39091
7231,39092
7231,39093
7231,39094
7231,39095
7231,39096
7231,39097
7231,39098
7231,39099
7231,39100
7231,39101
7231,39102
7231,39103
7231,39104
7231,39105
7231,39106
7232,39048
7232,39049
7232,39050
7232,39051
7232,39052
7232,39053
7232,39054
7232,39055
7232,39056
7232,39057
7232,39058
7232,39059
7232,39060
7232,39061
7232,39062
7232,39063
7232,39064
7232,39065
7232,39066
7232,39067
7232,39068
7232,39069
7232,39070
7232,39071
7232,39072
7232,39073
7232,39074
7232,39075
7232,39076
7232,39077
7232,39078
7232,39079
7232,39080
7232,39081
7232,39082
7232,39083
7232,39084
7232,39085
7232,39086
7232,39087
7232,39088
7232,39089
7232,39090
7232,39091
7232,39092
7232,39093
7232,39094
7232,39095
7232,39096
7232,39097
7232,39098
7232,39099
7232,39100
7232,39101
7232,39102
7232,39103
7232,39104
7232,39105
7233,39048
7233,39049
7233,39050
7233,39051
7233,39052
7233,39053
7233,39054
7233,39055
7233,39056
7233,39057
7233,39058
7233,39059
7233,39060
7233,39061
7233,39062
7233,39063
7233,39064
7233,39065
7233,39066
7233,39067
7233,39068
7233,39069
7233,39070
7233,39071
7233,39072
7233,39073
7233,39074
7233,39075
7233,39076
7233,39077
7233,39078
7233,39079
7233,39080
7233,39081
7233,39082
7233,39083
7233,39084
7233,39085
7233,39086
7233,39087
7233,39088
7233,39089
7233,39090
7233,39091
7233,39092
7233,39093
7233,39094
7233,39095
7233,39096
7233,39097
7233,39098
7233,39099
7233,39100
7233,39101
7233,39102
7233,39103
7233,39104
7234,39049
7234,39050
7234,39051
7234,39052
7234,39053
7234,39054
7234,39055
7234,39056
7234,39057
7234,39058
7234,39059
7234,39060
7234,39061
7234,39062
7234,39063
7234,39064
7234,39065
7234,39066
7234,39067
7234,39068
7234,39069
7234,39070
7234,39071
7234,39072
7234,39073
7234,39074
7234,39075
7234,39076
7234,39077
7234,39078
7234,39079
7234,39080
7234,39081
7234,39082
7234,39083
7234,39084
7234,39085
7234,39086
7234,39087
7234,39088
7234,39089
7234,39090
7234,39091
7234,39092
7234,39093
7234,39094
7234,39095
7234,39096
7234,39097
7234,39098
7234,39099
7234,39100
7234,39101
7234,39102
7235,39050
7235,39051
7235,39052
7235,39053
7235,39054
7235,39055
7235,39056
7235,39057
7235,39058
7235,39059
7235,39060
7235,39061
7235,39062
7235,39063
7235,39064
7235,39065
7235,39066
7235,39067
7235,39068
7235,39069
7235,39070
7235,39071
7235,39072
7235,39073
7235,39074
7235,39075
7235,39076
7235,39077
7235,39078
7235,39079
7235,39080
7235,39081
7235,39082
7235,39083
7235,39084
7235,39085
7235,39086
7235,39087
7235,39088
7235,39089
7235,39090
7235,39091
7235,39092
7235,39093
7235,39094
7235,39095
7235,39096
7235,39097
7235,39098
7236,39051
7236,39052
7236,39053
7236,39054
7236,39055
7236,39056
7236,39057
7236,39058
7236,39059
7236,39060
7236,39061
7236,39062
7236,39063
7236,39064
7236,39065
7236,39066
7236,39067
7236,39068
7236,39069
7236,39070
7236,39071
7236,39072
7236,39073
7236,39074
7236,39075
7236,39076
7236,39077
7236,39078
7236,39079
7236,39080
7236,39081
7236,39082
7236,39083
7236,39084
7236,39085
7236,39086
7236,39087
7236,39088
7236,39089
7236,39090
7236,39091
7236,39092
7236,39093
7236,39094
7236,39095
7236,39096
7236,39097
7237,39052
7237,39053
7237,39054
7237,39055
7237,39056
7237,39057
7237,39058
7237,39059
7237,39060
7237,39061
7237,39062
7237,39063
7237,39064
7237,39065
7237,39066
7237,39067
7237,39068
7237,39069
7237,39070
7237,39071
7237,39072
7237,39073
7237,39074
7237,39075
7237,39076
7237,39077
7237,39078
7237,39079
7237,39080
7237,39081
7237,39082
7237,39083
7237,39084
7237,39085
7237,39086
7237,39087
7237,39088
7237,39089
7237,39090
7237,39091
7237,39092
7237,39093
7237,39094
7238,39053
7238,39054
7238,39055
7238,39056
7238,39057
7238,39058
7238,39059
7238,39060
7238,39061
7238,39062
7238,39063
7238,39064
7238,39065
7238,39066
7238,39067
7238,39068
7238,39069
7238,39070
7238,39071
7238,39072
7238,39073
7238,39074
7238,39075
7238,39076
7238,39077
7238,39078
7238,39079
7238,39080
7238,39081
7238,39082
7238,39083
7238,39084
7238,39085
7238,39086
7238,39087
7238,39088
7238,39089
7238,39090
7238,39091
7238,39092
7238,39093
7239,39054
7239,39055
7239,39056
7239,39057
7239,39058
7239,39059
7239,39060
7239,39061
7239,39062
7239,39063
7239,39064
7239,39065
7239,39066
7239,39067
7239,39068
7239,39069
7239,39070
7239,39071
7239,39072
7239,39073
7239,39074
7239,39075
7239,39076
7239,39077
7239,39078
7239,39079
7239,39080
7239,39081
7239,39082
7239,39083
7239,39084
7239,39085
7239,39086
7239,39087
7239,39088
7239,39089
7239,39090
7239,39091
7239,39092
7240,39055
7240,39056
7240,39057
7240,39058
7240,39059
7240,39060
7240,39061
7240,39062
7240,39063
7240,39064
7240,39065
7240,39066
7240,39067
7240,39068
7240,39069
7240,39070
7240,39071
7240,39072
7240,39073
7240,39074
7240,39075
7240,39076
7240,39077
7240,39078
7240,39079
7240,39080
7240,39081
7240,39082
7240,39083
7240,39084
7240,39085
7240,39086
7240,39087
7240,39088
7240,39089
7240,39090
7240,39091
7241,39056
7241,39057
7241,39058
7241,39059
7241,39060
7241,39061
7241,39062
7241,39063
7241,39064
7241,39065
7241,39066
7241,39067
7241,39068
7241,39069
7241,39070
7241,39071
7241,39072
7241,39073
7241,39074
7241,39075
7241,39076
7241,39077
7241,39078
7241,39079
7241,39080
7241,39081
7241,39082
7241,39083
7241,39084
7241,39085
7241,39086
7241,39087
7241,39088
7241,39089
7241,39090
7241,39091
7242,39056
7242,39057
7242,39058
7242,39059
7242,39060
7242,39061
7242,39062
7242,39063
7242,39064
7242,39065
7242,39066
7242,39067
7242,39068
7242,39069
7242,39070
7242,39071
7242,39072
7242,39073
7242,39074
7242,39075
7242,39076
7242,39077
7242,39078
7242,39079
7242,39080
7242,39081
7242,39082
7242,39083
7242,39084
7242,39085
7242,39086
7242,39087
7242,39088
7242,39089
7242,39090
7243,39057
7243,39058
7243,39059
7243,39060
7243,39061
7243,39062
7243,39063
7243,39064
7243,39065
7243,39066
7243,39067
7243,39068
7243,39069
7243,39070
7243,39071
7243,39072
7243,39073
