"X","Y"
24027,17553
24027,17554
24028,17540
24028,17541
24028,17542
24028,17543
24028,17544
24028,17545
24028,17546
24028,17547
24028,17548
24028,17549
24028,17550
24028,17551
24028,17552
24028,17553
24028,17554
24028,17555
24028,17556
24028,17557
24029,17532
24029,17533
24029,17534
24029,17535
24029,17537
24029,17538
24029,17539
24029,17540
24029,17541
24029,17542
24029,17543
24029,17544
24029,17545
24029,17546
24029,17547
24029,17548
24029,17549
24029,17550
24029,17551
24029,17552
24029,17553
24029,17554
24029,17555
24029,17556
24029,17557
24029,17558
24030,17529
24030,17530
24030,17531
24030,17532
24030,17533
24030,17534
24030,17535
24030,17536
24030,17537
24030,17538
24030,17539
24030,17540
24030,17541
24030,17542
24030,17543
24030,17544
24030,17545
24030,17546
24030,17547
24030,17548
24030,17549
24030,17550
24030,17551
24030,17552
24030,17553
24030,17554
24030,17555
24030,17556
24030,17557
24030,17558
24030,17559
24031,17528
24031,17529
24031,17530
24031,17531
24031,17532
24031,17533
24031,17534
24031,17535
24031,17536
24031,17537
24031,17538
24031,17539
24031,17540
24031,17541
24031,17542
24031,17543
24031,17544
24031,17545
24031,17546
24031,17547
24031,17548
24031,17549
24031,17550
24031,17551
24031,17552
24031,17553
24031,17554
24031,17555
24031,17556
24031,17557
24031,17558
24031,17559
24031,17560
24032,17527
24032,17528
24032,17529
24032,17530
24032,17531
24032,17532
24032,17533
24032,17534
24032,17535
24032,17536
24032,17537
24032,17538
24032,17539
24032,17540
24032,17541
24032,17542
24032,17543
24032,17544
24032,17545
24032,17546
24032,17547
24032,17548
24032,17549
24032,17550
24032,17551
24032,17552
24032,17553
24032,17554
24032,17555
24032,17556
24032,17557
24032,17558
24032,17559
24032,17560
24033,17526
24033,17527
24033,17528
24033,17529
24033,17530
24033,17531
24033,17532
24033,17533
24033,17534
24033,17535
24033,17536
24033,17537
24033,17538
24033,17539
24033,17540
24033,17541
24033,17542
24033,17543
24033,17544
24033,17545
24033,17546
24033,17547
24033,17548
24033,17549
24033,17550
24033,17551
24033,17552
24033,17553
24033,17554
24033,17555
24033,17556
24033,17557
24033,17558
24033,17559
24033,17560
24034,17524
24034,17525
24034,17526
24034,17527
24034,17528
24034,17529
24034,17530
24034,17531
24034,17532
24034,17533
24034,17534
24034,17535
24034,17536
24034,17537
24034,17538
24034,17539
24034,17540
24034,17541
24034,17542
24034,17543
24034,17544
24034,17545
24034,17546
24034,17547
24034,17548
24034,17549
24034,17550
24034,17551
24034,17552
24034,17553
24034,17554
24034,17555
24034,17556
24034,17557
24034,17558
24034,17559
24034,17560
24034,17561
24035,17523
24035,17524
24035,17525
24035,17526
24035,17527
24035,17528
24035,17529
24035,17530
24035,17531
24035,17532
24035,17533
24035,17534
24035,17535
24035,17536
24035,17537
24035,17538
24035,17539
24035,17540
24035,17541
24035,17542
24035,17543
24035,17544
24035,17545
24035,17546
24035,17547
24035,17548
24035,17549
24035,17550
24035,17551
24035,17552
24035,17553
24035,17554
24035,17555
24035,17556
24035,17557
24035,17558
24035,17559
24035,17560
24035,17561
24036,17522
24036,17523
24036,17524
24036,17525
24036,17526
24036,17527
24036,17528
24036,17529
24036,17530
24036,17531
24036,17532
24036,17533
24036,17534
24036,17535
24036,17536
24036,17537
24036,17538
24036,17539
24036,17540
24036,17541
24036,17542
24036,17543
24036,17544
24036,17545
24036,17546
24036,17547
24036,17548
24036,17549
24036,17550
24036,17551
24036,17552
24036,17553
24036,17554
24036,17555
24036,17556
24036,17557
24036,17558
24036,17559
24036,17560
24036,17561
24037,17521
24037,17522
24037,17523
24037,17524
24037,17525
24037,17526
24037,17527
24037,17528
24037,17529
24037,17530
24037,17531
24037,17532
24037,17533
24037,17534
24037,17535
24037,17536
24037,17537
24037,17538
24037,17539
24037,17540
24037,17541
24037,17542
24037,17543
24037,17544
24037,17545
24037,17546
24037,17547
24037,17548
24037,17549
24037,17550
24037,17551
24037,17552
24037,17553
24037,17554
24037,17555
24037,17556
24037,17557
24037,17558
24037,17559
24037,17560
24037,17561
24038,17520
24038,17521
24038,17522
24038,17523
24038,17524
24038,17525
24038,17526
24038,17527
24038,17528
24038,17529
24038,17530
24038,17531
24038,17532
24038,17533
24038,17534
24038,17535
24038,17536
24038,17537
24038,17538
24038,17539
24038,17540
24038,17541
24038,17542
24038,17543
24038,17544
24038,17545
24038,17546
24038,17547
24038,17548
24038,17549
24038,17550
24038,17551
24038,17552
24038,17553
24038,17554
24038,17555
24038,17556
24038,17557
24038,17558
24038,17559
24038,17560
24038,17561
24038,17562
24039,17519
24039,17520
24039,17521
24039,17522
24039,17523
24039,17524
24039,17525
24039,17526
24039,17527
24039,17528
24039,17529
24039,17530
24039,17531
24039,17532
24039,17533
24039,17534
24039,17535
24039,17536
24039,17537
24039,17538
24039,17539
24039,17540
24039,17541
24039,17542
24039,17543
24039,17544
24039,17545
24039,17546
24039,17547
24039,17548
24039,17549
24039,17550
24039,17551
24039,17552
24039,17553
24039,17554
24039,17555
24039,17556
24039,17557
24039,17558
24039,17559
24039,17560
24039,17561
24039,17562
24040,17519
24040,17520
24040,17521
24040,17522
24040,17523
24040,17524
24040,17525
24040,17526
24040,17527
24040,17528
24040,17529
24040,17530
24040,17531
24040,17532
24040,17533
24040,17534
24040,17535
24040,17536
24040,17537
24040,17538
24040,17539
24040,17540
24040,17541
24040,17542
24040,17543
24040,17544
24040,17545
24040,17546
24040,17547
24040,17548
24040,17549
24040,17550
24040,17551
24040,17552
24040,17553
24040,17554
24040,17555
24040,17556
24040,17557
24040,17558
24040,17559
24040,17560
24040,17561
24040,17562
24041,17518
24041,17519
24041,17520
24041,17521
24041,17522
24041,17523
24041,17524
24041,17525
24041,17526
24041,17527
24041,17528
24041,17529
24041,17530
24041,17531
24041,17532
24041,17533
24041,17534
24041,17535
24041,17536
24041,17537
24041,17538
24041,17539
24041,17540
24041,17541
24041,17542
24041,17543
24041,17544
24041,17545
24041,17546
24041,17547
24041,17548
24041,17549
24041,17550
24041,17551
24041,17552
24041,17553
24041,17554
24041,17555
24041,17556
24041,17557
24041,17558
24041,17559
24041,17560
24041,17561
24041,17562
24041,17563
24042,17516
24042,17517
24042,17518
24042,17519
24042,17520
24042,17521
24042,17522
24042,17523
24042,17524
24042,17525
24042,17526
24042,17527
24042,17528
24042,17529
24042,17530
24042,17531
24042,17532
24042,17533
24042,17534
24042,17535
24042,17536
24042,17537
24042,17538
24042,17539
24042,17540
24042,17541
24042,17542
24042,17543
24042,17544
24042,17545
24042,17546
24042,17547
24042,17548
24042,17549
24042,17550
24042,17551
24042,17552
24042,17553
24042,17554
24042,17555
24042,17556
24042,17557
24042,17558
24042,17559
24042,17560
24042,17561
24042,17562
24043,17515
24043,17516
24043,17517
24043,17518
24043,17519
24043,17520
24043,17521
24043,17522
24043,17523
24043,17524
24043,17525
24043,17526
24043,17527
24043,17528
24043,17529
24043,17530
24043,17531
24043,17532
24043,17533
24043,17534
24043,17535
24043,17536
24043,17537
24043,17538
24043,17539
24043,17540
24043,17541
24043,17542
24043,17543
24043,17544
24043,17545
24043,17546
24043,17547
24043,17548
24043,17549
24043,17550
24043,17551
24043,17552
24043,17553
24043,17554
24043,17555
24043,17556
24043,17557
24043,17558
24043,17559
24043,17560
24043,17561
24043,17562
24044,17514
24044,17515
24044,17516
24044,17517
24044,17518
24044,17519
24044,17520
24044,17521
24044,17522
24044,17523
24044,17524
24044,17525
24044,17526
24044,17527
24044,17528
24044,17529
24044,17530
24044,17531
24044,17532
24044,17533
24044,17534
24044,17535
24044,17536
24044,17537
24044,17538
24044,17539
24044,17540
24044,17541
24044,17542
24044,17543
24044,17544
24044,17545
24044,17546
24044,17547
24044,17548
24044,17549
24044,17550
24044,17551
24044,17552
24044,17553
24044,17554
24044,17555
24044,17556
24044,17557
24044,17558
24044,17559
24044,17560
24044,17561
24044,17562
24044,17563
24045,17513
24045,17514
24045,17515
24045,17516
24045,17517
24045,17518
24045,17519
24045,17520
24045,17521
24045,17522
24045,17523
24045,17524
24045,17525
24045,17526
24045,17527
24045,17528
24045,17529
24045,17530
24045,17531
24045,17532
24045,17533
24045,17534
24045,17535
24045,17536
24045,17537
24045,17538
24045,17539
24045,17540
24045,17541
24045,17542
24045,17543
24045,17544
24045,17545
24045,17546
24045,17547
24045,17548
24045,17549
24045,17550
24045,17551
24045,17552
24045,17553
24045,17554
24045,17555
24045,17556
24045,17557
24045,17558
24045,17559
24045,17560
24045,17561
24045,17562
24045,17563
24046,17512
24046,17513
24046,17514
24046,17515
24046,17516
24046,17517
24046,17518
24046,17519
24046,17520
24046,17521
24046,17522
24046,17523
24046,17524
24046,17525
24046,17526
24046,17527
24046,17528
24046,17529
24046,17530
24046,17531
24046,17532
24046,17533
24046,17534
24046,17535
24046,17536
24046,17537
24046,17538
24046,17539
24046,17540
24046,17541
24046,17542
24046,17543
24046,17544
24046,17545
24046,17546
24046,17547
24046,17548
24046,17549
24046,17550
24046,17551
24046,17552
24046,17553
24046,17554
24046,17555
24046,17556
24046,17557
24046,17558
24046,17559
24046,17560
24046,17561
24046,17562
24046,17563
24047,17511
24047,17512
24047,17513
24047,17514
24047,17515
24047,17516
24047,17517
24047,17518
24047,17519
24047,17520
24047,17521
24047,17522
24047,17523
24047,17524
24047,17525
24047,17526
24047,17527
24047,17528
24047,17529
24047,17530
24047,17531
24047,17532
24047,17533
24047,17534
24047,17535
24047,17536
24047,17537
24047,17538
24047,17539
24047,17540
24047,17541
24047,17542
24047,17543
24047,17544
24047,17545
24047,17546
24047,17547
24047,17548
24047,17549
24047,17550
24047,17551
24047,17552
24047,17553
24047,17554
24047,17555
24047,17556
24047,17557
24047,17558
24047,17559
24047,17560
24047,17561
24047,17562
24048,17510
24048,17511
24048,17512
24048,17513
24048,17514
24048,17515
24048,17516
24048,17517
24048,17518
24048,17519
24048,17520
24048,17521
24048,17522
24048,17523
24048,17524
24048,17525
24048,17526
24048,17527
24048,17528
24048,17529
24048,17530
24048,17531
24048,17532
24048,17533
24048,17534
24048,17535
24048,17536
24048,17537
24048,17538
24048,17539
24048,17540
24048,17541
24048,17542
24048,17543
24048,17544
24048,17545
24048,17546
24048,17547
24048,17548
24048,17549
24048,17550
24048,17551
24048,17552
24048,17553
24048,17554
24048,17555
24048,17556
24048,17557
24048,17558
24048,17559
24048,17560
24048,17561
24048,17562
24049,17509
24049,17510
24049,17511
24049,17512
24049,17513
24049,17514
24049,17515
24049,17516
24049,17517
24049,17518
24049,17519
24049,17520
24049,17521
24049,17522
24049,17523
24049,17524
24049,17525
24049,17526
24049,17527
24049,17528
24049,17529
24049,17530
24049,17531
24049,17532
24049,17533
24049,17534
24049,17535
24049,17536
24049,17537
24049,17538
24049,17539
24049,17540
24049,17541
24049,17542
24049,17543
24049,17544
24049,17545
24049,17546
24049,17547
24049,17548
24049,17549
24049,17550
24049,17551
24049,17552
24049,17553
24049,17554
24049,17555
24049,17556
24049,17557
24049,17558
24049,17559
24049,17560
24049,17561
24049,17562
24050,17508
24050,17509
24050,17510
24050,17511
24050,17512
24050,17513
24050,17514
24050,17515
24050,17516
24050,17517
24050,17518
24050,17519
24050,17520
24050,17521
24050,17522
24050,17523
24050,17524
24050,17525
24050,17526
24050,17527
24050,17528
24050,17529
24050,17530
24050,17531
24050,17532
24050,17533
24050,17534
24050,17535
24050,17536
24050,17537
24050,17538
24050,17539
24050,17540
24050,17541
24050,17542
24050,17543
24050,17544
24050,17545
24050,17546
24050,17547
24050,17548
24050,17549
24050,17550
24050,17551
24050,17552
24050,17553
24050,17554
24050,17555
24050,17556
24050,17557
24050,17558
24050,17559
24050,17560
24050,17561
24051,17505
24051,17506
24051,17507
24051,17508
24051,17509
24051,17510
24051,17511
24051,17512
24051,17513
24051,17514
24051,17515
24051,17516
24051,17517
24051,17518
24051,17519
24051,17520
24051,17521
24051,17522
24051,17523
24051,17524
24051,17525
24051,17526
24051,17527
24051,17528
24051,17529
24051,17530
24051,17531
24051,17532
24051,17533
24051,17534
24051,17535
24051,17536
24051,17537
24051,17538
24051,17539
24051,17540
24051,17541
24051,17542
24051,17543
24051,17544
24051,17545
24051,17546
24051,17547
24051,17548
24051,17549
24051,17550
24051,17551
24051,17552
24051,17553
24051,17554
24051,17555
24051,17556
24051,17557
24051,17558
24051,17559
24051,17560
24051,17561
24052,17502
24052,17503
24052,17504
24052,17505
24052,17506
24052,17507
24052,17508
24052,17509
24052,17510
24052,17511
24052,17512
24052,17513
24052,17514
24052,17515
24052,17516
24052,17517
24052,17518
24052,17519
24052,17520
24052,17521
24052,17522
24052,17523
24052,17524
24052,17525
24052,17526
24052,17527
24052,17528
24052,17529
24052,17530
24052,17531
24052,17532
24052,17533
24052,17534
24052,17535
24052,17536
24052,17537
24052,17538
24052,17539
24052,17540
24052,17541
24052,17542
24052,17543
24052,17544
24052,17545
24052,17546
24052,17547
24052,17548
24052,17549
24052,17550
24052,17551
24052,17552
24052,17553
24052,17554
24052,17555
24052,17556
24052,17557
24052,17558
24052,17559
24052,17560
24052,17561
24053,17501
24053,17502
24053,17503
24053,17504
24053,17505
24053,17506
24053,17507
24053,17508
24053,17509
24053,17510
24053,17511
24053,17512
24053,17513
24053,17514
24053,17515
24053,17516
24053,17517
24053,17518
24053,17519
24053,17520
24053,17521
24053,17522
24053,17523
24053,17524
24053,17525
24053,17526
24053,17527
24053,17528
24053,17529
24053,17530
24053,17531
24053,17532
24053,17533
24053,17534
24053,17535
24053,17536
24053,17537
24053,17538
24053,17539
24053,17540
24053,17541
24053,17542
24053,17543
24053,17544
24053,17545
24053,17546
24053,17547
24053,17548
24053,17549
24053,17550
24053,17551
24053,17552
24053,17553
24053,17554
24053,17555
24053,17556
24053,17557
24053,17558
24053,17559
24053,17560
24054,17449
24054,17450
24054,17458
24054,17499
24054,17500
24054,17501
24054,17502
24054,17503
24054,17504
24054,17505
24054,17506
24054,17507
24054,17508
24054,17509
24054,17510
24054,17511
24054,17512
24054,17513
24054,17514
24054,17515
24054,17516
24054,17517
24054,17518
24054,17519
24054,17520
24054,17521
24054,17522
24054,17523
24054,17524
24054,17525
24054,17526
24054,17527
24054,17528
24054,17529
24054,17530
24054,17531
24054,17532
24054,17533
24054,17534
24054,17535
24054,17536
24054,17537
24054,17538
24054,17539
24054,17540
24054,17541
24054,17542
24054,17543
24054,17544
24054,17545
24054,17546
24054,17547
24054,17548
24054,17549
24054,17550
24054,17551
24054,17552
24054,17553
24054,17554
24054,17555
24054,17556
24054,17557
24054,17558
24054,17559
24054,17560
24054,17561
24055,17446
24055,17447
24055,17448
24055,17449
24055,17450
24055,17451
24055,17452
24055,17453
24055,17455
24055,17456
24055,17457
24055,17458
24055,17459
24055,17460
24055,17461
24055,17466
24055,17468
24055,17469
24055,17471
24055,17496
24055,17497
24055,17498
24055,17499
24055,17500
24055,17501
24055,17502
24055,17503
24055,17504
24055,17505
24055,17506
24055,17507
24055,17508
24055,17509
24055,17510
24055,17511
24055,17512
24055,17513
24055,17514
24055,17515
24055,17516
24055,17517
24055,17518
24055,17519
24055,17520
24055,17521
24055,17522
24055,17523
24055,17524
24055,17525
24055,17526
24055,17527
24055,17528
24055,17529
24055,17530
24055,17531
24055,17532
24055,17533
24055,17534
24055,17535
24055,17536
24055,17537
24055,17538
24055,17539
24055,17540
24055,17541
24055,17542
24055,17543
24055,17544
24055,17545
24055,17546
24055,17547
24055,17548
24055,17549
24055,17550
24055,17551
24055,17552
24055,17553
24055,17554
24055,17555
24055,17556
24055,17557
24055,17558
24055,17559
24055,17560
24055,17561
24055,17562
24056,17444
24056,17445
24056,17446
24056,17447
24056,17448
24056,17449
24056,17450
24056,17451
24056,17452
24056,17453
24056,17454
24056,17455
24056,17456
24056,17457
24056,17458
24056,17459
24056,17460
24056,17461
24056,17462
24056,17463
24056,17464
24056,17465
24056,17466
24056,17467
24056,17468
24056,17469
24056,17470
24056,17471
24056,17472
24056,17473
24056,17474
24056,17475
24056,17476
24056,17478
24056,17494
24056,17495
24056,17496
24056,17497
24056,17498
24056,17499
24056,17500
24056,17501
24056,17502
24056,17503
24056,17504
24056,17505
24056,17506
24056,17507
24056,17508
24056,17509
24056,17510
24056,17511
24056,17512
24056,17513
24056,17514
24056,17515
24056,17516
24056,17517
24056,17518
24056,17519
24056,17520
24056,17521
24056,17522
24056,17523
24056,17524
24056,17525
24056,17526
24056,17527
24056,17528
24056,17529
24056,17530
24056,17531
24056,17532
24056,17533
24056,17534
24056,17535
24056,17536
24056,17537
24056,17538
24056,17539
24056,17540
24056,17541
24056,17542
24056,17543
24056,17544
24056,17545
24056,17546
24056,17547
24056,17548
24056,17549
24056,17550
24056,17551
24056,17552
24056,17553
24056,17554
24056,17555
24056,17556
24056,17557
24056,17558
24056,17559
24056,17560
24056,17561
24056,17562
24056,17563
24057,17443
24057,17444
24057,17445
24057,17446
24057,17447
24057,17448
24057,17449
24057,17450
24057,17451
24057,17452
24057,17453
24057,17454
24057,17455
24057,17456
24057,17457
24057,17458
24057,17459
24057,17460
24057,17461
24057,17462
24057,17463
24057,17464
24057,17465
24057,17466
24057,17467
24057,17468
24057,17469
24057,17470
24057,17471
24057,17472
24057,17473
24057,17474
24057,17475
24057,17476
24057,17477
24057,17478
24057,17479
24057,17480
24057,17481
24057,17486
24057,17492
24057,17493
24057,17494
24057,17495
24057,17496
24057,17497
24057,17498
24057,17499
24057,17500
24057,17501
24057,17502
24057,17503
24057,17504
24057,17505
24057,17506
24057,17507
24057,17508
24057,17509
24057,17510
24057,17511
24057,17512
24057,17513
24057,17514
24057,17515
24057,17516
24057,17517
24057,17518
24057,17519
24057,17520
24057,17521
24057,17522
24057,17523
24057,17524
24057,17525
24057,17526
24057,17527
24057,17528
24057,17529
24057,17530
24057,17531
24057,17532
24057,17533
24057,17534
24057,17535
24057,17536
24057,17537
24057,17538
24057,17539
24057,17540
24057,17541
24057,17542
24057,17543
24057,17544
24057,17545
24057,17546
24057,17547
24057,17548
24057,17549
24057,17550
24057,17551
24057,17552
24057,17553
24057,17554
24057,17555
24057,17556
24057,17557
24057,17558
24057,17559
24057,17560
24057,17561
24057,17562
24057,17563
24058,17441
24058,17442
24058,17443
24058,17444
24058,17445
24058,17446
24058,17447
24058,17448
24058,17449
24058,17450
24058,17451
24058,17452
24058,17453
24058,17454
24058,17455
24058,17456
24058,17457
24058,17458
24058,17459
24058,17460
24058,17461
24058,17462
24058,17463
24058,17464
24058,17465
24058,17466
24058,17467
24058,17468
24058,17469
24058,17470
24058,17471
24058,17472
24058,17473
24058,17474
24058,17475
24058,17476
24058,17477
24058,17478
24058,17479
24058,17480
24058,17481
24058,17482
24058,17483
24058,17484
24058,17485
24058,17486
24058,17487
24058,17488
24058,17489
24058,17490
24058,17491
24058,17492
24058,17493
24058,17494
24058,17495
24058,17496
24058,17497
24058,17498
24058,17499
24058,17500
24058,17501
24058,17502
24058,17503
24058,17504
24058,17505
24058,17506
24058,17507
24058,17508
24058,17509
24058,17510
24058,17511
24058,17512
24058,17513
24058,17514
24058,17515
24058,17516
24058,17517
24058,17518
24058,17519
24058,17520
24058,17521
24058,17522
24058,17523
24058,17524
24058,17525
24058,17526
24058,17527
24058,17528
24058,17529
24058,17530
24058,17531
24058,17532
24058,17533
24058,17534
24058,17535
24058,17536
24058,17537
24058,17538
24058,17539
24058,17540
24058,17541
24058,17542
24058,17543
24058,17544
24058,17545
24058,17546
24058,17547
24058,17548
24058,17549
24058,17550
24058,17551
24058,17552
24058,17553
24058,17554
24058,17555
24058,17556
24058,17557
24058,17558
24058,17559
24058,17560
24058,17561
24058,17562
24058,17563
24058,17564
24059,17440
24059,17441
24059,17442
24059,17443
24059,17444
24059,17445
24059,17446
24059,17447
24059,17448
24059,17449
24059,17450
24059,17451
24059,17452
24059,17453
24059,17454
24059,17455
24059,17456
24059,17457
24059,17458
24059,17459
24059,17460
24059,17461
24059,17462
24059,17463
24059,17464
24059,17465
24059,17466
24059,17467
24059,17468
24059,17469
24059,17470
24059,17471
24059,17472
24059,17473
24059,17474
24059,17475
24059,17476
24059,17477
24059,17478
24059,17479
24059,17480
24059,17481
24059,17482
24059,17483
24059,17484
24059,17485
24059,17486
24059,17487
24059,17488
24059,17489
24059,17490
24059,17491
24059,17492
24059,17493
24059,17494
24059,17495
24059,17496
24059,17497
24059,17498
24059,17499
24059,17500
24059,17501
24059,17502
24059,17503
24059,17504
24059,17505
24059,17506
24059,17507
24059,17508
24059,17509
24059,17510
24059,17511
24059,17512
24059,17513
24059,17514
24059,17515
24059,17516
24059,17517
24059,17518
24059,17519
24059,17520
24059,17521
24059,17522
24059,17523
24059,17524
24059,17525
24059,17526
24059,17527
24059,17528
24059,17529
24059,17530
24059,17531
24059,17532
24059,17533
24059,17534
24059,17535
24059,17536
24059,17537
24059,17538
24059,17539
24059,17540
24059,17541
24059,17542
24059,17543
24059,17544
24059,17545
24059,17546
24059,17547
24059,17548
24059,17549
24059,17550
24059,17551
24059,17552
24059,17553
24059,17554
24059,17555
24059,17556
24059,17557
24059,17558
24059,17559
24059,17560
24059,17561
24059,17562
24059,17563
24060,17439
24060,17440
24060,17441
24060,17442
24060,17443
24060,17444
24060,17445
24060,17446
24060,17447
24060,17448
24060,17449
24060,17450
24060,17451
24060,17452
24060,17453
24060,17454
24060,17455
24060,17456
24060,17457
24060,17458
24060,17459
24060,17460
24060,17461
24060,17462
24060,17463
24060,17464
24060,17465
24060,17466
24060,17467
24060,17468
24060,17469
24060,17470
24060,17471
24060,17472
24060,17473
24060,17474
24060,17475
24060,17476
24060,17477
24060,17478
24060,17479
24060,17480
24060,17481
24060,17482
24060,17483
24060,17484
24060,17485
24060,17486
24060,17487
24060,17488
24060,17489
24060,17490
24060,17491
24060,17492
24060,17493
24060,17494
24060,17495
24060,17496
24060,17497
24060,17498
24060,17499
24060,17500
24060,17501
24060,17502
24060,17503
24060,17504
24060,17505
24060,17506
24060,17507
24060,17508
24060,17509
24060,17510
24060,17511
24060,17512
24060,17513
24060,17514
24060,17515
24060,17516
24060,17517
24060,17518
24060,17519
24060,17520
24060,17521
24060,17522
24060,17523
24060,17524
24060,17525
24060,17526
24060,17527
24060,17528
24060,17529
24060,17530
24060,17531
24060,17532
24060,17533
24060,17534
24060,17535
24060,17536
24060,17537
24060,17538
24060,17539
24060,17540
24060,17541
24060,17542
24060,17543
24060,17544
24060,17545
24060,17546
24060,17547
24060,17548
24060,17549
24060,17550
24060,17551
24060,17552
24060,17553
24060,17554
24060,17555
24060,17556
24060,17557
24060,17558
24060,17559
24060,17560
24060,17561
24060,17562
24060,17563
24061,17420
24061,17438
24061,17439
24061,17440
24061,17441
24061,17442
24061,17443
24061,17444
24061,17445
24061,17446
24061,17447
24061,17448
24061,17449
24061,17450
24061,17451
24061,17452
24061,17453
24061,17454
24061,17455
24061,17456
24061,17457
24061,17458
24061,17459
24061,17460
24061,17461
24061,17462
24061,17463
24061,17464
24061,17465
24061,17466
24061,17467
24061,17468
24061,17469
24061,17470
24061,17471
24061,17472
24061,17473
24061,17474
24061,17475
24061,17476
24061,17477
24061,17478
24061,17479
24061,17480
24061,17481
24061,17482
24061,17483
24061,17484
24061,17485
24061,17486
24061,17487
24061,17488
24061,17489
24061,17490
24061,17491
24061,17492
24061,17493
24061,17494
24061,17495
24061,17496
24061,17497
24061,17498
24061,17499
24061,17500
24061,17501
24061,17502
24061,17503
24061,17504
24061,17505
24061,17506
24061,17507
24061,17508
24061,17509
24061,17510
24061,17511
24061,17512
24061,17513
24061,17514
24061,17515
24061,17516
24061,17517
24061,17518
24061,17519
24061,17520
24061,17521
24061,17522
24061,17523
24061,17524
24061,17525
24061,17526
24061,17527
24061,17528
24061,17529
24061,17530
24061,17531
24061,17532
24061,17533
24061,17534
24061,17535
24061,17536
24061,17537
24061,17538
24061,17539
24061,17540
24061,17541
24061,17542
24061,17543
24061,17544
24061,17545
24061,17546
24061,17547
24061,17548
24061,17549
24061,17550
24061,17551
24061,17552
24061,17553
24061,17554
24061,17555
24061,17556
24061,17557
24061,17558
24061,17559
24061,17560
24061,17561
24061,17562
24061,17563
24062,17417
24062,17418
24062,17419
24062,17420
24062,17421
24062,17422
24062,17423
24062,17425
24062,17433
24062,17435
24062,17436
24062,17437
24062,17438
24062,17439
24062,17440
24062,17441
24062,17442
24062,17443
24062,17444
24062,17445
24062,17446
24062,17447
24062,17448
24062,17449
24062,17450
24062,17451
24062,17452
24062,17453
24062,17454
24062,17455
24062,17456
24062,17457
24062,17458
24062,17459
24062,17460
24062,17461
24062,17462
24062,17463
24062,17464
24062,17465
24062,17466
24062,17467
24062,17468
24062,17469
24062,17470
24062,17471
24062,17472
24062,17473
24062,17474
24062,17475
24062,17476
24062,17477
24062,17478
24062,17479
24062,17480
24062,17481
24062,17482
24062,17483
24062,17484
24062,17485
24062,17486
24062,17487
24062,17488
24062,17489
24062,17490
24062,17491
24062,17492
24062,17493
24062,17494
24062,17495
24062,17496
24062,17497
24062,17498
24062,17499
24062,17500
24062,17501
24062,17502
24062,17503
24062,17504
24062,17505
24062,17506
24062,17507
24062,17508
24062,17509
24062,17510
24062,17511
24062,17512
24062,17513
24062,17514
24062,17515
24062,17516
24062,17517
24062,17518
24062,17519
24062,17520
24062,17521
24062,17522
24062,17523
24062,17524
24062,17525
24062,17526
24062,17527
24062,17528
24062,17529
24062,17530
24062,17531
24062,17532
24062,17533
24062,17534
24062,17535
24062,17536
24062,17537
24062,17538
24062,17539
24062,17540
24062,17541
24062,17542
24062,17543
24062,17544
24062,17545
24062,17546
24062,17547
24062,17548
24062,17549
24062,17550
24062,17551
24062,17552
24062,17553
24062,17554
24062,17555
24062,17556
24062,17557
24062,17558
24062,17559
24062,17560
24062,17561
24062,17562
24062,17563
24063,17407
24063,17410
24063,17411
24063,17412
24063,17414
24063,17415
24063,17416
24063,17417
24063,17418
24063,17419
24063,17420
24063,17421
24063,17422
24063,17423
24063,17424
24063,17425
24063,17426
24063,17427
24063,17428
24063,17429
24063,17430
24063,17431
24063,17432
24063,17433
24063,17434
24063,17435
24063,17436
24063,17437
24063,17438
24063,17439
24063,17440
24063,17441
24063,17442
24063,17443
24063,17444
24063,17445
24063,17446
24063,17447
24063,17448
24063,17449
24063,17450
24063,17451
24063,17452
24063,17453
24063,17454
24063,17455
24063,17456
24063,17457
24063,17458
24063,17459
24063,17460
24063,17461
24063,17462
24063,17463
24063,17464
24063,17465
24063,17466
24063,17467
24063,17468
24063,17469
24063,17470
24063,17471
24063,17472
24063,17473
24063,17474
24063,17475
24063,17476
24063,17477
24063,17478
24063,17479
24063,17480
24063,17481
24063,17482
24063,17483
24063,17484
24063,17485
24063,17486
24063,17487
24063,17488
24063,17489
24063,17490
24063,17491
24063,17492
24063,17493
24063,17494
24063,17495
24063,17496
24063,17497
24063,17498
24063,17499
24063,17500
24063,17501
24063,17502
24063,17503
24063,17504
24063,17505
24063,17506
24063,17507
24063,17508
24063,17509
24063,17510
24063,17511
24063,17512
24063,17513
24063,17514
24063,17515
24063,17516
24063,17517
24063,17518
24063,17519
24063,17520
24063,17521
24063,17522
24063,17523
24063,17524
24063,17525
24063,17526
24063,17527
24063,17528
24063,17529
24063,17530
24063,17531
24063,17532
24063,17533
24063,17534
24063,17535
24063,17536
24063,17537
24063,17538
24063,17539
24063,17540
24063,17541
24063,17542
24063,17543
24063,17544
24063,17545
24063,17546
24063,17547
24063,17548
24063,17549
24063,17550
24063,17551
24063,17552
24063,17553
24063,17554
24063,17555
24063,17556
24063,17557
24063,17558
24063,17559
24063,17560
24063,17561
24063,17562
24064,17395
24064,17396
24064,17397
24064,17399
24064,17400
24064,17402
24064,17403
24064,17404
24064,17405
24064,17406
24064,17407
24064,17408
24064,17409
24064,17410
24064,17411
24064,17412
24064,17413
24064,17414
24064,17415
24064,17416
24064,17417
24064,17418
24064,17419
24064,17420
24064,17421
24064,17422
24064,17423
24064,17424
24064,17425
24064,17426
24064,17427
24064,17428
24064,17429
24064,17430
24064,17431
24064,17432
24064,17433
24064,17434
24064,17435
24064,17436
24064,17437
24064,17438
24064,17439
24064,17440
24064,17441
24064,17442
24064,17443
24064,17444
24064,17445
24064,17446
24064,17447
24064,17448
24064,17449
24064,17450
24064,17451
24064,17452
24064,17453
24064,17454
24064,17455
24064,17456
24064,17457
24064,17458
24064,17459
24064,17460
24064,17461
24064,17462
24064,17463
24064,17464
24064,17465
24064,17466
24064,17467
24064,17468
24064,17469
24064,17470
24064,17471
24064,17472
24064,17473
24064,17474
24064,17475
24064,17476
24064,17477
24064,17478
24064,17479
24064,17480
24064,17481
24064,17482
24064,17483
24064,17484
24064,17485
24064,17486
24064,17487
24064,17488
24064,17489
24064,17490
24064,17491
24064,17492
24064,17493
24064,17494
24064,17495
24064,17496
24064,17497
24064,17498
24064,17499
24064,17500
24064,17501
24064,17502
24064,17503
24064,17504
24064,17505
24064,17506
24064,17507
24064,17508
24064,17509
24064,17510
24064,17511
24064,17512
24064,17513
24064,17514
24064,17515
24064,17516
24064,17517
24064,17518
24064,17519
24064,17520
24064,17521
24064,17522
24064,17523
24064,17524
24064,17525
24064,17526
24064,17527
24064,17528
24064,17529
24064,17530
24064,17531
24064,17532
24064,17533
24064,17534
24064,17535
24064,17536
24064,17537
24064,17538
24064,17539
24064,17540
24064,17541
24064,17542
24064,17543
24064,17544
24064,17545
24064,17546
24064,17547
24064,17548
24064,17549
24064,17550
24064,17551
24064,17552
24064,17553
24064,17554
24064,17555
24064,17556
24064,17557
24064,17558
24064,17559
24064,17560
24064,17561
24064,17562
24064,17563
24065,17393
24065,17394
24065,17395
24065,17396
24065,17397
24065,17398
24065,17399
24065,17400
24065,17401
24065,17402
24065,17403
24065,17404
24065,17405
24065,17406
24065,17407
24065,17408
24065,17409
24065,17410
24065,17411
24065,17412
24065,17413
24065,17414
24065,17415
24065,17416
24065,17417
24065,17418
24065,17419
24065,17420
24065,17421
24065,17422
24065,17423
24065,17424
24065,17425
24065,17426
24065,17427
24065,17428
24065,17429
24065,17430
24065,17431
24065,17432
24065,17433
24065,17434
24065,17435
24065,17436
24065,17437
24065,17438
24065,17439
24065,17440
24065,17441
24065,17442
24065,17443
24065,17444
24065,17445
24065,17446
24065,17447
24065,17448
24065,17449
24065,17450
24065,17451
24065,17452
24065,17453
24065,17454
24065,17455
24065,17456
24065,17457
24065,17458
24065,17459
24065,17460
24065,17461
24065,17462
24065,17463
24065,17464
24065,17465
24065,17466
24065,17467
24065,17468
24065,17469
24065,17470
24065,17471
24065,17472
24065,17473
24065,17474
24065,17475
24065,17476
24065,17477
24065,17478
24065,17479
24065,17480
24065,17481
24065,17482
24065,17483
24065,17484
24065,17485
24065,17486
24065,17487
24065,17488
24065,17489
24065,17490
24065,17491
24065,17492
24065,17493
24065,17494
24065,17495
24065,17496
24065,17497
24065,17498
24065,17499
24065,17500
24065,17501
24065,17502
24065,17503
24065,17504
24065,17505
24065,17506
24065,17507
24065,17508
24065,17509
24065,17510
24065,17511
24065,17512
24065,17513
24065,17514
24065,17515
24065,17516
24065,17517
24065,17518
24065,17519
24065,17520
24065,17521
24065,17522
24065,17523
24065,17524
24065,17525
24065,17526
24065,17527
24065,17528
24065,17529
24065,17530
24065,17531
24065,17532
24065,17533
24065,17534
24065,17535
24065,17536
24065,17537
24065,17538
24065,17539
24065,17540
24065,17541
24065,17542
24065,17543
24065,17544
24065,17545
24065,17546
24065,17547
24065,17548
24065,17549
24065,17550
24065,17551
24065,17552
24065,17553
24065,17554
24065,17555
24065,17556
24065,17557
24065,17558
24065,17559
24065,17560
24065,17561
24065,17562
24065,17563
24066,17393
24066,17394
24066,17395
24066,17396
24066,17397
24066,17398
24066,17399
24066,17400
24066,17401
24066,17402
24066,17403
24066,17404
24066,17405
24066,17406
24066,17407
24066,17408
24066,17409
24066,17410
24066,17411
24066,17412
24066,17413
24066,17414
24066,17415
24066,17416
24066,17417
24066,17418
24066,17419
24066,17420
24066,17421
24066,17422
24066,17423
24066,17424
24066,17425
24066,17426
24066,17427
24066,17428
24066,17429
24066,17430
24066,17431
24066,17432
24066,17433
24066,17434
24066,17435
24066,17436
24066,17437
24066,17438
24066,17439
24066,17440
24066,17441
24066,17442
24066,17443
24066,17444
24066,17445
24066,17446
24066,17447
24066,17448
24066,17449
24066,17450
24066,17451
24066,17452
24066,17453
24066,17454
24066,17455
24066,17456
24066,17457
24066,17458
24066,17459
24066,17460
24066,17461
24066,17462
24066,17463
24066,17464
24066,17465
24066,17466
24066,17467
24066,17468
24066,17469
24066,17470
24066,17471
24066,17472
24066,17473
24066,17474
24066,17475
24066,17476
24066,17477
24066,17478
24066,17479
24066,17480
24066,17481
24066,17482
24066,17483
24066,17484
24066,17485
24066,17486
24066,17487
24066,17488
24066,17489
24066,17490
24066,17491
24066,17492
24066,17493
24066,17494
24066,17495
24066,17496
24066,17497
24066,17498
24066,17499
24066,17500
24066,17501
24066,17502
24066,17503
24066,17504
24066,17505
24066,17506
24066,17507
24066,17508
24066,17509
24066,17510
24066,17511
24066,17512
24066,17513
24066,17514
24066,17515
24066,17516
24066,17517
24066,17518
24066,17519
24066,17520
24066,17521
24066,17522
24066,17523
24066,17524
24066,17525
24066,17526
24066,17527
24066,17528
24066,17529
24066,17530
24066,17531
24066,17532
24066,17533
24066,17534
24066,17535
24066,17536
24066,17537
24066,17538
24066,17539
24066,17540
24066,17541
24066,17542
24066,17543
24066,17544
24066,17545
24066,17546
24066,17547
24066,17548
24066,17549
24066,17550
24066,17551
24066,17552
24066,17553
24066,17554
24066,17555
24066,17556
24066,17557
24066,17558
24066,17559
24066,17560
24066,17561
24066,17562
24066,17563
24067,17393
24067,17394
24067,17395
24067,17396
24067,17397
24067,17398
24067,17399
24067,17400
24067,17401
24067,17402
24067,17403
24067,17404
24067,17405
24067,17406
24067,17407
24067,17408
24067,17409
24067,17410
24067,17411
24067,17412
24067,17413
24067,17414
24067,17415
24067,17416
24067,17417
24067,17418
24067,17419
24067,17420
24067,17421
24067,17422
24067,17423
24067,17424
24067,17425
24067,17426
24067,17427
24067,17428
24067,17429
24067,17430
24067,17431
24067,17432
24067,17433
24067,17434
24067,17435
24067,17436
24067,17437
24067,17438
24067,17439
24067,17440
24067,17441
24067,17442
24067,17443
24067,17444
24067,17445
24067,17446
24067,17447
24067,17448
24067,17449
24067,17450
24067,17451
24067,17452
24067,17453
24067,17454
24067,17455
24067,17456
24067,17457
24067,17458
24067,17459
24067,17460
24067,17461
24067,17462
24067,17463
24067,17464
24067,17465
24067,17466
24067,17467
24067,17468
24067,17469
24067,17470
24067,17471
24067,17472
24067,17473
24067,17474
24067,17475
24067,17476
24067,17477
24067,17478
24067,17479
24067,17480
24067,17481
24067,17482
24067,17483
24067,17484
24067,17485
24067,17486
24067,17487
24067,17488
24067,17489
24067,17490
24067,17491
24067,17492
24067,17493
24067,17494
24067,17495
24067,17496
24067,17497
24067,17498
24067,17499
24067,17500
24067,17501
24067,17502
24067,17503
24067,17504
24067,17505
24067,17506
24067,17507
24067,17508
24067,17509
24067,17510
24067,17511
24067,17512
24067,17513
24067,17514
24067,17515
24067,17516
24067,17517
24067,17518
24067,17519
24067,17520
24067,17521
24067,17522
24067,17523
24067,17524
24067,17525
24067,17526
24067,17527
24067,17528
24067,17529
24067,17530
24067,17531
24067,17532
24067,17533
24067,17534
24067,17535
24067,17536
24067,17537
24067,17538
24067,17539
24067,17540
24067,17541
24067,17542
24067,17543
24067,17544
24067,17545
24067,17546
24067,17547
24067,17548
24067,17549
24067,17550
24067,17551
24067,17552
24067,17553
24067,17554
24067,17555
24067,17556
24067,17557
24067,17558
24067,17559
24067,17560
24067,17561
24067,17562
24067,17563
24068,17393
24068,17394
24068,17395
24068,17396
24068,17397
24068,17398
24068,17399
24068,17400
24068,17401
24068,17402
24068,17403
24068,17404
24068,17405
24068,17406
24068,17407
24068,17408
24068,17409
24068,17410
24068,17411
24068,17412
24068,17413
24068,17414
24068,17415
24068,17416
24068,17417
24068,17418
24068,17419
24068,17420
24068,17421
24068,17422
24068,17423
24068,17424
24068,17425
24068,17426
24068,17427
24068,17428
24068,17429
24068,17430
24068,17431
24068,17432
24068,17433
24068,17434
24068,17435
24068,17436
24068,17437
24068,17438
24068,17439
24068,17440
24068,17441
24068,17442
24068,17443
24068,17444
24068,17445
24068,17446
24068,17447
24068,17448
24068,17449
24068,17450
24068,17451
24068,17452
24068,17453
24068,17454
24068,17455
24068,17456
24068,17457
24068,17458
24068,17459
24068,17460
24068,17461
24068,17462
24068,17463
24068,17464
24068,17465
24068,17466
24068,17467
24068,17468
24068,17469
24068,17470
24068,17471
24068,17472
24068,17473
24068,17474
24068,17475
24068,17476
24068,17477
24068,17478
24068,17479
24068,17480
24068,17481
24068,17482
24068,17483
24068,17484
24068,17485
24068,17486
24068,17487
24068,17488
24068,17489
24068,17490
24068,17491
24068,17492
24068,17493
24068,17494
24068,17495
24068,17496
24068,17497
24068,17498
24068,17499
24068,17500
24068,17501
24068,17502
24068,17503
24068,17504
24068,17505
24068,17506
24068,17507
24068,17508
24068,17509
24068,17510
24068,17511
24068,17512
24068,17513
24068,17514
24068,17515
24068,17516
24068,17517
24068,17518
24068,17519
24068,17520
24068,17521
24068,17522
24068,17523
24068,17524
24068,17525
24068,17526
24068,17527
24068,17528
24068,17529
24068,17530
24068,17531
24068,17532
24068,17533
24068,17534
24068,17535
24068,17536
24068,17537
24068,17538
24068,17539
24068,17540
24068,17541
24068,17542
24068,17543
24068,17544
24068,17545
24068,17546
24068,17547
24068,17548
24068,17549
24068,17550
24068,17551
24068,17552
24068,17553
24068,17554
24068,17555
24068,17556
24068,17557
24068,17558
24068,17559
24068,17560
24068,17561
24068,17562
24068,17563
24068,17564
24069,17393
24069,17394
24069,17395
24069,17396
24069,17397
24069,17398
24069,17399
24069,17400
24069,17401
24069,17402
24069,17403
24069,17404
24069,17405
24069,17406
24069,17407
24069,17408
24069,17409
24069,17410
24069,17411
24069,17412
24069,17413
24069,17414
24069,17415
24069,17416
24069,17417
24069,17418
24069,17419
24069,17420
24069,17421
24069,17422
24069,17423
24069,17424
24069,17425
24069,17426
24069,17427
24069,17428
24069,17429
24069,17430
24069,17431
24069,17432
24069,17433
24069,17434
24069,17435
24069,17436
24069,17437
24069,17438
24069,17439
24069,17440
24069,17441
24069,17442
24069,17443
24069,17444
24069,17445
24069,17446
24069,17447
24069,17448
24069,17449
24069,17450
24069,17451
24069,17452
24069,17453
24069,17454
24069,17455
24069,17456
24069,17457
24069,17458
24069,17459
24069,17460
24069,17461
24069,17462
24069,17463
24069,17464
24069,17465
24069,17466
24069,17467
24069,17468
24069,17469
24069,17470
24069,17471
24069,17472
24069,17473
24069,17474
24069,17475
24069,17476
24069,17477
24069,17478
24069,17479
24069,17480
24069,17481
24069,17482
24069,17483
24069,17484
24069,17485
24069,17486
24069,17487
24069,17488
24069,17489
24069,17490
24069,17491
24069,17492
24069,17493
24069,17494
24069,17495
24069,17496
24069,17497
24069,17498
24069,17499
24069,17500
24069,17501
24069,17502
24069,17503
24069,17504
24069,17505
24069,17506
24069,17507
24069,17508
24069,17509
24069,17510
24069,17511
24069,17512
24069,17513
24069,17514
24069,17515
24069,17516
24069,17517
24069,17518
24069,17519
24069,17520
24069,17521
24069,17522
24069,17523
24069,17524
24069,17525
24069,17526
24069,17527
24069,17528
24069,17529
24069,17530
24069,17531
24069,17532
24069,17533
24069,17534
24069,17535
24069,17536
24069,17537
24069,17538
24069,17539
24069,17540
24069,17541
24069,17542
24069,17543
24069,17544
24069,17545
24069,17546
24069,17547
24069,17548
24069,17549
24069,17550
24069,17551
24069,17552
24069,17553
24069,17554
24069,17555
24069,17556
24069,17557
24069,17558
24069,17559
24069,17560
24069,17561
24069,17562
24069,17563
24069,17564
24070,17393
24070,17394
24070,17395
24070,17396
24070,17397
24070,17398
24070,17399
24070,17400
24070,17401
24070,17402
24070,17403
24070,17404
24070,17405
24070,17406
24070,17407
24070,17408
24070,17409
24070,17410
24070,17411
24070,17412
24070,17413
24070,17414
24070,17415
24070,17416
24070,17417
24070,17418
24070,17419
24070,17420
24070,17421
24070,17422
24070,17423
24070,17424
24070,17425
24070,17426
24070,17427
24070,17428
24070,17429
24070,17430
24070,17431
24070,17432
24070,17433
24070,17434
24070,17435
24070,17436
24070,17437
24070,17438
24070,17439
24070,17440
24070,17441
24070,17442
24070,17443
24070,17444
24070,17445
24070,17446
24070,17447
24070,17448
24070,17449
24070,17450
24070,17451
24070,17452
24070,17453
24070,17454
24070,17455
24070,17456
24070,17457
24070,17458
24070,17459
24070,17460
24070,17461
24070,17462
24070,17463
24070,17464
24070,17465
24070,17466
24070,17467
24070,17468
24070,17469
24070,17470
24070,17471
24070,17472
24070,17473
24070,17474
24070,17475
24070,17476
24070,17477
24070,17478
24070,17479
24070,17480
24070,17481
24070,17482
24070,17483
24070,17484
24070,17485
24070,17486
24070,17487
24070,17488
24070,17489
24070,17490
24070,17491
24070,17492
24070,17493
24070,17494
24070,17495
24070,17496
24070,17497
24070,17498
24070,17499
24070,17500
24070,17501
24070,17502
24070,17503
24070,17504
24070,17505
24070,17506
24070,17507
24070,17508
24070,17509
24070,17510
24070,17511
24070,17512
24070,17513
24070,17514
24070,17515
24070,17516
24070,17517
24070,17518
24070,17519
24070,17520
24070,17521
24070,17522
24070,17523
24070,17524
24070,17525
24070,17526
24070,17527
24070,17528
24070,17529
24070,17530
24070,17531
24070,17532
24070,17533
24070,17534
24070,17535
24070,17536
24070,17537
24070,17538
24070,17539
24070,17540
24070,17541
24070,17542
24070,17543
24070,17544
24070,17545
24070,17546
24070,17547
24070,17548
24070,17549
24070,17550
24070,17551
24070,17552
24070,17553
24070,17554
24070,17555
24070,17556
24070,17557
24070,17558
24070,17559
24070,17560
24070,17561
24070,17562
24070,17563
24070,17564
24071,17393
24071,17394
24071,17395
24071,17396
24071,17397
24071,17398
24071,17399
24071,17400
24071,17401
24071,17402
24071,17403
24071,17404
24071,17405
24071,17406
24071,17407
24071,17408
24071,17409
24071,17410
24071,17411
24071,17412
24071,17413
24071,17414
24071,17415
24071,17416
24071,17417
24071,17418
24071,17419
24071,17420
24071,17421
24071,17422
24071,17423
24071,17424
24071,17425
24071,17426
24071,17427
24071,17428
24071,17429
24071,17430
24071,17431
24071,17432
24071,17433
24071,17434
24071,17435
24071,17436
24071,17437
24071,17438
24071,17439
24071,17440
24071,17441
24071,17442
24071,17443
24071,17444
24071,17445
24071,17446
24071,17447
24071,17448
24071,17449
24071,17450
24071,17451
24071,17452
24071,17453
24071,17454
24071,17455
24071,17456
24071,17457
24071,17458
24071,17459
24071,17460
24071,17461
24071,17462
24071,17463
24071,17464
24071,17465
24071,17466
24071,17467
24071,17468
24071,17469
24071,17470
24071,17471
24071,17472
24071,17473
24071,17474
24071,17475
24071,17476
24071,17477
24071,17478
24071,17479
24071,17480
24071,17481
24071,17482
24071,17483
24071,17484
24071,17485
24071,17486
24071,17487
24071,17488
24071,17489
24071,17490
24071,17491
24071,17492
24071,17493
24071,17494
24071,17495
24071,17496
24071,17497
24071,17498
24071,17499
24071,17500
24071,17501
24071,17502
24071,17503
24071,17504
24071,17505
24071,17506
24071,17507
24071,17508
24071,17509
24071,17510
24071,17511
24071,17512
24071,17513
24071,17514
24071,17515
24071,17516
24071,17517
24071,17518
24071,17519
24071,17520
24071,17521
24071,17522
24071,17523
24071,17524
24071,17525
24071,17526
24071,17527
24071,17528
24071,17529
24071,17530
24071,17531
24071,17532
24071,17533
24071,17534
24071,17535
24071,17536
24071,17537
24071,17538
24071,17539
24071,17540
24071,17541
24071,17542
24071,17543
24071,17544
24071,17545
24071,17546
24071,17547
24071,17548
24071,17549
24071,17550
24071,17551
24071,17552
24071,17553
24071,17554
24071,17555
24071,17556
24071,17557
24071,17558
24071,17559
24071,17560
24071,17561
24071,17562
24071,17563
24071,17564
24071,17565
24072,17393
24072,17394
24072,17395
24072,17396
24072,17397
24072,17398
24072,17399
24072,17400
24072,17401
24072,17402
24072,17403
24072,17404
24072,17405
24072,17406
24072,17407
24072,17408
24072,17409
24072,17410
24072,17411
24072,17412
24072,17413
24072,17414
24072,17415
24072,17416
24072,17417
24072,17418
24072,17419
24072,17420
24072,17421
24072,17422
24072,17423
24072,17424
24072,17425
24072,17426
24072,17427
24072,17428
24072,17429
24072,17430
24072,17431
24072,17432
24072,17433
24072,17434
24072,17435
24072,17436
24072,17437
24072,17438
24072,17439
24072,17440
24072,17441
24072,17442
24072,17443
24072,17444
24072,17445
24072,17446
24072,17447
24072,17448
24072,17449
24072,17450
24072,17451
24072,17452
24072,17453
24072,17454
24072,17455
24072,17456
24072,17457
24072,17458
24072,17459
24072,17460
24072,17461
24072,17462
24072,17463
24072,17464
24072,17465
24072,17466
24072,17467
24072,17468
24072,17469
24072,17470
24072,17471
24072,17472
24072,17473
24072,17474
24072,17475
24072,17476
24072,17477
24072,17478
24072,17479
24072,17480
24072,17481
24072,17482
24072,17483
24072,17484
24072,17485
24072,17486
24072,17487
24072,17488
24072,17489
24072,17490
24072,17491
24072,17492
24072,17493
24072,17494
24072,17495
24072,17496
24072,17497
24072,17498
24072,17499
24072,17500
24072,17501
24072,17502
24072,17503
24072,17504
24072,17505
24072,17506
24072,17507
24072,17508
24072,17509
24072,17510
24072,17511
24072,17512
24072,17513
24072,17514
24072,17515
24072,17516
24072,17517
24072,17518
24072,17519
24072,17520
24072,17521
24072,17522
24072,17523
24072,17524
24072,17525
24072,17526
24072,17527
24072,17528
24072,17529
24072,17530
24072,17531
24072,17532
24072,17533
24072,17534
24072,17535
24072,17536
24072,17537
24072,17538
24072,17539
24072,17540
24072,17541
24072,17542
24072,17543
24072,17544
24072,17545
24072,17546
24072,17547
24072,17548
24072,17549
24072,17550
24072,17551
24072,17552
24072,17553
24072,17554
24072,17555
24072,17556
24072,17557
24072,17558
24072,17559
24072,17560
24072,17561
24072,17562
24072,17563
24072,17564
24072,17565
24072,17566
24073,17393
24073,17394
24073,17395
24073,17396
24073,17397
24073,17398
24073,17399
24073,17400
24073,17401
24073,17402
24073,17403
24073,17404
24073,17405
24073,17406
24073,17407
24073,17408
24073,17409
24073,17410
24073,17411
24073,17412
24073,17413
24073,17414
24073,17415
24073,17416
24073,17417
24073,17418
24073,17419
24073,17420
24073,17421
24073,17422
24073,17423
24073,17424
24073,17425
24073,17426
24073,17427
24073,17428
24073,17429
24073,17430
24073,17431
24073,17432
24073,17433
24073,17434
24073,17435
24073,17436
24073,17437
24073,17438
24073,17439
24073,17440
24073,17441
24073,17442
24073,17443
24073,17444
24073,17445
24073,17446
24073,17447
24073,17448
24073,17449
24073,17450
24073,17451
24073,17452
24073,17453
24073,17454
24073,17455
24073,17456
24073,17457
24073,17458
24073,17459
24073,17460
24073,17461
24073,17462
24073,17463
24073,17464
24073,17465
24073,17466
24073,17467
24073,17468
24073,17469
24073,17470
24073,17471
24073,17472
24073,17473
24073,17474
24073,17475
24073,17476
24073,17477
24073,17478
24073,17479
24073,17480
24073,17481
24073,17482
24073,17483
24073,17484
24073,17485
24073,17486
24073,17487
24073,17488
24073,17489
24073,17490
24073,17491
24073,17492
24073,17493
24073,17494
24073,17495
24073,17496
24073,17497
24073,17498
24073,17499
24073,17500
24073,17501
24073,17502
24073,17503
24073,17504
24073,17505
24073,17506
24073,17507
24073,17508
24073,17509
24073,17510
24073,17511
24073,17512
24073,17513
24073,17514
24073,17515
24073,17516
24073,17517
24073,17518
24073,17519
24073,17520
24073,17521
24073,17522
24073,17523
24073,17524
24073,17525
24073,17526
24073,17527
24073,17528
24073,17529
24073,17530
24073,17531
24073,17532
24073,17533
24073,17534
24073,17535
24073,17536
24073,17537
24073,17538
24073,17539
24073,17540
24073,17541
24073,17542
24073,17543
24073,17544
24073,17545
24073,17546
24073,17547
24073,17548
24073,17549
24073,17550
24073,17551
24073,17552
24073,17553
24073,17554
24073,17555
24073,17556
24073,17557
24073,17558
24073,17559
24073,17560
24073,17561
24073,17562
24073,17563
24073,17564
24073,17565
24073,17566
24073,17567
24074,17393
24074,17394
24074,17395
24074,17396
24074,17397
24074,17398
24074,17399
24074,17400
24074,17401
24074,17402
24074,17403
24074,17404
24074,17405
24074,17406
24074,17407
24074,17408
24074,17409
24074,17410
24074,17411
24074,17412
24074,17413
24074,17414
24074,17415
24074,17416
24074,17417
24074,17418
24074,17419
24074,17420
24074,17421
24074,17422
24074,17423
24074,17424
24074,17425
24074,17426
24074,17427
24074,17428
24074,17429
24074,17430
24074,17431
24074,17432
24074,17433
24074,17434
24074,17435
24074,17436
24074,17437
24074,17438
24074,17439
24074,17440
24074,17441
24074,17442
24074,17443
24074,17444
24074,17445
24074,17446
24074,17447
24074,17448
24074,17449
24074,17450
24074,17451
24074,17452
24074,17453
24074,17454
24074,17455
24074,17456
24074,17457
24074,17458
24074,17459
24074,17460
24074,17461
24074,17462
24074,17463
24074,17464
24074,17465
24074,17466
24074,17467
24074,17468
24074,17469
24074,17470
24074,17471
24074,17472
24074,17473
24074,17474
24074,17475
24074,17476
24074,17477
24074,17478
24074,17479
24074,17480
24074,17481
24074,17482
24074,17483
24074,17484
24074,17485
24074,17486
24074,17487
24074,17488
24074,17489
24074,17490
24074,17491
24074,17492
24074,17493
24074,17494
24074,17495
24074,17496
24074,17497
24074,17498
24074,17499
24074,17500
24074,17501
24074,17502
24074,17503
24074,17504
24074,17505
24074,17506
24074,17507
24074,17508
24074,17509
24074,17510
24074,17511
24074,17512
24074,17513
24074,17514
24074,17515
24074,17516
24074,17517
24074,17518
24074,17519
24074,17520
24074,17521
24074,17522
24074,17523
24074,17524
24074,17525
24074,17526
24074,17527
24074,17528
24074,17529
24074,17530
24074,17531
24074,17532
24074,17533
24074,17534
24074,17535
24074,17536
24074,17537
24074,17538
24074,17539
24074,17540
24074,17541
24074,17542
24074,17543
24074,17544
24074,17545
24074,17546
24074,17547
24074,17548
24074,17549
24074,17550
24074,17551
24074,17552
24074,17553
24074,17554
24074,17555
24074,17556
24074,17557
24074,17558
24074,17559
24074,17560
24074,17561
24074,17562
24074,17563
24074,17564
24074,17565
24074,17566
24074,17567
24075,17393
24075,17394
24075,17395
24075,17396
24075,17397
24075,17398
24075,17399
24075,17400
24075,17401
24075,17402
24075,17403
24075,17404
24075,17405
24075,17406
24075,17407
24075,17408
24075,17409
24075,17410
24075,17411
24075,17412
24075,17413
24075,17414
24075,17415
24075,17416
24075,17417
24075,17418
24075,17419
24075,17420
24075,17421
24075,17422
24075,17423
24075,17424
24075,17425
24075,17426
24075,17427
24075,17428
24075,17429
24075,17430
24075,17431
24075,17432
24075,17433
24075,17434
24075,17435
24075,17436
24075,17437
24075,17438
24075,17439
24075,17440
24075,17441
24075,17442
24075,17443
24075,17444
24075,17445
24075,17446
24075,17447
24075,17448
24075,17449
24075,17450
24075,17451
24075,17452
24075,17453
24075,17454
24075,17455
24075,17456
24075,17457
24075,17458
24075,17459
24075,17460
24075,17461
24075,17462
24075,17463
24075,17464
24075,17465
24075,17466
24075,17467
24075,17468
24075,17469
24075,17470
24075,17471
24075,17472
24075,17473
24075,17474
24075,17475
24075,17476
24075,17477
24075,17478
24075,17479
24075,17480
24075,17481
24075,17482
24075,17483
24075,17484
24075,17485
24075,17486
24075,17487
24075,17488
24075,17489
24075,17490
24075,17491
24075,17492
24075,17493
24075,17494
24075,17495
24075,17496
24075,17497
24075,17498
24075,17499
24075,17500
24075,17501
24075,17502
24075,17503
24075,17504
24075,17505
24075,17506
24075,17507
24075,17508
24075,17509
24075,17510
24075,17511
24075,17512
24075,17513
24075,17514
24075,17515
24075,17516
24075,17517
24075,17518
24075,17519
24075,17520
24075,17521
24075,17522
24075,17523
24075,17524
24075,17525
24075,17526
24075,17527
24075,17528
24075,17529
24075,17530
24075,17531
24075,17532
24075,17533
24075,17534
24075,17535
24075,17536
24075,17537
24075,17538
24075,17539
24075,17540
24075,17541
24075,17542
24075,17543
24075,17544
24075,17545
24075,17546
24075,17547
24075,17548
24075,17549
24075,17550
24075,17551
24075,17552
24075,17553
24075,17554
24075,17555
24075,17556
24075,17557
24075,17558
24075,17559
24075,17560
24075,17561
24075,17562
24075,17563
24075,17564
24075,17565
24075,17566
24075,17567
24076,17393
24076,17394
24076,17395
24076,17396
24076,17397
24076,17398
24076,17399
24076,17400
24076,17401
24076,17402
24076,17403
24076,17404
24076,17405
24076,17406
24076,17407
24076,17408
24076,17409
24076,17410
24076,17411
24076,17412
24076,17413
24076,17414
24076,17415
24076,17416
24076,17417
24076,17418
24076,17419
24076,17420
24076,17421
24076,17422
24076,17423
24076,17424
24076,17425
24076,17426
24076,17427
24076,17428
24076,17429
24076,17430
24076,17431
24076,17432
24076,17433
24076,17434
24076,17435
24076,17436
24076,17437
24076,17438
24076,17439
24076,17440
24076,17441
24076,17442
24076,17443
24076,17444
24076,17445
24076,17446
24076,17447
24076,17448
24076,17449
24076,17450
24076,17451
24076,17452
24076,17453
24076,17454
24076,17455
24076,17456
24076,17457
24076,17458
24076,17459
24076,17460
24076,17461
24076,17462
24076,17463
24076,17464
24076,17465
24076,17466
24076,17467
24076,17468
24076,17469
24076,17470
24076,17471
24076,17472
24076,17473
24076,17474
24076,17475
24076,17476
24076,17477
24076,17478
24076,17479
24076,17480
24076,17481
24076,17482
24076,17483
24076,17484
24076,17485
24076,17486
24076,17487
24076,17488
24076,17489
24076,17490
24076,17491
24076,17492
24076,17493
24076,17494
24076,17495
24076,17496
24076,17497
24076,17498
24076,17499
24076,17500
24076,17501
24076,17502
24076,17503
24076,17504
24076,17505
24076,17506
24076,17507
24076,17508
24076,17509
24076,17510
24076,17511
24076,17512
24076,17513
24076,17514
24076,17515
24076,17516
24076,17517
24076,17518
24076,17519
24076,17520
24076,17521
24076,17522
24076,17523
24076,17524
24076,17525
24076,17526
24076,17527
24076,17528
24076,17529
24076,17530
24076,17531
24076,17532
24076,17533
24076,17534
24076,17535
24076,17536
24076,17537
24076,17538
24076,17539
24076,17540
24076,17541
24076,17542
24076,17543
24076,17544
24076,17545
24076,17546
24076,17547
24076,17548
24076,17549
24076,17550
24076,17551
24076,17552
24076,17553
24076,17554
24076,17555
24076,17556
24076,17557
24076,17558
24076,17559
24076,17560
24076,17561
24076,17562
24076,17563
24076,17564
24076,17565
24076,17566
24076,17567
24076,17568
24077,17393
24077,17394
24077,17395
24077,17396
24077,17397
24077,17398
24077,17399
24077,17400
24077,17401
24077,17402
24077,17403
24077,17404
24077,17405
24077,17406
24077,17407
24077,17408
24077,17409
24077,17410
24077,17411
24077,17412
24077,17413
24077,17414
24077,17415
24077,17416
24077,17417
24077,17418
24077,17419
24077,17420
24077,17421
24077,17422
24077,17423
24077,17424
24077,17425
24077,17426
24077,17427
24077,17428
24077,17429
24077,17430
24077,17431
24077,17432
24077,17433
24077,17434
24077,17435
24077,17436
24077,17437
24077,17438
24077,17439
24077,17440
24077,17441
24077,17442
24077,17443
24077,17444
24077,17445
24077,17446
24077,17447
24077,17448
24077,17449
24077,17450
24077,17451
24077,17452
24077,17453
24077,17454
24077,17455
24077,17456
24077,17457
24077,17458
24077,17459
24077,17460
24077,17461
24077,17462
24077,17463
24077,17464
24077,17465
24077,17466
24077,17467
24077,17468
24077,17469
24077,17470
24077,17471
24077,17472
24077,17473
24077,17474
24077,17475
24077,17476
24077,17477
24077,17478
24077,17479
24077,17480
24077,17481
24077,17482
24077,17483
24077,17484
24077,17485
24077,17486
24077,17487
24077,17488
24077,17489
24077,17490
24077,17491
24077,17492
24077,17493
24077,17494
24077,17495
24077,17496
24077,17497
24077,17498
24077,17499
24077,17500
24077,17501
24077,17502
24077,17503
24077,17504
24077,17505
24077,17506
24077,17507
24077,17508
24077,17509
24077,17510
24077,17511
24077,17512
24077,17513
24077,17514
24077,17515
24077,17516
24077,17517
24077,17518
24077,17519
24077,17520
24077,17521
24077,17522
24077,17523
24077,17524
24077,17525
24077,17526
24077,17527
24077,17528
24077,17529
24077,17530
24077,17531
24077,17532
24077,17533
24077,17534
24077,17535
24077,17536
24077,17537
24077,17538
24077,17539
24077,17540
24077,17541
24077,17542
24077,17543
24077,17544
24077,17545
24077,17546
24077,17547
24077,17548
24077,17549
24077,17550
24077,17551
24077,17552
24077,17553
24077,17554
24077,17555
24077,17556
24077,17557
24077,17558
24077,17559
24077,17560
24077,17561
24077,17562
24077,17563
24077,17564
24077,17565
24077,17566
24077,17567
24078,17393
24078,17394
24078,17395
24078,17396
24078,17397
24078,17398
24078,17399
24078,17400
24078,17401
24078,17402
24078,17403
24078,17404
24078,17405
24078,17406
24078,17407
24078,17408
24078,17409
24078,17410
24078,17411
24078,17412
24078,17413
24078,17414
24078,17415
24078,17416
24078,17417
24078,17418
24078,17419
24078,17420
24078,17421
24078,17422
24078,17423
24078,17424
24078,17425
24078,17426
24078,17427
24078,17428
24078,17429
24078,17430
24078,17431
24078,17432
24078,17433
24078,17434
24078,17435
24078,17436
24078,17437
24078,17438
24078,17439
24078,17440
24078,17441
24078,17442
24078,17443
24078,17444
24078,17445
24078,17446
24078,17447
24078,17448
24078,17449
24078,17450
24078,17451
24078,17452
24078,17453
24078,17454
24078,17455
24078,17456
24078,17457
24078,17458
24078,17459
24078,17460
24078,17461
24078,17462
24078,17463
24078,17464
24078,17465
24078,17466
24078,17467
24078,17468
24078,17469
24078,17470
24078,17471
24078,17472
24078,17473
24078,17474
24078,17475
24078,17476
24078,17477
24078,17478
24078,17479
24078,17480
24078,17481
24078,17482
24078,17483
24078,17484
24078,17485
24078,17486
24078,17487
24078,17488
24078,17489
24078,17490
24078,17491
24078,17492
24078,17493
24078,17494
24078,17495
24078,17496
24078,17497
24078,17498
24078,17499
24078,17500
24078,17501
24078,17502
24078,17503
24078,17504
24078,17505
24078,17506
24078,17507
24078,17508
24078,17509
24078,17510
24078,17511
24078,17512
24078,17513
24078,17514
24078,17515
24078,17516
24078,17517
24078,17518
24078,17519
24078,17520
24078,17521
24078,17522
24078,17523
24078,17524
24078,17525
24078,17526
24078,17527
24078,17528
24078,17529
24078,17530
24078,17531
24078,17532
24078,17533
24078,17534
24078,17535
24078,17536
24078,17537
24078,17538
24078,17539
24078,17540
24078,17541
24078,17542
24078,17543
24078,17544
24078,17545
24078,17546
24078,17547
24078,17548
24078,17549
24078,17550
24078,17551
24078,17552
24078,17553
24078,17554
24078,17555
24078,17556
24078,17557
24078,17558
24078,17559
24078,17560
24078,17561
24078,17562
24078,17563
24078,17564
24078,17565
24078,17566
24078,17567
24079,17393
24079,17394
24079,17395
24079,17396
24079,17397
24079,17398
24079,17399
24079,17400
24079,17401
24079,17402
24079,17403
24079,17404
24079,17405
24079,17406
24079,17407
24079,17408
24079,17409
24079,17410
24079,17411
24079,17412
24079,17413
24079,17414
24079,17415
24079,17416
24079,17417
24079,17418
24079,17419
24079,17420
24079,17421
24079,17422
24079,17423
24079,17424
24079,17425
24079,17426
24079,17427
24079,17428
24079,17429
24079,17430
24079,17431
24079,17432
24079,17433
24079,17434
24079,17435
24079,17436
24079,17437
24079,17438
24079,17439
24079,17440
24079,17441
24079,17442
24079,17443
24079,17444
24079,17445
24079,17446
24079,17447
24079,17448
24079,17449
24079,17450
24079,17451
24079,17452
24079,17453
24079,17454
24079,17455
24079,17456
24079,17457
24079,17458
24079,17459
24079,17460
24079,17461
24079,17462
24079,17463
24079,17464
24079,17465
24079,17466
24079,17467
24079,17468
24079,17469
24079,17470
24079,17471
24079,17472
24079,17473
24079,17474
24079,17475
24079,17476
24079,17477
24079,17478
24079,17479
24079,17480
24079,17481
24079,17482
24079,17483
24079,17484
24079,17485
24079,17486
24079,17487
24079,17488
24079,17489
24079,17490
24079,17491
24079,17492
24079,17493
24079,17494
24079,17495
24079,17496
24079,17497
24079,17498
24079,17499
24079,17500
24079,17501
24079,17502
24079,17503
24079,17504
24079,17505
24079,17506
24079,17507
24079,17508
24079,17509
24079,17510
24079,17511
24079,17512
24079,17513
24079,17514
24079,17515
24079,17516
24079,17517
24079,17518
24079,17519
24079,17520
24079,17521
24079,17522
24079,17523
24079,17524
24079,17525
24079,17526
24079,17527
24079,17528
24079,17529
24079,17530
24079,17531
24079,17532
24079,17533
24079,17534
24079,17535
24079,17536
24079,17537
24079,17538
24079,17539
24079,17540
24079,17541
24079,17542
24079,17543
24079,17544
24079,17545
24079,17546
24079,17547
24079,17548
24079,17549
24079,17550
24079,17551
24079,17552
24079,17553
24079,17554
24079,17555
24079,17556
24079,17557
24079,17558
24079,17559
24079,17560
24079,17561
24079,17562
24079,17563
24079,17564
24079,17565
24079,17566
24079,17567
24080,17393
24080,17394
24080,17395
24080,17396
24080,17397
24080,17398
24080,17399
24080,17400
24080,17401
24080,17402
24080,17403
24080,17404
24080,17405
24080,17406
24080,17407
24080,17408
24080,17409
24080,17410
24080,17411
24080,17412
24080,17413
24080,17414
24080,17415
24080,17416
24080,17417
24080,17418
24080,17419
24080,17420
24080,17421
24080,17422
24080,17423
24080,17424
24080,17425
24080,17426
24080,17427
24080,17428
24080,17429
24080,17430
24080,17431
24080,17432
24080,17433
24080,17434
24080,17435
24080,17436
24080,17437
24080,17438
24080,17439
24080,17440
24080,17441
24080,17442
24080,17443
24080,17444
24080,17445
24080,17446
24080,17447
24080,17448
24080,17449
24080,17450
24080,17451
24080,17452
24080,17453
24080,17454
24080,17455
24080,17456
24080,17457
24080,17458
24080,17459
24080,17460
24080,17461
24080,17462
24080,17463
24080,17464
24080,17465
24080,17466
24080,17467
24080,17468
24080,17469
24080,17470
24080,17471
24080,17472
24080,17473
24080,17474
24080,17475
24080,17476
24080,17477
24080,17478
24080,17479
24080,17480
24080,17481
24080,17482
24080,17483
24080,17484
24080,17485
24080,17486
24080,17487
24080,17488
24080,17489
24080,17490
24080,17491
24080,17492
24080,17493
24080,17494
24080,17495
24080,17496
24080,17497
24080,17498
24080,17499
24080,17500
24080,17501
24080,17502
24080,17503
24080,17504
24080,17505
24080,17506
24080,17507
24080,17508
24080,17509
24080,17510
24080,17511
24080,17512
24080,17513
24080,17514
24080,17515
24080,17516
24080,17517
24080,17518
24080,17519
24080,17520
24080,17521
24080,17522
24080,17523
24080,17524
24080,17525
24080,17526
24080,17527
24080,17528
24080,17529
24080,17530
24080,17531
24080,17532
24080,17533
24080,17534
24080,17535
24080,17536
24080,17537
24080,17538
24080,17539
24080,17540
24080,17541
24080,17542
24080,17543
24080,17544
24080,17545
24080,17546
24080,17547
24080,17548
24080,17549
24080,17550
24080,17551
24080,17552
24080,17553
24080,17554
24080,17555
24080,17556
24080,17557
24080,17558
24080,17559
24080,17560
24080,17561
24080,17562
24080,17563
24080,17564
24080,17565
24080,17566
24081,17393
24081,17394
24081,17395
24081,17396
24081,17397
24081,17398
24081,17399
24081,17400
24081,17401
24081,17402
24081,17403
24081,17404
24081,17405
24081,17406
24081,17407
24081,17408
24081,17409
24081,17410
24081,17411
24081,17412
24081,17413
24081,17414
24081,17415
24081,17416
24081,17417
24081,17418
24081,17419
24081,17420
24081,17421
24081,17422
24081,17423
24081,17424
24081,17425
24081,17426
24081,17427
24081,17428
24081,17429
24081,17430
24081,17431
24081,17432
24081,17433
24081,17434
24081,17435
24081,17436
24081,17437
24081,17438
24081,17439
24081,17440
24081,17441
24081,17442
24081,17443
24081,17444
24081,17445
24081,17446
24081,17447
24081,17448
24081,17449
24081,17450
24081,17451
24081,17452
24081,17453
24081,17454
24081,17455
24081,17456
24081,17457
24081,17458
24081,17459
24081,17460
24081,17461
24081,17462
24081,17463
24081,17464
24081,17465
24081,17466
24081,17467
24081,17468
24081,17469
24081,17470
24081,17471
24081,17472
24081,17473
24081,17474
24081,17475
24081,17476
24081,17477
24081,17478
24081,17479
24081,17480
24081,17481
24081,17482
24081,17483
24081,17484
24081,17485
24081,17486
24081,17487
24081,17488
24081,17489
24081,17490
24081,17491
24081,17492
24081,17493
24081,17494
24081,17495
24081,17496
24081,17497
24081,17498
24081,17499
24081,17500
24081,17501
24081,17502
24081,17503
24081,17504
24081,17505
24081,17506
24081,17507
24081,17508
24081,17509
24081,17510
24081,17511
24081,17512
24081,17513
24081,17514
24081,17515
24081,17516
24081,17517
24081,17518
24081,17519
24081,17520
24081,17521
24081,17522
24081,17523
24081,17524
24081,17525
24081,17526
24081,17527
24081,17528
24081,17529
24081,17530
24081,17531
24081,17532
24081,17533
24081,17534
24081,17535
24081,17536
24081,17537
24081,17538
24081,17539
24081,17540
24081,17541
24081,17542
24081,17543
24081,17544
24081,17545
24081,17546
24081,17547
24081,17548
24081,17549
24081,17550
24081,17551
24081,17552
24081,17553
24081,17554
24081,17555
24081,17556
24081,17557
24081,17558
24081,17559
24081,17560
24081,17561
24081,17562
24081,17563
24081,17564
24081,17565
24081,17566
24082,17393
24082,17394
24082,17395
24082,17396
24082,17397
24082,17398
24082,17399
24082,17400
24082,17401
24082,17402
24082,17403
24082,17404
24082,17405
24082,17406
24082,17407
24082,17408
24082,17409
24082,17410
24082,17411
24082,17412
24082,17413
24082,17414
24082,17415
24082,17416
24082,17417
24082,17418
24082,17419
24082,17420
24082,17421
24082,17422
24082,17423
24082,17424
24082,17425
24082,17426
24082,17427
24082,17428
24082,17429
24082,17430
24082,17431
24082,17432
24082,17433
24082,17434
24082,17435
24082,17436
24082,17437
24082,17438
24082,17439
24082,17440
24082,17441
24082,17442
24082,17443
24082,17444
24082,17445
24082,17446
24082,17447
24082,17448
24082,17449
24082,17450
24082,17451
24082,17452
24082,17453
24082,17454
24082,17455
24082,17456
24082,17457
24082,17458
24082,17459
24082,17460
24082,17461
24082,17462
24082,17463
24082,17464
24082,17465
24082,17466
24082,17467
24082,17468
24082,17469
24082,17470
24082,17471
24082,17472
24082,17473
24082,17474
24082,17475
24082,17476
24082,17477
24082,17478
24082,17479
24082,17480
24082,17481
24082,17482
24082,17483
24082,17484
24082,17485
24082,17486
24082,17487
24082,17488
24082,17489
24082,17490
24082,17491
24082,17492
24082,17493
24082,17494
24082,17495
24082,17496
24082,17497
24082,17498
24082,17499
24082,17500
24082,17501
24082,17502
24082,17503
24082,17504
24082,17505
24082,17506
24082,17507
24082,17508
24082,17509
24082,17510
24082,17511
24082,17512
24082,17513
24082,17514
24082,17515
24082,17516
24082,17517
24082,17518
24082,17519
24082,17520
24082,17521
24082,17522
24082,17523
24082,17524
24082,17525
24082,17526
24082,17527
24082,17528
24082,17529
24082,17530
24082,17531
24082,17532
24082,17533
24082,17534
24082,17535
24082,17536
24082,17537
24082,17538
24082,17539
24082,17540
24082,17541
24082,17542
24082,17543
24082,17544
24082,17545
24082,17546
24082,17547
24082,17548
24082,17549
24082,17550
24082,17551
24082,17552
24082,17553
24082,17554
24082,17555
24082,17556
24082,17557
24082,17558
24082,17559
24082,17560
24082,17561
24082,17562
24082,17563
24082,17564
24082,17565
24083,17393
24083,17394
24083,17395
24083,17396
24083,17397
24083,17398
24083,17399
24083,17400
24083,17401
24083,17402
24083,17403
24083,17404
24083,17405
24083,17406
24083,17407
24083,17408
24083,17409
24083,17410
24083,17411
24083,17412
24083,17413
24083,17414
24083,17415
24083,17416
24083,17417
24083,17418
24083,17419
24083,17420
24083,17421
24083,17422
24083,17423
24083,17424
24083,17425
24083,17426
24083,17427
24083,17428
24083,17429
24083,17430
24083,17431
24083,17432
24083,17433
24083,17434
24083,17435
24083,17436
24083,17437
24083,17438
24083,17439
24083,17440
24083,17441
24083,17442
24083,17443
24083,17444
24083,17445
24083,17446
24083,17447
24083,17448
24083,17449
24083,17450
24083,17451
24083,17452
24083,17453
24083,17454
24083,17455
24083,17456
24083,17457
24083,17458
24083,17459
24083,17460
24083,17461
24083,17462
24083,17463
24083,17464
24083,17465
24083,17466
24083,17467
24083,17468
24083,17469
24083,17470
24083,17471
24083,17472
24083,17473
24083,17474
24083,17475
24083,17476
24083,17477
24083,17478
24083,17479
24083,17480
24083,17481
24083,17482
24083,17483
24083,17484
24083,17485
24083,17486
24083,17487
24083,17488
24083,17489
24083,17490
24083,17491
24083,17492
24083,17493
24083,17494
24083,17495
24083,17496
24083,17497
24083,17498
24083,17499
24083,17500
24083,17501
24083,17502
24083,17503
24083,17504
24083,17505
24083,17506
24083,17507
24083,17508
24083,17509
24083,17510
24083,17511
24083,17512
24083,17513
24083,17514
24083,17515
24083,17516
24083,17517
24083,17518
24083,17519
24083,17520
24083,17521
24083,17522
24083,17523
24083,17524
24083,17525
24083,17526
24083,17527
24083,17528
24083,17529
24083,17530
24083,17531
24083,17532
24083,17533
24083,17534
24083,17535
24083,17536
24083,17537
24083,17538
24083,17539
24083,17540
24083,17541
24083,17542
24083,17543
24083,17544
24083,17545
24083,17546
24083,17547
24083,17548
24083,17549
24083,17550
24083,17551
24083,17552
24083,17553
24083,17554
24083,17555
24083,17556
24083,17557
24083,17558
24083,17559
24083,17560
24083,17561
24083,17562
24083,17563
24083,17564
24083,17565
24084,17393
24084,17394
24084,17395
24084,17396
24084,17397
24084,17398
24084,17399
24084,17400
24084,17401
24084,17402
24084,17403
24084,17404
24084,17405
24084,17406
24084,17407
24084,17408
24084,17409
24084,17410
24084,17411
24084,17412
24084,17413
24084,17414
24084,17415
24084,17416
24084,17417
24084,17418
24084,17419
24084,17420
24084,17421
24084,17422
24084,17423
24084,17424
24084,17425
24084,17426
24084,17427
24084,17428
24084,17429
24084,17430
24084,17431
24084,17432
24084,17433
24084,17434
24084,17435
24084,17436
24084,17437
24084,17438
24084,17439
24084,17440
24084,17441
24084,17442
24084,17443
24084,17444
24084,17445
24084,17446
24084,17447
24084,17448
24084,17449
24084,17450
24084,17451
24084,17452
24084,17453
24084,17454
24084,17455
24084,17456
24084,17457
24084,17458
24084,17459
24084,17460
24084,17461
24084,17462
24084,17463
24084,17464
24084,17465
24084,17466
24084,17467
24084,17468
24084,17469
24084,17470
24084,17471
24084,17472
24084,17473
24084,17474
24084,17475
24084,17476
24084,17477
24084,17478
24084,17479
24084,17480
24084,17481
24084,17482
24084,17483
24084,17484
24084,17485
24084,17486
24084,17487
24084,17488
24084,17489
24084,17490
24084,17491
24084,17492
24084,17493
24084,17494
24084,17495
24084,17496
24084,17497
24084,17498
24084,17499
24084,17500
24084,17501
24084,17502
24084,17503
24084,17504
24084,17505
24084,17506
24084,17507
24084,17508
24084,17509
24084,17510
24084,17511
24084,17512
24084,17513
24084,17514
24084,17515
24084,17516
24084,17517
24084,17518
24084,17519
24084,17520
24084,17521
24084,17522
24084,17523
24084,17524
24084,17525
24084,17526
24084,17527
24084,17528
24084,17529
24084,17530
24084,17531
24084,17532
24084,17533
24084,17534
24084,17535
24084,17536
24084,17537
24084,17538
24084,17539
24084,17540
24084,17541
24084,17542
24084,17543
24084,17544
24084,17545
24084,17546
24084,17547
24084,17548
24084,17549
24084,17550
24084,17551
24084,17552
24084,17553
24084,17554
24084,17555
24084,17556
24084,17557
24084,17558
24084,17559
24084,17560
24084,17561
24084,17562
24084,17563
24084,17564
24085,17393
24085,17394
24085,17395
24085,17396
24085,17397
24085,17398
24085,17399
24085,17400
24085,17401
24085,17402
24085,17403
24085,17404
24085,17405
24085,17406
24085,17407
24085,17408
24085,17409
24085,17410
24085,17411
24085,17412
24085,17413
24085,17414
24085,17415
24085,17416
24085,17417
24085,17418
24085,17419
24085,17420
24085,17421
24085,17422
24085,17423
24085,17424
24085,17425
24085,17426
24085,17427
24085,17428
24085,17429
24085,17430
24085,17431
24085,17432
24085,17433
24085,17434
24085,17435
24085,17436
24085,17437
24085,17438
24085,17439
24085,17440
24085,17441
24085,17442
24085,17443
24085,17444
24085,17445
24085,17446
24085,17447
24085,17448
24085,17449
24085,17450
24085,17451
24085,17452
24085,17453
24085,17454
24085,17455
24085,17456
24085,17457
24085,17458
24085,17459
24085,17460
24085,17461
24085,17462
24085,17463
24085,17464
24085,17465
24085,17466
24085,17467
24085,17468
24085,17469
24085,17470
24085,17471
24085,17472
24085,17473
24085,17474
24085,17475
24085,17476
24085,17477
24085,17478
24085,17479
24085,17480
24085,17481
24085,17482
24085,17483
24085,17484
24085,17485
24085,17486
24085,17487
24085,17488
24085,17489
24085,17490
24085,17491
24085,17492
24085,17493
24085,17494
24085,17495
24085,17496
24085,17497
24085,17498
24085,17499
24085,17500
24085,17501
24085,17502
24085,17503
24085,17504
24085,17505
24085,17506
24085,17507
24085,17508
24085,17509
24085,17510
24085,17511
24085,17512
24085,17513
24085,17514
24085,17515
24085,17516
24085,17517
24085,17518
24085,17519
24085,17520
24085,17521
24085,17522
24085,17523
24085,17524
24085,17525
24085,17526
24085,17527
24085,17528
24085,17529
24085,17530
24085,17531
24085,17532
24085,17533
24085,17534
24085,17535
24085,17536
24085,17537
24085,17538
24085,17539
24085,17540
24085,17541
24085,17542
24085,17543
24085,17544
24085,17545
24085,17546
24085,17547
24085,17548
24085,17549
24085,17550
24085,17551
24085,17552
24085,17553
24085,17554
24085,17555
24085,17556
24085,17557
24085,17558
24085,17559
24085,17560
24085,17561
24085,17562
24085,17563
24085,17564
24086,17393
24086,17394
24086,17395
24086,17396
24086,17397
24086,17398
24086,17399
24086,17400
24086,17401
24086,17402
24086,17403
24086,17404
24086,17405
24086,17406
24086,17407
24086,17408
24086,17409
24086,17410
24086,17411
24086,17412
24086,17413
24086,17414
24086,17415
24086,17416
24086,17417
24086,17418
24086,17419
24086,17420
24086,17421
24086,17422
24086,17423
24086,17424
24086,17425
24086,17426
24086,17427
24086,17428
24086,17429
24086,17430
24086,17431
24086,17432
24086,17433
24086,17434
24086,17435
24086,17436
24086,17437
24086,17438
24086,17439
24086,17440
24086,17441
24086,17442
24086,17443
24086,17444
24086,17445
24086,17446
24086,17447
24086,17448
24086,17449
24086,17450
24086,17451
24086,17452
24086,17453
24086,17454
24086,17455
24086,17456
24086,17457
24086,17458
24086,17459
24086,17460
24086,17461
24086,17462
24086,17463
24086,17464
24086,17465
24086,17466
24086,17467
24086,17468
24086,17469
24086,17470
24086,17471
24086,17472
24086,17473
24086,17474
24086,17475
24086,17476
24086,17477
24086,17478
24086,17479
24086,17480
24086,17481
24086,17482
24086,17483
24086,17484
24086,17485
24086,17486
24086,17487
24086,17488
24086,17489
24086,17490
24086,17491
24086,17492
24086,17493
24086,17494
24086,17495
24086,17496
24086,17497
24086,17498
24086,17499
24086,17500
24086,17501
24086,17502
24086,17503
24086,17504
24086,17505
24086,17506
24086,17507
24086,17508
24086,17509
24086,17510
24086,17511
24086,17512
24086,17513
24086,17514
24086,17515
24086,17516
24086,17517
24086,17518
24086,17519
24086,17520
24086,17521
24086,17522
24086,17523
24086,17524
24086,17525
24086,17526
24086,17527
24086,17528
24086,17529
24086,17530
24086,17531
24086,17532
24086,17533
24086,17534
24086,17535
24086,17536
24086,17537
24086,17538
24086,17539
24086,17540
24086,17541
24086,17542
24086,17543
24086,17544
24086,17545
24086,17546
24086,17547
24086,17548
24086,17549
24086,17550
24086,17551
24086,17552
24086,17553
24086,17554
24086,17555
24086,17556
24086,17557
24086,17558
24086,17559
24086,17560
24086,17561
24086,17562
24086,17563
24086,17564
24087,17393
24087,17394
24087,17395
24087,17396
24087,17397
24087,17398
24087,17399
24087,17400
24087,17401
24087,17402
24087,17403
24087,17404
24087,17405
24087,17406
24087,17407
24087,17408
24087,17409
24087,17410
24087,17411
24087,17412
24087,17413
24087,17414
24087,17415
24087,17416
24087,17417
24087,17418
24087,17419
24087,17420
24087,17421
24087,17422
24087,17423
24087,17424
24087,17425
24087,17426
24087,17427
24087,17428
24087,17429
24087,17430
24087,17431
24087,17432
24087,17433
24087,17434
24087,17435
24087,17436
24087,17437
24087,17438
24087,17439
24087,17440
24087,17441
24087,17442
24087,17443
24087,17444
24087,17445
24087,17446
24087,17447
24087,17448
24087,17449
24087,17450
24087,17451
24087,17452
24087,17453
24087,17454
24087,17455
24087,17456
24087,17457
24087,17458
24087,17459
24087,17460
24087,17461
24087,17462
24087,17463
24087,17464
24087,17465
24087,17466
24087,17467
24087,17468
24087,17469
24087,17470
24087,17471
24087,17472
24087,17473
24087,17474
24087,17475
24087,17476
24087,17477
24087,17478
24087,17479
24087,17480
24087,17481
24087,17482
24087,17483
24087,17484
24087,17485
24087,17486
24087,17487
24087,17488
24087,17489
24087,17490
24087,17491
24087,17492
24087,17493
24087,17494
24087,17495
24087,17496
24087,17497
24087,17498
24087,17499
24087,17500
24087,17501
24087,17502
24087,17503
24087,17504
24087,17505
24087,17506
24087,17507
24087,17508
24087,17509
24087,17510
24087,17511
24087,17512
24087,17513
24087,17514
24087,17515
24087,17516
24087,17517
24087,17518
24087,17519
24087,17520
24087,17521
24087,17522
24087,17523
24087,17524
24087,17525
24087,17526
24087,17527
24087,17528
24087,17529
24087,17530
24087,17531
24087,17532
24087,17533
24087,17534
24087,17535
24087,17536
24087,17537
24087,17538
24087,17539
24087,17540
24087,17541
24087,17542
24087,17543
24087,17544
24087,17545
24087,17546
24087,17547
24087,17548
24087,17549
24087,17550
24087,17551
24087,17552
24087,17553
24087,17554
24087,17555
24087,17556
24087,17557
24087,17558
24087,17559
24087,17560
24087,17561
24087,17562
24087,17563
24087,17564
24088,17393
24088,17394
24088,17395
24088,17396
24088,17397
24088,17398
24088,17399
24088,17400
24088,17401
24088,17402
24088,17403
24088,17404
24088,17405
24088,17406
24088,17407
24088,17408
24088,17409
24088,17410
24088,17411
24088,17412
24088,17413
24088,17414
24088,17415
24088,17416
24088,17417
24088,17418
24088,17419
24088,17420
24088,17421
24088,17422
24088,17423
24088,17424
24088,17425
24088,17426
24088,17427
24088,17428
24088,17429
24088,17430
24088,17431
24088,17432
24088,17433
24088,17434
24088,17435
24088,17436
24088,17437
24088,17438
24088,17439
24088,17440
24088,17441
24088,17442
24088,17443
24088,17444
24088,17445
24088,17446
24088,17447
24088,17448
24088,17449
24088,17450
24088,17451
24088,17452
24088,17453
24088,17454
24088,17455
24088,17456
24088,17457
24088,17458
24088,17459
24088,17460
24088,17461
24088,17462
24088,17463
24088,17464
24088,17465
24088,17466
24088,17467
24088,17468
24088,17469
24088,17470
24088,17471
24088,17472
24088,17473
24088,17474
24088,17475
24088,17476
24088,17477
24088,17478
24088,17479
24088,17480
24088,17481
24088,17482
24088,17483
24088,17484
24088,17485
24088,17486
24088,17487
24088,17488
24088,17489
24088,17490
24088,17491
24088,17492
24088,17493
24088,17494
24088,17495
24088,17496
24088,17497
24088,17498
24088,17499
24088,17500
24088,17501
24088,17502
24088,17503
24088,17504
24088,17505
24088,17506
24088,17507
24088,17508
24088,17509
24088,17510
24088,17511
24088,17512
24088,17513
24088,17514
24088,17515
24088,17516
24088,17517
24088,17518
24088,17519
24088,17520
24088,17521
24088,17522
24088,17523
24088,17524
24088,17525
24088,17526
24088,17527
24088,17528
24088,17529
24088,17530
24088,17531
24088,17532
24088,17533
24088,17534
24088,17535
24088,17536
24088,17537
24088,17538
24088,17539
24088,17540
24088,17541
24088,17542
24088,17543
24088,17544
24088,17545
24088,17546
24088,17547
24088,17548
24088,17549
24088,17550
24088,17551
24088,17552
24088,17553
24088,17554
24088,17555
24088,17556
24088,17557
24088,17558
24088,17559
24088,17560
24088,17561
24088,17562
24088,17563
24088,17564
24089,17393
24089,17394
24089,17395
24089,17396
24089,17397
24089,17398
24089,17399
24089,17400
24089,17401
24089,17402
24089,17403
24089,17404
24089,17405
24089,17406
24089,17407
24089,17408
24089,17409
24089,17410
24089,17411
24089,17412
24089,17413
24089,17414
24089,17415
24089,17416
24089,17417
24089,17418
24089,17419
24089,17420
24089,17421
24089,17422
24089,17423
24089,17424
24089,17425
24089,17426
24089,17427
24089,17428
24089,17429
24089,17430
24089,17431
24089,17432
24089,17433
24089,17434
24089,17435
24089,17436
24089,17437
24089,17438
24089,17439
24089,17440
24089,17441
24089,17442
24089,17443
24089,17444
24089,17445
24089,17446
24089,17447
24089,17448
24089,17449
24089,17450
24089,17451
24089,17452
24089,17453
24089,17454
24089,17455
24089,17456
24089,17457
24089,17458
24089,17459
24089,17460
24089,17461
24089,17462
24089,17463
24089,17464
24089,17465
24089,17466
24089,17467
24089,17468
24089,17469
24089,17470
24089,17471
24089,17472
24089,17473
24089,17474
24089,17475
24089,17476
24089,17477
24089,17478
24089,17479
24089,17480
24089,17481
24089,17482
24089,17483
24089,17484
24089,17485
24089,17486
24089,17487
24089,17488
24089,17489
24089,17490
24089,17491
24089,17492
24089,17493
24089,17494
24089,17495
24089,17496
24089,17497
24089,17498
24089,17499
24089,17500
24089,17501
24089,17502
24089,17503
24089,17504
24089,17505
24089,17506
24089,17507
24089,17508
24089,17509
24089,17510
24089,17511
24089,17512
24089,17513
24089,17514
24089,17515
24089,17516
24089,17517
24089,17518
24089,17519
24089,17520
24089,17521
24089,17522
24089,17523
24089,17524
24089,17525
24089,17526
24089,17527
24089,17528
24089,17529
24089,17530
24089,17531
24089,17532
24089,17533
24089,17534
24089,17535
24089,17536
24089,17537
24089,17538
24089,17539
24089,17540
24089,17541
24089,17542
24089,17543
24089,17544
24089,17545
24089,17546
24089,17547
24089,17548
24089,17549
24089,17550
24089,17551
24089,17552
24089,17553
24089,17554
24089,17555
24089,17556
24089,17557
24089,17558
24089,17559
24089,17560
24089,17561
24089,17562
24089,17563
24089,17564
24090,17393
24090,17394
24090,17395
24090,17396
24090,17397
24090,17398
24090,17399
24090,17400
24090,17401
24090,17402
24090,17403
24090,17404
24090,17405
24090,17406
24090,17407
24090,17408
24090,17409
24090,17410
24090,17411
24090,17412
24090,17413
24090,17414
24090,17415
24090,17416
24090,17417
24090,17418
24090,17419
24090,17420
24090,17421
24090,17422
24090,17423
24090,17424
24090,17425
24090,17426
24090,17427
24090,17428
24090,17429
24090,17430
24090,17431
24090,17432
24090,17433
24090,17434
24090,17435
24090,17436
24090,17437
24090,17438
24090,17439
24090,17440
24090,17441
24090,17442
24090,17443
24090,17444
24090,17445
24090,17446
24090,17447
24090,17448
24090,17449
24090,17450
24090,17451
24090,17452
24090,17453
24090,17454
24090,17455
24090,17456
24090,17457
24090,17458
24090,17459
24090,17460
24090,17461
24090,17462
24090,17463
24090,17464
24090,17465
24090,17466
24090,17467
24090,17468
24090,17469
24090,17470
24090,17471
24090,17472
24090,17473
24090,17474
24090,17475
24090,17476
24090,17477
24090,17478
24090,17479
24090,17480
24090,17481
24090,17482
24090,17483
24090,17484
24090,17485
24090,17486
24090,17487
24090,17488
24090,17489
24090,17490
24090,17491
24090,17492
24090,17493
24090,17494
24090,17495
24090,17496
24090,17497
24090,17498
24090,17499
24090,17500
24090,17501
24090,17502
24090,17503
24090,17504
24090,17505
24090,17506
24090,17507
24090,17508
24090,17509
24090,17510
24090,17511
24090,17512
24090,17513
24090,17514
24090,17515
24090,17516
24090,17517
24090,17518
24090,17519
24090,17520
24090,17521
24090,17522
24090,17523
24090,17524
24090,17525
24090,17526
24090,17527
24090,17528
24090,17529
24090,17530
24090,17531
24090,17532
24090,17533
24090,17534
24090,17535
24090,17536
24090,17537
24090,17538
24090,17539
24090,17540
24090,17541
24090,17542
24090,17543
24090,17544
24090,17545
24090,17546
24090,17547
24090,17548
24090,17549
24090,17550
24090,17551
24090,17552
24090,17553
24090,17554
24090,17555
24090,17556
24090,17557
24090,17558
24090,17559
24090,17560
24090,17561
24090,17562
24090,17563
24090,17564
24091,17393
24091,17394
24091,17395
24091,17396
24091,17397
24091,17398
24091,17399
24091,17400
24091,17401
24091,17402
24091,17403
24091,17404
24091,17405
24091,17406
24091,17407
24091,17408
24091,17409
24091,17410
24091,17411
24091,17412
24091,17413
24091,17414
24091,17415
24091,17416
24091,17417
24091,17418
24091,17419
24091,17420
24091,17421
24091,17422
24091,17423
24091,17424
24091,17425
24091,17426
24091,17427
24091,17428
24091,17429
24091,17430
24091,17431
24091,17432
24091,17433
24091,17434
24091,17435
24091,17436
24091,17437
24091,17438
24091,17439
24091,17440
24091,17441
24091,17442
24091,17443
24091,17444
24091,17445
24091,17446
24091,17447
24091,17448
24091,17449
24091,17450
24091,17451
24091,17452
24091,17453
24091,17454
24091,17455
24091,17456
24091,17457
24091,17458
24091,17459
24091,17460
24091,17461
24091,17462
24091,17463
24091,17464
24091,17465
24091,17466
24091,17467
24091,17468
24091,17469
24091,17470
24091,17471
24091,17472
24091,17473
24091,17474
24091,17475
24091,17476
24091,17477
24091,17478
24091,17479
24091,17480
24091,17481
24091,17482
24091,17483
24091,17484
24091,17485
24091,17486
24091,17487
24091,17488
24091,17489
24091,17490
24091,17491
24091,17492
24091,17493
24091,17494
24091,17495
24091,17496
24091,17497
24091,17498
24091,17499
24091,17500
24091,17501
24091,17502
24091,17503
24091,17504
24091,17505
24091,17506
24091,17507
24091,17508
24091,17509
24091,17510
24091,17511
24091,17512
24091,17513
24091,17514
24091,17515
24091,17516
24091,17517
24091,17518
24091,17519
24091,17520
24091,17521
24091,17522
24091,17523
24091,17524
24091,17525
24091,17526
24091,17527
24091,17528
24091,17529
24091,17530
24091,17531
24091,17532
24091,17533
24091,17534
24091,17535
24091,17536
24091,17537
24091,17538
24091,17539
24091,17540
24091,17541
24091,17542
24091,17543
24091,17544
24091,17545
24091,17546
24091,17547
24091,17548
24091,17549
24091,17550
24091,17551
24091,17552
24091,17553
24091,17554
24091,17555
24091,17556
24091,17557
24091,17558
24091,17559
24091,17560
24091,17561
24091,17562
24091,17563
24091,17564
24092,17393
24092,17394
24092,17395
24092,17396
24092,17397
24092,17398
24092,17399
24092,17400
24092,17401
24092,17402
24092,17403
24092,17404
24092,17405
24092,17406
24092,17407
24092,17408
24092,17409
24092,17410
24092,17411
24092,17412
24092,17413
24092,17414
24092,17415
24092,17416
24092,17417
24092,17418
24092,17419
24092,17420
24092,17421
24092,17422
24092,17423
24092,17424
24092,17425
24092,17426
24092,17427
24092,17428
24092,17429
24092,17430
24092,17431
24092,17432
24092,17433
24092,17434
24092,17435
24092,17436
24092,17437
24092,17438
24092,17439
24092,17440
24092,17441
24092,17442
24092,17443
24092,17444
24092,17445
24092,17446
24092,17447
24092,17448
24092,17449
24092,17450
24092,17451
24092,17452
24092,17453
24092,17454
24092,17455
24092,17456
24092,17457
24092,17458
24092,17459
24092,17460
24092,17461
24092,17462
24092,17463
24092,17464
24092,17465
24092,17466
24092,17467
24092,17468
24092,17469
24092,17470
24092,17471
24092,17472
24092,17473
24092,17474
24092,17475
24092,17476
24092,17477
24092,17478
24092,17479
24092,17480
24092,17481
24092,17482
24092,17483
24092,17484
24092,17485
24092,17486
24092,17487
24092,17488
24092,17489
24092,17490
24092,17491
24092,17492
24092,17493
24092,17494
24092,17495
24092,17496
24092,17497
24092,17498
24092,17499
24092,17500
24092,17501
24092,17502
24092,17503
24092,17504
24092,17505
24092,17506
24092,17507
24092,17508
24092,17509
24092,17510
24092,17511
24092,17512
24092,17513
24092,17514
24092,17515
24092,17516
24092,17517
24092,17518
24092,17519
24092,17520
24092,17521
24092,17522
24092,17523
24092,17524
24092,17525
24092,17526
24092,17527
24092,17528
24092,17529
24092,17530
24092,17531
24092,17532
24092,17533
24092,17534
24092,17535
24092,17536
24092,17537
24092,17538
24092,17539
24092,17540
24092,17541
24092,17542
24092,17543
24092,17544
24092,17545
24092,17546
24092,17547
24092,17548
24092,17549
24092,17550
24092,17551
24092,17552
24092,17553
24092,17554
24092,17555
24092,17556
24092,17557
24092,17558
24092,17559
24092,17560
24092,17561
24092,17562
24092,17563
24093,17393
24093,17394
24093,17395
24093,17396
24093,17397
24093,17398
24093,17399
24093,17400
24093,17401
24093,17402
24093,17403
24093,17404
24093,17405
24093,17406
24093,17407
24093,17408
24093,17409
24093,17410
24093,17411
24093,17412
24093,17413
24093,17414
24093,17415
24093,17416
24093,17417
24093,17418
24093,17419
24093,17420
24093,17421
24093,17422
24093,17423
24093,17424
24093,17425
24093,17426
24093,17427
24093,17428
24093,17429
24093,17430
24093,17431
24093,17432
24093,17433
24093,17434
24093,17435
24093,17436
24093,17437
24093,17438
24093,17439
24093,17440
24093,17441
24093,17442
24093,17443
24093,17444
24093,17445
24093,17446
24093,17447
24093,17448
24093,17449
24093,17450
24093,17451
24093,17452
24093,17453
24093,17454
24093,17455
24093,17456
24093,17457
24093,17458
24093,17459
24093,17460
24093,17461
24093,17462
24093,17463
24093,17464
24093,17465
24093,17466
24093,17467
24093,17468
24093,17469
24093,17470
24093,17471
24093,17472
24093,17473
24093,17474
24093,17475
24093,17476
24093,17477
24093,17478
24093,17479
24093,17480
24093,17481
24093,17482
24093,17483
24093,17484
24093,17485
24093,17486
24093,17487
24093,17488
24093,17489
24093,17490
24093,17491
24093,17492
24093,17493
24093,17494
24093,17495
24093,17496
24093,17497
24093,17498
24093,17499
24093,17500
24093,17501
24093,17502
24093,17503
24093,17504
24093,17505
24093,17506
24093,17507
24093,17508
24093,17509
24093,17510
24093,17511
24093,17512
24093,17513
24093,17514
24093,17515
24093,17516
24093,17517
24093,17518
24093,17519
24093,17520
24093,17521
24093,17522
24093,17523
24093,17524
24093,17525
24093,17526
24093,17527
24093,17528
24093,17529
24093,17530
24093,17531
24093,17532
24093,17533
24093,17534
24093,17535
24093,17536
24093,17537
24093,17538
24093,17539
24093,17540
24093,17541
24093,17542
24093,17543
24093,17544
24093,17545
24093,17546
24093,17547
24093,17548
24093,17549
24093,17550
24093,17551
24093,17552
24093,17553
24093,17554
24093,17555
24093,17556
24093,17557
24093,17558
24093,17559
24093,17560
24093,17561
24093,17562
24093,17563
24094,17393
24094,17394
24094,17395
24094,17396
24094,17397
24094,17398
24094,17399
24094,17400
24094,17401
24094,17402
24094,17403
24094,17404
24094,17405
24094,17406
24094,17407
24094,17408
24094,17409
24094,17410
24094,17411
24094,17412
24094,17413
24094,17414
24094,17415
24094,17416
24094,17417
24094,17418
24094,17419
24094,17420
24094,17421
24094,17422
24094,17423
24094,17424
24094,17425
24094,17426
24094,17427
24094,17428
24094,17429
24094,17430
24094,17431
24094,17432
24094,17433
24094,17434
24094,17435
24094,17436
24094,17437
24094,17438
24094,17439
24094,17440
24094,17441
24094,17442
24094,17443
24094,17444
24094,17445
24094,17446
24094,17447
24094,17448
24094,17449
24094,17450
24094,17451
24094,17452
24094,17453
24094,17454
24094,17455
24094,17456
24094,17457
24094,17458
24094,17459
24094,17460
24094,17461
24094,17462
24094,17463
24094,17464
24094,17465
24094,17466
24094,17467
24094,17468
24094,17469
24094,17470
24094,17471
24094,17472
24094,17473
24094,17474
24094,17475
24094,17476
24094,17477
24094,17478
24094,17479
24094,17480
24094,17481
24094,17482
24094,17483
24094,17484
24094,17485
24094,17486
24094,17487
24094,17488
24094,17489
24094,17490
24094,17491
24094,17492
24094,17493
24094,17494
24094,17495
24094,17496
24094,17497
24094,17498
24094,17499
24094,17500
24094,17501
24094,17502
24094,17503
24094,17504
24094,17505
24094,17506
24094,17507
24094,17508
24094,17509
24094,17510
24094,17511
24094,17512
24094,17513
24094,17514
24094,17515
24094,17516
24094,17517
24094,17518
24094,17519
24094,17520
24094,17521
24094,17522
24094,17523
24094,17524
24094,17525
24094,17526
24094,17527
24094,17528
24094,17529
24094,17530
24094,17531
24094,17532
24094,17533
24094,17534
24094,17535
24094,17536
24094,17537
24094,17538
24094,17539
24094,17540
24094,17541
24094,17542
24094,17543
24094,17544
24094,17545
24094,17546
24094,17547
24094,17548
24094,17549
24094,17550
24094,17551
24094,17552
24094,17553
24094,17554
24094,17555
24094,17556
24094,17557
24094,17558
24094,17559
24094,17560
24094,17561
24094,17562
24094,17563
24095,17393
24095,17394
24095,17395
24095,17396
24095,17397
24095,17398
24095,17399
24095,17400
24095,17401
24095,17402
24095,17403
24095,17404
24095,17405
24095,17406
24095,17407
24095,17408
24095,17409
24095,17410
24095,17411
24095,17412
24095,17413
24095,17414
24095,17415
24095,17416
24095,17417
24095,17418
24095,17419
24095,17420
24095,17421
24095,17422
24095,17423
24095,17424
24095,17425
24095,17426
24095,17427
24095,17428
24095,17429
24095,17430
24095,17431
24095,17432
24095,17433
24095,17434
24095,17435
24095,17436
24095,17437
24095,17438
24095,17439
24095,17440
24095,17441
24095,17442
24095,17443
24095,17444
24095,17445
24095,17446
24095,17447
24095,17448
24095,17449
24095,17450
24095,17451
24095,17452
24095,17453
24095,17454
24095,17455
24095,17456
24095,17457
24095,17458
24095,17459
24095,17460
24095,17461
24095,17462
24095,17463
24095,17464
24095,17465
24095,17466
24095,17467
24095,17468
24095,17469
24095,17470
24095,17471
24095,17472
24095,17473
24095,17474
24095,17475
24095,17476
24095,17477
24095,17478
24095,17479
24095,17480
24095,17481
24095,17482
24095,17483
24095,17484
24095,17485
24095,17486
24095,17487
24095,17488
24095,17489
24095,17490
24095,17491
24095,17492
24095,17493
24095,17494
24095,17495
24095,17496
24095,17497
24095,17498
24095,17499
24095,17500
24095,17501
24095,17502
24095,17503
24095,17504
24095,17505
24095,17506
24095,17507
24095,17508
24095,17509
24095,17510
24095,17511
24095,17512
24095,17513
24095,17514
24095,17515
24095,17516
24095,17517
24095,17518
24095,17519
24095,17520
24095,17521
24095,17522
24095,17523
24095,17524
24095,17525
24095,17526
24095,17527
24095,17528
24095,17529
24095,17530
24095,17531
24095,17532
24095,17533
24095,17534
24095,17535
24095,17536
24095,17537
24095,17538
24095,17539
24095,17540
24095,17541
24095,17542
24095,17543
24095,17544
24095,17545
24095,17546
24095,17547
24095,17548
24095,17549
24095,17550
24095,17551
24095,17552
24095,17553
24095,17554
24095,17555
24095,17556
24095,17557
24095,17558
24095,17559
24095,17560
24095,17561
24095,17562
24096,17393
24096,17394
24096,17395
24096,17396
24096,17397
24096,17398
24096,17399
24096,17400
24096,17401
24096,17402
24096,17403
24096,17404
24096,17405
24096,17406
24096,17407
24096,17408
24096,17409
24096,17410
24096,17411
24096,17412
24096,17413
24096,17414
24096,17415
24096,17416
24096,17417
24096,17418
24096,17419
24096,17420
24096,17421
24096,17422
24096,17423
24096,17424
24096,17425
24096,17426
24096,17427
24096,17428
24096,17429
24096,17430
24096,17431
24096,17432
24096,17433
24096,17434
24096,17435
24096,17436
24096,17437
24096,17438
24096,17439
24096,17440
24096,17441
24096,17442
24096,17443
24096,17444
24096,17445
24096,17446
24096,17447
24096,17448
24096,17449
24096,17450
24096,17451
24096,17452
24096,17453
24096,17454
24096,17455
24096,17456
24096,17457
24096,17458
24096,17459
24096,17460
24096,17461
24096,17462
24096,17463
24096,17464
24096,17465
24096,17466
24096,17467
24096,17468
24096,17469
24096,17470
24096,17471
24096,17472
24096,17473
24096,17474
24096,17475
24096,17476
24096,17477
24096,17478
24096,17479
24096,17480
24096,17481
24096,17482
24096,17483
24096,17484
24096,17485
24096,17486
24096,17487
24096,17488
24096,17489
24096,17490
24096,17491
24096,17492
24096,17493
24096,17494
24096,17495
24096,17496
24096,17497
24096,17498
24096,17499
24096,17500
24096,17501
24096,17502
24096,17503
24096,17504
24096,17505
24096,17506
24096,17507
24096,17508
24096,17509
24096,17510
24096,17511
24096,17512
24096,17513
24096,17514
24096,17515
24096,17516
24096,17517
24096,17518
24096,17519
24096,17520
24096,17521
24096,17522
24096,17523
24096,17524
24096,17525
24096,17526
24096,17527
24096,17528
24096,17529
24096,17530
24096,17531
24096,17532
24096,17533
24096,17534
24096,17535
24096,17536
24096,17537
24096,17538
24096,17539
24096,17540
24096,17541
24096,17542
24096,17543
24096,17544
24096,17545
24096,17546
24096,17547
24096,17548
24096,17549
24096,17550
24096,17551
24096,17552
24096,17553
24096,17554
24096,17555
24096,17556
24096,17557
24096,17558
24096,17559
24096,17560
24096,17561
24096,17562
24097,17394
24097,17395
24097,17396
24097,17397
24097,17398
24097,17399
24097,17400
24097,17401
24097,17402
24097,17403
24097,17404
24097,17405
24097,17406
24097,17407
24097,17408
24097,17409
24097,17410
24097,17411
24097,17412
24097,17413
24097,17414
24097,17415
24097,17416
24097,17417
24097,17418
24097,17419
24097,17420
24097,17421
24097,17422
24097,17423
24097,17424
24097,17425
24097,17426
24097,17427
24097,17428
24097,17429
24097,17430
24097,17431
24097,17432
24097,17433
24097,17434
24097,17435
24097,17436
24097,17437
24097,17438
24097,17439
24097,17440
24097,17441
24097,17442
24097,17443
24097,17444
24097,17445
24097,17446
24097,17447
24097,17448
24097,17449
24097,17450
24097,17451
24097,17452
24097,17453
24097,17454
24097,17455
24097,17456
24097,17457
24097,17458
24097,17459
24097,17460
24097,17461
24097,17462
24097,17463
24097,17464
24097,17465
24097,17466
24097,17467
24097,17468
24097,17469
24097,17470
24097,17471
24097,17472
24097,17473
24097,17474
24097,17475
24097,17476
24097,17477
24097,17478
24097,17479
24097,17480
24097,17481
24097,17482
24097,17483
24097,17484
24097,17485
24097,17486
24097,17487
24097,17488
24097,17489
24097,17490
24097,17491
24097,17492
24097,17493
24097,17494
24097,17495
24097,17496
24097,17497
24097,17498
24097,17499
24097,17500
24097,17501
24097,17502
24097,17503
24097,17504
24097,17505
24097,17506
24097,17507
24097,17508
24097,17509
24097,17510
24097,17511
24097,17512
24097,17513
24097,17514
24097,17515
24097,17516
24097,17517
24097,17518
24097,17519
24097,17520
24097,17521
24097,17522
24097,17523
24097,17524
24097,17525
24097,17526
24097,17527
24097,17528
24097,17529
24097,17530
24097,17531
24097,17532
24097,17533
24097,17534
24097,17535
24097,17536
24097,17537
24097,17538
24097,17539
24097,17540
24097,17541
24097,17542
24097,17543
24097,17544
24097,17545
24097,17546
24097,17547
24097,17548
24097,17549
24097,17550
24097,17551
24097,17552
24097,17553
24097,17554
24097,17555
24097,17556
24097,17557
24097,17558
24097,17559
24097,17560
24097,17561
24097,17562
24097,17563
24098,17394
24098,17395
24098,17396
24098,17397
24098,17398
24098,17399
24098,17400
24098,17401
24098,17402
24098,17403
24098,17404
24098,17405
24098,17406
24098,17407
24098,17408
24098,17409
24098,17410
24098,17411
24098,17412
24098,17413
24098,17414
24098,17415
24098,17416
24098,17417
24098,17418
24098,17419
24098,17420
24098,17421
24098,17422
24098,17423
24098,17424
24098,17425
24098,17426
24098,17427
24098,17428
24098,17429
24098,17430
24098,17431
24098,17432
24098,17433
24098,17434
24098,17435
24098,17436
24098,17437
24098,17438
24098,17439
24098,17440
24098,17441
24098,17442
24098,17443
24098,17444
24098,17445
24098,17446
24098,17447
24098,17448
24098,17449
24098,17450
24098,17451
24098,17452
24098,17453
24098,17454
24098,17455
24098,17456
24098,17457
24098,17458
24098,17459
24098,17460
24098,17461
24098,17462
24098,17463
24098,17464
24098,17465
24098,17466
24098,17467
24098,17468
24098,17469
24098,17470
24098,17471
24098,17472
24098,17473
24098,17474
24098,17475
24098,17476
24098,17477
24098,17478
24098,17479
24098,17480
24098,17481
24098,17482
24098,17483
24098,17484
24098,17485
24098,17486
24098,17487
24098,17488
24098,17489
24098,17490
24098,17491
24098,17492
24098,17493
24098,17494
24098,17495
24098,17496
24098,17497
24098,17498
24098,17499
24098,17500
24098,17501
24098,17502
24098,17503
24098,17504
24098,17505
24098,17506
24098,17507
24098,17508
24098,17509
24098,17510
24098,17511
24098,17512
24098,17513
24098,17514
24098,17515
24098,17516
24098,17517
24098,17518
24098,17519
24098,17520
24098,17521
24098,17522
24098,17523
24098,17524
24098,17525
24098,17526
24098,17527
24098,17528
24098,17529
24098,17530
24098,17531
24098,17532
24098,17533
24098,17534
24098,17535
24098,17536
24098,17537
24098,17538
24098,17539
24098,17540
24098,17541
24098,17542
24098,17543
24098,17544
24098,17545
24098,17546
24098,17547
24098,17548
24098,17549
24098,17550
24098,17551
24098,17552
24098,17553
24098,17554
24098,17555
24098,17556
24098,17557
24098,17558
24098,17559
24098,17560
24098,17561
24098,17562
24098,17563
24099,17394
24099,17395
24099,17396
24099,17397
24099,17398
24099,17399
24099,17400
24099,17401
24099,17402
24099,17403
24099,17404
24099,17405
24099,17406
24099,17407
24099,17408
24099,17409
24099,17410
24099,17411
24099,17412
24099,17413
24099,17414
24099,17415
24099,17416
24099,17417
24099,17418
24099,17419
24099,17420
24099,17421
24099,17422
24099,17423
24099,17424
24099,17425
24099,17426
24099,17427
24099,17428
24099,17429
24099,17430
24099,17431
24099,17432
24099,17433
24099,17434
24099,17435
24099,17436
24099,17437
24099,17438
24099,17439
24099,17440
24099,17441
24099,17442
24099,17443
24099,17444
24099,17445
24099,17446
24099,17447
24099,17448
24099,17449
24099,17450
24099,17451
24099,17452
24099,17453
24099,17454
24099,17455
24099,17456
24099,17457
24099,17458
24099,17459
24099,17460
24099,17461
24099,17462
24099,17463
24099,17464
24099,17465
24099,17466
24099,17467
24099,17468
24099,17469
24099,17470
24099,17471
24099,17472
24099,17473
24099,17474
24099,17475
24099,17476
24099,17477
24099,17478
24099,17479
24099,17480
24099,17481
24099,17482
24099,17483
24099,17484
24099,17485
24099,17486
24099,17487
24099,17488
24099,17489
24099,17490
24099,17491
24099,17492
24099,17493
24099,17494
24099,17495
24099,17496
24099,17497
24099,17498
24099,17499
24099,17500
24099,17501
24099,17502
24099,17503
24099,17504
24099,17505
24099,17506
24099,17507
24099,17508
24099,17509
24099,17510
24099,17511
24099,17512
24099,17513
24099,17514
24099,17515
24099,17516
24099,17517
24099,17518
24099,17519
24099,17520
24099,17521
24099,17522
24099,17523
24099,17524
24099,17525
24099,17526
24099,17527
24099,17528
24099,17529
24099,17530
24099,17531
24099,17532
24099,17533
24099,17534
24099,17535
24099,17536
24099,17537
24099,17538
24099,17539
24099,17540
24099,17541
24099,17542
24099,17543
24099,17544
24099,17545
24099,17546
24099,17547
24099,17548
24099,17549
24099,17550
24099,17551
24099,17552
24099,17553
24099,17554
24099,17555
24099,17556
24099,17557
24099,17558
24099,17559
24099,17560
24099,17561
24099,17562
24099,17563
24100,17394
24100,17395
24100,17396
24100,17397
24100,17398
24100,17399
24100,17400
24100,17401
24100,17402
24100,17403
24100,17404
24100,17405
24100,17406
24100,17407
24100,17408
24100,17409
24100,17410
24100,17411
24100,17412
24100,17413
24100,17414
24100,17415
24100,17416
24100,17417
24100,17418
24100,17419
24100,17420
24100,17421
24100,17422
24100,17423
24100,17424
24100,17425
24100,17426
24100,17427
24100,17428
24100,17429
24100,17430
24100,17431
24100,17432
24100,17433
24100,17434
24100,17435
24100,17436
24100,17437
24100,17438
24100,17439
24100,17440
24100,17441
24100,17442
24100,17443
24100,17444
24100,17445
24100,17446
24100,17447
24100,17448
24100,17449
24100,17450
24100,17451
24100,17452
24100,17453
24100,17454
24100,17455
24100,17456
24100,17457
24100,17458
24100,17459
24100,17460
24100,17461
24100,17462
24100,17463
24100,17464
24100,17465
24100,17466
24100,17467
24100,17468
24100,17469
24100,17470
24100,17471
24100,17472
24100,17473
24100,17474
24100,17475
24100,17476
24100,17477
24100,17478
24100,17479
24100,17480
24100,17481
24100,17482
24100,17483
24100,17484
24100,17485
24100,17486
24100,17487
24100,17488
24100,17489
24100,17490
24100,17491
24100,17492
24100,17493
24100,17494
24100,17495
24100,17496
24100,17497
24100,17498
24100,17499
24100,17500
24100,17501
24100,17502
24100,17503
24100,17504
24100,17505
24100,17506
24100,17507
24100,17508
24100,17509
24100,17510
24100,17511
24100,17512
24100,17513
24100,17514
24100,17515
24100,17516
24100,17517
24100,17518
24100,17519
24100,17520
24100,17521
24100,17522
24100,17523
24100,17524
24100,17525
24100,17526
24100,17527
24100,17528
24100,17529
24100,17530
24100,17531
24100,17532
24100,17533
24100,17534
24100,17535
24100,17536
24100,17537
24100,17538
24100,17539
24100,17540
24100,17541
24100,17542
24100,17543
24100,17544
24100,17545
24100,17546
24100,17547
24100,17548
24100,17549
24100,17550
24100,17551
24100,17552
24100,17553
24100,17554
24100,17555
24100,17556
24100,17557
24100,17558
24100,17559
24100,17560
24100,17561
24100,17562
24100,17563
24100,17564
24101,17394
24101,17395
24101,17396
24101,17397
24101,17398
24101,17399
24101,17400
24101,17401
24101,17402
24101,17403
24101,17404
24101,17405
24101,17406
24101,17407
24101,17408
24101,17409
24101,17410
24101,17411
24101,17412
24101,17413
24101,17414
24101,17415
24101,17416
24101,17417
24101,17418
24101,17419
24101,17420
24101,17421
24101,17422
24101,17423
24101,17424
24101,17425
24101,17426
24101,17427
24101,17428
24101,17429
24101,17430
24101,17431
24101,17432
24101,17433
24101,17434
24101,17435
24101,17436
24101,17437
24101,17438
24101,17439
24101,17440
24101,17441
24101,17442
24101,17443
24101,17444
24101,17445
24101,17446
24101,17447
24101,17448
24101,17449
24101,17450
24101,17451
24101,17452
24101,17453
24101,17454
24101,17455
24101,17456
24101,17457
24101,17458
24101,17459
24101,17460
24101,17461
24101,17462
24101,17463
24101,17464
24101,17465
24101,17466
24101,17467
24101,17468
24101,17469
24101,17470
24101,17471
24101,17472
24101,17473
24101,17474
24101,17475
24101,17476
24101,17477
24101,17478
24101,17479
24101,17480
24101,17481
24101,17482
24101,17483
24101,17484
24101,17485
24101,17486
24101,17487
24101,17488
24101,17489
24101,17490
24101,17491
24101,17492
24101,17493
24101,17494
24101,17495
24101,17496
24101,17497
24101,17498
24101,17499
24101,17500
24101,17501
24101,17502
24101,17503
24101,17504
24101,17505
24101,17506
24101,17507
24101,17508
24101,17509
24101,17510
24101,17511
24101,17512
24101,17513
24101,17514
24101,17515
24101,17516
24101,17517
24101,17518
24101,17519
24101,17520
24101,17521
24101,17522
24101,17523
24101,17524
24101,17525
24101,17526
24101,17527
24101,17528
24101,17529
24101,17530
24101,17531
24101,17532
24101,17533
24101,17534
24101,17535
24101,17536
24101,17537
24101,17538
24101,17539
24101,17540
24101,17541
24101,17542
24101,17543
24101,17544
24101,17545
24101,17546
24101,17547
24101,17548
24101,17549
24101,17550
24101,17551
24101,17552
24101,17553
24101,17554
24101,17555
24101,17556
24101,17557
24101,17558
24101,17559
24101,17560
24101,17561
24101,17562
24101,17563
24102,17394
24102,17395
24102,17396
24102,17397
24102,17398
24102,17399
24102,17400
24102,17401
24102,17402
24102,17403
24102,17404
24102,17405
24102,17406
24102,17407
24102,17408
24102,17409
24102,17410
24102,17411
24102,17412
24102,17413
24102,17414
24102,17415
24102,17416
24102,17417
24102,17418
24102,17419
24102,17420
24102,17421
24102,17422
24102,17423
24102,17424
24102,17425
24102,17426
24102,17427
24102,17428
24102,17429
24102,17430
24102,17431
24102,17432
24102,17433
24102,17434
24102,17435
24102,17436
24102,17437
24102,17438
24102,17439
24102,17440
24102,17441
24102,17442
24102,17443
24102,17444
24102,17445
24102,17446
24102,17447
24102,17448
24102,17449
24102,17450
24102,17451
24102,17452
24102,17453
24102,17454
24102,17455
24102,17456
24102,17457
24102,17458
24102,17459
24102,17460
24102,17461
24102,17462
24102,17463
24102,17464
24102,17465
24102,17466
24102,17467
24102,17468
24102,17469
24102,17470
24102,17471
24102,17472
24102,17473
24102,17474
24102,17475
24102,17476
24102,17477
24102,17478
24102,17479
24102,17480
24102,17481
24102,17482
24102,17483
24102,17484
24102,17485
24102,17486
24102,17487
24102,17488
24102,17489
24102,17490
24102,17491
24102,17492
24102,17493
24102,17494
24102,17495
24102,17496
24102,17497
24102,17498
24102,17499
24102,17500
24102,17501
24102,17502
24102,17503
24102,17504
24102,17505
24102,17506
24102,17507
24102,17508
24102,17509
24102,17510
24102,17511
24102,17512
24102,17513
24102,17514
24102,17515
24102,17516
24102,17517
24102,17518
24102,17519
24102,17520
24102,17521
24102,17522
24102,17523
24102,17524
24102,17525
24102,17526
24102,17527
24102,17528
24102,17529
24102,17530
24102,17531
24102,17532
24102,17533
24102,17534
24102,17535
24102,17536
24102,17537
24102,17538
24102,17539
24102,17540
24102,17541
24102,17542
24102,17543
24102,17544
24102,17545
24102,17546
24102,17547
24102,17548
24102,17549
24102,17550
24102,17551
24102,17552
24102,17553
24102,17554
24102,17555
24102,17556
24102,17557
24102,17558
24102,17559
24102,17560
24102,17561
24102,17562
24102,17563
24102,17564
24103,17394
24103,17395
24103,17396
24103,17397
24103,17398
24103,17399
24103,17400
24103,17401
24103,17402
24103,17403
24103,17404
24103,17405
24103,17406
24103,17407
24103,17408
24103,17409
24103,17410
24103,17411
24103,17412
24103,17413
24103,17414
24103,17415
24103,17416
24103,17417
24103,17418
24103,17419
24103,17420
24103,17421
24103,17422
24103,17423
24103,17424
24103,17425
24103,17426
24103,17427
24103,17428
24103,17429
24103,17430
24103,17431
24103,17432
24103,17433
24103,17434
24103,17435
24103,17436
24103,17437
24103,17438
24103,17439
24103,17440
24103,17441
24103,17442
24103,17443
24103,17444
24103,17445
24103,17446
24103,17447
24103,17448
24103,17449
24103,17450
24103,17451
24103,17452
24103,17453
24103,17454
24103,17455
24103,17456
24103,17457
24103,17458
24103,17459
24103,17460
24103,17461
24103,17462
24103,17463
24103,17464
24103,17465
24103,17466
24103,17467
24103,17468
24103,17469
24103,17470
24103,17471
24103,17472
24103,17473
24103,17474
24103,17475
24103,17476
24103,17477
24103,17478
24103,17479
24103,17480
24103,17481
24103,17482
24103,17483
24103,17484
24103,17485
24103,17486
24103,17487
24103,17488
24103,17489
24103,17490
24103,17491
24103,17492
24103,17493
24103,17494
24103,17495
24103,17496
24103,17497
24103,17498
24103,17499
24103,17500
24103,17501
24103,17502
24103,17503
24103,17504
24103,17505
24103,17506
24103,17507
24103,17508
24103,17509
24103,17510
24103,17511
24103,17512
24103,17513
24103,17514
24103,17515
24103,17516
24103,17517
24103,17518
24103,17519
24103,17520
24103,17521
24103,17522
24103,17523
24103,17524
24103,17525
24103,17526
24103,17527
24103,17528
24103,17529
24103,17530
24103,17531
24103,17532
24103,17533
24103,17534
24103,17535
24103,17536
24103,17537
24103,17538
24103,17539
24103,17540
24103,17541
24103,17542
24103,17543
24103,17544
24103,17545
24103,17546
24103,17547
24103,17548
24103,17549
24103,17550
24103,17551
24103,17552
24103,17553
24103,17554
24103,17555
24103,17556
24103,17557
24103,17558
24103,17559
24103,17560
24103,17561
24103,17562
24103,17563
24104,17394
24104,17395
24104,17396
24104,17397
24104,17398
24104,17399
24104,17400
24104,17401
24104,17402
24104,17403
24104,17404
24104,17405
24104,17406
24104,17407
24104,17408
24104,17409
24104,17410
24104,17411
24104,17412
24104,17413
24104,17414
24104,17415
24104,17416
24104,17417
24104,17418
24104,17419
24104,17420
24104,17421
24104,17422
24104,17423
24104,17424
24104,17425
24104,17426
24104,17427
24104,17428
24104,17429
24104,17430
24104,17431
24104,17432
24104,17433
24104,17434
24104,17435
24104,17436
24104,17437
24104,17438
24104,17439
24104,17440
24104,17441
24104,17442
24104,17443
24104,17444
24104,17445
24104,17446
24104,17447
24104,17448
24104,17449
24104,17450
24104,17451
24104,17452
24104,17453
24104,17454
24104,17455
24104,17456
24104,17457
24104,17458
24104,17459
24104,17460
24104,17461
24104,17462
24104,17463
24104,17464
24104,17465
24104,17466
24104,17467
24104,17468
24104,17469
24104,17470
24104,17471
24104,17472
24104,17473
24104,17474
24104,17475
24104,17476
24104,17477
24104,17478
24104,17479
24104,17480
24104,17481
24104,17482
24104,17483
24104,17484
24104,17485
24104,17486
24104,17487
24104,17488
24104,17489
24104,17490
24104,17491
24104,17492
24104,17493
24104,17494
24104,17495
24104,17496
24104,17497
24104,17498
24104,17499
24104,17500
24104,17501
24104,17502
24104,17503
24104,17504
24104,17505
24104,17506
24104,17507
24104,17508
24104,17509
24104,17510
24104,17511
24104,17512
24104,17513
24104,17514
24104,17515
24104,17516
24104,17517
24104,17518
24104,17519
24104,17520
24104,17521
24104,17522
24104,17523
24104,17524
24104,17525
24104,17526
24104,17527
24104,17528
24104,17529
24104,17530
24104,17531
24104,17532
24104,17533
24104,17534
24104,17535
24104,17536
24104,17537
24104,17538
24104,17539
24104,17540
24104,17541
24104,17542
24104,17543
24104,17544
24104,17545
24104,17546
24104,17547
24104,17548
24104,17549
24104,17550
24104,17551
24104,17552
24104,17553
24104,17554
24104,17555
24104,17556
24104,17557
24104,17558
24104,17559
24104,17560
24104,17561
24104,17562
24104,17563
24105,17394
24105,17395
24105,17396
24105,17397
24105,17398
24105,17399
24105,17400
24105,17401
24105,17402
24105,17403
24105,17404
24105,17405
24105,17406
24105,17407
24105,17408
24105,17409
24105,17410
24105,17411
24105,17412
24105,17413
24105,17414
24105,17415
24105,17416
24105,17417
24105,17418
24105,17419
24105,17420
24105,17421
24105,17422
24105,17423
24105,17424
24105,17425
24105,17426
24105,17427
24105,17428
24105,17429
24105,17430
24105,17431
24105,17432
24105,17433
24105,17434
24105,17435
24105,17436
24105,17437
24105,17438
24105,17439
24105,17440
24105,17441
24105,17442
24105,17443
24105,17444
24105,17445
24105,17446
24105,17447
24105,17448
24105,17449
24105,17450
24105,17451
24105,17452
24105,17453
24105,17454
24105,17455
24105,17456
24105,17457
24105,17458
24105,17459
24105,17460
24105,17461
24105,17462
24105,17463
24105,17464
24105,17465
24105,17466
24105,17467
24105,17468
24105,17469
24105,17470
24105,17471
24105,17472
24105,17473
24105,17474
24105,17475
24105,17476
24105,17477
24105,17478
24105,17479
24105,17480
24105,17481
24105,17482
24105,17483
24105,17484
24105,17485
24105,17486
24105,17487
24105,17488
24105,17489
24105,17490
24105,17491
24105,17492
24105,17493
24105,17494
24105,17495
24105,17496
24105,17497
24105,17498
24105,17499
24105,17500
24105,17501
24105,17502
24105,17503
24105,17504
24105,17505
24105,17506
24105,17507
24105,17508
24105,17509
24105,17510
24105,17511
24105,17512
24105,17513
24105,17514
24105,17515
24105,17516
24105,17517
24105,17518
24105,17519
24105,17520
24105,17521
24105,17522
24105,17523
24105,17524
24105,17525
24105,17526
24105,17527
24105,17528
24105,17529
24105,17530
24105,17531
24105,17532
24105,17533
24105,17534
24105,17535
24105,17536
24105,17537
24105,17538
24105,17539
24105,17540
24105,17541
24105,17542
24105,17543
24105,17544
24105,17545
24105,17546
24105,17547
24105,17548
24105,17549
24105,17550
24105,17551
24105,17552
24105,17553
24105,17554
24105,17555
24105,17556
24105,17557
24105,17558
24105,17559
24105,17560
24105,17561
24105,17562
24105,17563
24106,17394
24106,17395
24106,17396
24106,17397
24106,17398
24106,17399
24106,17400
24106,17401
24106,17402
24106,17403
24106,17404
24106,17405
24106,17406
24106,17407
24106,17408
24106,17409
24106,17410
24106,17411
24106,17412
24106,17413
24106,17414
24106,17415
24106,17416
24106,17417
24106,17418
24106,17419
24106,17420
24106,17421
24106,17422
24106,17423
24106,17424
24106,17425
24106,17426
24106,17427
24106,17428
24106,17429
24106,17430
24106,17431
24106,17432
24106,17433
24106,17434
24106,17435
24106,17436
24106,17437
24106,17438
24106,17439
24106,17440
24106,17441
24106,17442
24106,17443
24106,17444
24106,17445
24106,17446
24106,17447
24106,17448
24106,17449
24106,17450
24106,17451
24106,17452
24106,17453
24106,17454
24106,17455
24106,17456
24106,17457
24106,17458
24106,17459
24106,17460
24106,17461
24106,17462
24106,17463
24106,17464
24106,17465
24106,17466
24106,17467
24106,17468
24106,17469
24106,17470
24106,17471
24106,17472
24106,17473
24106,17474
24106,17475
24106,17476
24106,17477
24106,17478
24106,17479
24106,17480
24106,17481
24106,17482
24106,17483
24106,17484
24106,17485
24106,17486
24106,17487
24106,17488
24106,17489
24106,17490
24106,17491
24106,17492
24106,17493
24106,17494
24106,17495
24106,17496
24106,17497
24106,17498
24106,17499
24106,17500
24106,17501
24106,17502
24106,17503
24106,17504
24106,17505
24106,17506
24106,17507
24106,17508
24106,17509
24106,17510
24106,17511
24106,17512
24106,17513
24106,17514
24106,17515
24106,17516
24106,17517
24106,17518
24106,17519
24106,17520
24106,17521
24106,17522
24106,17523
24106,17524
24106,17525
24106,17526
24106,17527
24106,17528
24106,17529
24106,17530
24106,17531
24106,17532
24106,17533
24106,17534
24106,17535
24106,17536
24106,17537
24106,17538
24106,17539
24106,17540
24106,17541
24106,17542
24106,17543
24106,17544
24106,17545
24106,17546
24106,17547
24106,17548
24106,17549
24106,17550
24106,17551
24106,17552
24106,17553
24106,17554
24106,17555
24106,17556
24106,17557
24106,17558
24106,17559
24106,17560
24106,17561
24106,17562
24106,17563
24106,17564
24107,17394
24107,17395
24107,17396
24107,17397
24107,17398
24107,17399
24107,17400
24107,17401
24107,17402
24107,17403
24107,17404
24107,17405
24107,17406
24107,17407
24107,17408
24107,17409
24107,17410
24107,17411
24107,17412
24107,17413
24107,17414
24107,17415
24107,17416
24107,17417
24107,17418
24107,17419
24107,17420
24107,17421
24107,17422
24107,17423
24107,17424
24107,17425
24107,17426
24107,17427
24107,17428
24107,17429
24107,17430
24107,17431
24107,17432
24107,17433
24107,17434
24107,17435
24107,17436
24107,17437
24107,17438
24107,17439
24107,17440
24107,17441
24107,17442
24107,17443
24107,17444
24107,17445
24107,17446
24107,17447
24107,17448
24107,17449
24107,17450
24107,17451
24107,17452
24107,17453
24107,17454
24107,17455
24107,17456
24107,17457
24107,17458
24107,17459
24107,17460
24107,17461
24107,17462
24107,17463
24107,17464
24107,17465
24107,17466
24107,17467
24107,17468
24107,17469
24107,17470
24107,17471
24107,17472
24107,17473
24107,17474
24107,17475
24107,17476
24107,17477
24107,17478
24107,17479
24107,17480
24107,17481
24107,17482
24107,17483
24107,17484
24107,17485
24107,17486
24107,17487
24107,17488
24107,17489
24107,17490
24107,17491
24107,17492
24107,17493
24107,17494
24107,17495
24107,17496
24107,17497
24107,17498
24107,17499
24107,17500
24107,17501
24107,17502
24107,17503
24107,17504
24107,17505
24107,17506
24107,17507
24107,17508
24107,17509
24107,17510
24107,17511
24107,17512
24107,17513
24107,17514
24107,17515
24107,17516
24107,17517
24107,17518
24107,17519
24107,17520
24107,17521
24107,17522
24107,17523
24107,17524
24107,17525
24107,17526
24107,17527
24107,17528
24107,17529
24107,17530
24107,17531
24107,17532
24107,17533
24107,17534
24107,17535
24107,17536
24107,17537
24107,17538
24107,17539
24107,17540
24107,17541
24107,17542
24107,17543
24107,17544
24107,17545
24107,17546
24107,17547
24107,17548
24107,17549
24107,17550
24107,17551
24107,17552
24107,17553
24107,17554
24107,17555
24107,17556
24107,17557
24107,17558
24107,17559
24107,17560
24107,17561
24107,17562
24107,17563
24107,17564
24108,17394
24108,17395
24108,17396
24108,17397
24108,17398
24108,17399
24108,17400
24108,17401
24108,17402
24108,17403
24108,17404
24108,17405
24108,17406
24108,17407
24108,17408
24108,17409
24108,17410
24108,17411
24108,17412
24108,17413
24108,17414
24108,17415
24108,17416
24108,17417
24108,17418
24108,17419
24108,17420
24108,17421
24108,17422
24108,17423
24108,17424
24108,17425
24108,17426
24108,17427
24108,17428
24108,17429
24108,17430
24108,17431
24108,17432
24108,17433
24108,17434
24108,17435
24108,17436
24108,17437
24108,17438
24108,17439
24108,17440
24108,17441
24108,17442
24108,17443
24108,17444
24108,17445
24108,17446
24108,17447
24108,17448
24108,17449
24108,17450
24108,17451
24108,17452
24108,17453
24108,17454
24108,17455
24108,17456
24108,17457
24108,17458
24108,17459
24108,17460
24108,17461
24108,17462
24108,17463
24108,17464
24108,17465
24108,17466
24108,17467
24108,17468
24108,17469
24108,17470
24108,17471
24108,17472
24108,17473
24108,17474
24108,17475
24108,17476
24108,17477
24108,17478
24108,17479
24108,17480
24108,17481
24108,17482
24108,17483
24108,17484
24108,17485
24108,17486
24108,17487
24108,17488
24108,17489
24108,17490
24108,17491
24108,17492
24108,17493
24108,17494
24108,17495
24108,17496
24108,17497
24108,17498
24108,17499
24108,17500
24108,17501
24108,17502
24108,17503
24108,17504
24108,17505
24108,17506
24108,17507
24108,17508
24108,17509
24108,17510
24108,17511
24108,17512
24108,17513
24108,17514
24108,17515
24108,17516
24108,17517
24108,17518
24108,17519
24108,17520
24108,17521
24108,17522
24108,17523
24108,17524
24108,17525
24108,17526
24108,17527
24108,17528
24108,17529
24108,17530
24108,17531
24108,17532
24108,17533
24108,17534
24108,17535
24108,17536
24108,17537
24108,17538
24108,17539
24108,17540
24108,17541
24108,17542
24108,17543
24108,17544
24108,17545
24108,17546
24108,17547
24108,17548
24108,17549
24108,17550
24108,17551
24108,17552
24108,17553
24108,17554
24108,17555
24108,17556
24108,17557
24108,17558
24108,17559
24108,17560
24108,17561
24108,17562
24108,17563
24108,17564
24109,17394
24109,17395
24109,17396
24109,17397
24109,17398
24109,17399
24109,17400
24109,17401
24109,17402
24109,17403
24109,17404
24109,17405
24109,17406
24109,17407
24109,17408
24109,17409
24109,17410
24109,17411
24109,17412
24109,17413
24109,17414
24109,17415
24109,17416
24109,17417
24109,17418
24109,17419
24109,17420
24109,17421
24109,17422
24109,17423
24109,17424
24109,17425
24109,17426
24109,17427
24109,17428
24109,17429
24109,17430
24109,17431
24109,17432
24109,17433
24109,17434
24109,17435
24109,17436
24109,17437
24109,17438
24109,17439
24109,17440
24109,17441
24109,17442
24109,17443
24109,17444
24109,17445
24109,17446
24109,17447
24109,17448
24109,17449
24109,17450
24109,17451
24109,17452
24109,17453
24109,17454
24109,17455
24109,17456
24109,17457
24109,17458
24109,17459
24109,17460
24109,17461
24109,17462
24109,17463
24109,17464
24109,17465
24109,17466
24109,17467
24109,17468
24109,17469
24109,17470
24109,17471
24109,17472
24109,17473
24109,17474
24109,17475
24109,17476
24109,17477
24109,17478
24109,17479
24109,17480
24109,17481
24109,17482
24109,17483
24109,17484
24109,17485
24109,17486
24109,17487
24109,17488
24109,17489
24109,17490
24109,17491
24109,17492
24109,17493
24109,17494
24109,17495
24109,17496
24109,17497
24109,17498
24109,17499
24109,17500
24109,17501
24109,17502
24109,17503
24109,17504
24109,17505
24109,17506
24109,17507
24109,17508
24109,17509
24109,17510
24109,17511
24109,17512
24109,17513
24109,17514
24109,17515
24109,17516
24109,17517
24109,17518
24109,17519
24109,17520
24109,17521
24109,17522
24109,17523
24109,17524
24109,17525
24109,17526
24109,17527
24109,17528
24109,17529
24109,17530
24109,17531
24109,17532
24109,17533
24109,17534
24109,17535
24109,17536
24109,17537
24109,17538
24109,17539
24109,17540
24109,17541
24109,17542
24109,17543
24109,17544
24109,17545
24109,17546
24109,17547
24109,17548
24109,17549
24109,17550
24109,17551
24109,17552
24109,17553
24109,17554
24109,17555
24109,17556
24109,17557
24109,17558
24109,17559
24109,17560
24109,17561
24109,17562
24109,17563
24109,17564
24109,17565
24110,17394
24110,17395
24110,17396
24110,17397
24110,17398
24110,17399
24110,17400
24110,17401
24110,17402
24110,17403
24110,17404
24110,17405
24110,17406
24110,17407
24110,17408
24110,17409
24110,17410
24110,17411
24110,17412
24110,17413
24110,17414
24110,17415
24110,17416
24110,17417
24110,17418
24110,17419
24110,17420
24110,17421
24110,17422
24110,17423
24110,17424
24110,17425
24110,17426
24110,17427
24110,17428
24110,17429
24110,17430
24110,17431
24110,17432
24110,17433
24110,17434
24110,17435
24110,17436
24110,17437
24110,17438
24110,17439
24110,17440
24110,17441
24110,17442
24110,17443
24110,17444
24110,17445
24110,17446
24110,17447
24110,17448
24110,17449
24110,17450
24110,17451
24110,17452
24110,17453
24110,17454
24110,17455
24110,17456
24110,17457
24110,17458
24110,17459
24110,17460
24110,17461
24110,17462
24110,17463
24110,17464
24110,17465
24110,17466
24110,17467
24110,17468
24110,17469
24110,17470
24110,17471
24110,17472
24110,17473
24110,17474
24110,17475
24110,17476
24110,17477
24110,17478
24110,17479
24110,17480
24110,17481
24110,17482
24110,17483
24110,17484
24110,17485
24110,17486
24110,17487
24110,17488
24110,17489
24110,17490
24110,17491
24110,17492
24110,17493
24110,17494
24110,17495
24110,17496
24110,17497
24110,17498
24110,17499
24110,17500
24110,17501
24110,17502
24110,17503
24110,17504
24110,17505
24110,17506
24110,17507
24110,17508
24110,17509
24110,17510
24110,17511
24110,17512
24110,17513
24110,17514
24110,17515
24110,17516
24110,17517
24110,17518
24110,17519
24110,17520
24110,17521
24110,17522
24110,17523
24110,17524
24110,17525
24110,17526
24110,17527
24110,17528
24110,17529
24110,17530
24110,17531
24110,17532
24110,17533
24110,17534
24110,17535
24110,17536
24110,17537
24110,17538
24110,17539
24110,17540
24110,17541
24110,17542
24110,17543
24110,17544
24110,17545
24110,17546
24110,17547
24110,17548
24110,17549
24110,17550
24110,17551
24110,17552
24110,17553
24110,17554
24110,17555
24110,17556
24110,17557
24110,17558
24110,17559
24110,17560
24110,17561
24110,17562
24110,17563
24110,17564
24110,17565
24111,17394
24111,17395
24111,17396
24111,17397
24111,17398
24111,17399
24111,17400
24111,17401
24111,17402
24111,17403
24111,17404
24111,17405
24111,17406
24111,17407
24111,17408
24111,17409
24111,17410
24111,17411
24111,17412
24111,17413
24111,17414
24111,17415
24111,17416
24111,17417
24111,17418
24111,17419
24111,17420
24111,17421
24111,17422
24111,17423
24111,17424
24111,17425
24111,17426
24111,17427
24111,17428
24111,17429
24111,17430
24111,17431
24111,17432
24111,17433
24111,17434
24111,17435
24111,17436
24111,17437
24111,17438
24111,17439
24111,17440
24111,17441
24111,17442
24111,17443
24111,17444
24111,17445
24111,17446
24111,17447
24111,17448
24111,17449
24111,17450
24111,17451
24111,17452
24111,17453
24111,17454
24111,17455
24111,17456
24111,17457
24111,17458
24111,17459
24111,17460
24111,17461
24111,17462
24111,17463
24111,17464
24111,17465
24111,17466
24111,17467
24111,17468
24111,17469
24111,17470
24111,17471
24111,17472
24111,17473
24111,17474
24111,17475
24111,17476
24111,17477
24111,17478
24111,17479
24111,17480
24111,17481
24111,17482
24111,17483
24111,17484
24111,17485
24111,17486
24111,17487
24111,17488
24111,17489
24111,17490
24111,17491
24111,17492
24111,17493
24111,17494
24111,17495
24111,17496
24111,17497
24111,17498
24111,17499
24111,17500
24111,17501
24111,17502
24111,17503
24111,17504
24111,17505
24111,17506
24111,17507
24111,17508
24111,17509
24111,17510
24111,17511
24111,17512
24111,17513
24111,17514
24111,17515
24111,17516
24111,17517
24111,17518
24111,17519
24111,17520
24111,17521
24111,17522
24111,17523
24111,17524
24111,17525
24111,17526
24111,17527
24111,17528
24111,17529
24111,17530
24111,17531
24111,17532
24111,17533
24111,17534
24111,17535
24111,17536
24111,17537
24111,17538
24111,17539
24111,17540
24111,17541
24111,17542
24111,17543
24111,17544
24111,17545
24111,17546
24111,17547
24111,17548
24111,17549
24111,17550
24111,17551
24111,17552
24111,17553
24111,17554
24111,17555
24111,17556
24111,17557
24111,17558
24111,17559
24111,17560
24111,17561
24111,17562
24111,17563
24111,17564
24111,17565
24112,17394
24112,17395
24112,17396
24112,17397
24112,17398
24112,17399
24112,17400
24112,17401
24112,17402
24112,17403
24112,17404
24112,17405
24112,17406
24112,17407
24112,17408
24112,17409
24112,17410
24112,17411
24112,17412
24112,17413
24112,17414
24112,17415
24112,17416
24112,17417
24112,17418
24112,17419
24112,17420
24112,17421
24112,17422
24112,17423
24112,17424
24112,17425
24112,17426
24112,17427
24112,17428
24112,17429
24112,17430
24112,17431
24112,17432
24112,17433
24112,17434
24112,17435
24112,17436
24112,17437
24112,17438
24112,17439
24112,17440
24112,17441
24112,17442
24112,17443
24112,17444
24112,17445
24112,17446
24112,17447
24112,17448
24112,17449
24112,17450
24112,17451
24112,17452
24112,17453
24112,17454
24112,17455
24112,17456
24112,17457
24112,17458
24112,17459
24112,17460
24112,17461
24112,17462
24112,17463
24112,17464
24112,17465
24112,17466
24112,17467
24112,17468
24112,17469
24112,17470
24112,17471
24112,17472
24112,17473
24112,17474
24112,17475
24112,17476
24112,17477
24112,17478
24112,17479
24112,17480
24112,17481
24112,17482
24112,17483
24112,17484
24112,17485
24112,17486
24112,17487
24112,17488
24112,17489
24112,17490
24112,17491
24112,17492
24112,17493
24112,17494
24112,17495
24112,17496
24112,17497
24112,17498
24112,17499
24112,17500
24112,17501
24112,17502
24112,17503
24112,17504
24112,17505
24112,17506
24112,17507
24112,17508
24112,17509
24112,17510
24112,17511
24112,17512
24112,17513
24112,17514
24112,17515
24112,17516
24112,17517
24112,17518
24112,17519
24112,17520
24112,17521
24112,17522
24112,17523
24112,17524
24112,17525
24112,17526
24112,17527
24112,17528
24112,17529
24112,17530
24112,17531
24112,17532
24112,17533
24112,17534
24112,17535
24112,17536
24112,17537
24112,17538
24112,17539
24112,17540
24112,17541
24112,17542
24112,17543
24112,17544
24112,17545
24112,17546
24112,17547
24112,17548
24112,17549
24112,17550
24112,17551
24112,17552
24112,17553
24112,17554
24112,17555
24112,17556
24112,17557
24112,17558
24112,17559
24112,17560
24112,17561
24112,17562
24112,17563
24112,17564
24113,17394
24113,17395
24113,17396
24113,17397
24113,17398
24113,17399
24113,17400
24113,17401
24113,17402
24113,17403
24113,17404
24113,17405
24113,17406
24113,17407
24113,17408
24113,17409
24113,17410
24113,17411
24113,17412
24113,17413
24113,17414
24113,17415
24113,17416
24113,17417
24113,17418
24113,17419
24113,17420
24113,17421
24113,17422
24113,17423
24113,17424
24113,17425
24113,17426
24113,17427
24113,17428
24113,17429
24113,17430
24113,17431
24113,17432
24113,17433
24113,17434
24113,17435
24113,17436
24113,17437
24113,17438
24113,17439
24113,17440
24113,17441
24113,17442
24113,17443
24113,17444
24113,17445
24113,17446
24113,17447
24113,17448
24113,17449
24113,17450
24113,17451
24113,17452
24113,17453
24113,17454
24113,17455
24113,17456
24113,17457
24113,17458
24113,17459
24113,17460
24113,17461
24113,17462
24113,17463
24113,17464
24113,17465
24113,17466
24113,17467
24113,17468
24113,17469
24113,17470
24113,17471
24113,17472
24113,17473
24113,17474
24113,17475
24113,17476
24113,17477
24113,17478
24113,17479
24113,17480
24113,17481
24113,17482
24113,17483
24113,17484
24113,17485
24113,17486
24113,17487
24113,17488
24113,17489
24113,17490
24113,17491
24113,17492
24113,17493
24113,17494
24113,17495
24113,17496
24113,17497
24113,17498
24113,17499
24113,17500
24113,17501
24113,17502
24113,17503
24113,17504
24113,17505
24113,17506
24113,17507
24113,17508
24113,17509
24113,17510
24113,17511
24113,17512
24113,17513
24113,17514
24113,17515
24113,17516
24113,17517
24113,17518
24113,17519
24113,17520
24113,17521
24113,17522
24113,17523
24113,17524
24113,17525
24113,17526
24113,17527
24113,17528
24113,17529
24113,17530
24113,17531
24113,17532
24113,17533
24113,17534
24113,17535
24113,17536
24113,17537
24113,17538
24113,17539
24113,17540
24113,17541
24113,17542
24113,17543
24113,17544
24113,17545
24113,17546
24113,17547
24113,17548
24113,17549
24113,17550
24113,17551
24113,17552
24113,17553
24113,17554
24113,17555
24113,17556
24113,17557
24113,17558
24113,17559
24113,17560
24113,17561
24113,17562
24113,17563
24113,17564
24114,17394
24114,17395
24114,17396
24114,17397
24114,17398
24114,17399
24114,17400
24114,17401
24114,17402
24114,17403
24114,17404
24114,17405
24114,17406
24114,17407
24114,17408
24114,17409
24114,17410
24114,17411
24114,17412
24114,17413
24114,17414
24114,17415
24114,17416
24114,17417
24114,17418
24114,17419
24114,17420
24114,17421
24114,17422
24114,17423
24114,17424
24114,17425
24114,17426
24114,17427
24114,17428
24114,17429
24114,17430
24114,17431
24114,17432
24114,17433
24114,17434
24114,17435
24114,17436
24114,17437
24114,17438
24114,17439
24114,17440
24114,17441
24114,17442
24114,17443
24114,17444
24114,17445
24114,17446
24114,17447
24114,17448
24114,17449
24114,17450
24114,17451
24114,17452
24114,17453
24114,17454
24114,17455
24114,17456
24114,17457
24114,17458
24114,17459
24114,17460
24114,17461
24114,17462
24114,17463
24114,17464
24114,17465
24114,17466
24114,17467
24114,17468
24114,17469
24114,17470
24114,17471
24114,17472
24114,17473
24114,17474
24114,17475
24114,17476
24114,17477
24114,17478
24114,17479
24114,17480
24114,17481
24114,17482
24114,17483
24114,17484
24114,17485
24114,17486
24114,17487
24114,17488
24114,17489
24114,17490
24114,17491
24114,17492
24114,17493
24114,17494
24114,17495
24114,17496
24114,17497
24114,17498
24114,17499
24114,17500
24114,17501
24114,17502
24114,17503
24114,17504
24114,17505
24114,17506
24114,17507
24114,17508
24114,17509
24114,17510
24114,17511
24114,17512
24114,17513
24114,17514
24114,17515
24114,17516
24114,17517
24114,17518
24114,17519
24114,17520
24114,17521
24114,17522
24114,17523
24114,17524
24114,17525
24114,17526
24114,17527
24114,17528
24114,17529
24114,17530
24114,17531
24114,17532
24114,17533
24114,17534
24114,17535
24114,17536
24114,17537
24114,17538
24114,17539
24114,17540
24114,17541
24114,17542
24114,17543
24114,17544
24114,17545
24114,17546
24114,17547
24114,17548
24114,17549
24114,17550
24114,17551
24114,17552
24114,17553
24114,17554
24114,17555
24114,17556
24114,17557
24114,17558
24114,17559
24114,17560
24114,17561
24114,17562
24114,17563
24115,17394
24115,17395
24115,17396
24115,17397
24115,17398
24115,17399
24115,17400
24115,17401
24115,17402
24115,17403
24115,17404
24115,17405
24115,17406
24115,17407
24115,17408
24115,17409
24115,17410
24115,17411
24115,17412
24115,17413
24115,17414
24115,17415
24115,17416
24115,17417
24115,17418
24115,17419
24115,17420
24115,17421
24115,17422
24115,17423
24115,17424
24115,17425
24115,17426
24115,17427
24115,17428
24115,17429
24115,17430
24115,17431
24115,17432
24115,17433
24115,17434
24115,17435
24115,17436
24115,17437
24115,17438
24115,17439
24115,17440
24115,17441
24115,17442
24115,17443
24115,17444
24115,17445
24115,17446
24115,17447
24115,17448
24115,17449
24115,17450
24115,17451
24115,17452
24115,17453
24115,17454
24115,17455
24115,17456
24115,17457
24115,17458
24115,17459
24115,17460
24115,17461
24115,17462
24115,17463
24115,17464
24115,17465
24115,17466
24115,17467
24115,17468
24115,17469
24115,17470
24115,17471
24115,17472
24115,17473
24115,17474
24115,17475
24115,17476
24115,17477
24115,17478
24115,17479
24115,17480
24115,17481
24115,17482
24115,17483
24115,17484
24115,17485
24115,17486
24115,17487
24115,17488
24115,17489
24115,17490
24115,17491
24115,17492
24115,17493
24115,17494
24115,17495
24115,17496
24115,17497
24115,17498
24115,17499
24115,17500
24115,17501
24115,17502
24115,17503
24115,17504
24115,17505
24115,17506
24115,17507
24115,17508
24115,17509
24115,17510
24115,17511
24115,17512
24115,17513
24115,17514
24115,17515
24115,17516
24115,17517
24115,17518
24115,17519
24115,17520
24115,17521
24115,17522
24115,17523
24115,17524
24115,17525
24115,17526
24115,17527
24115,17528
24115,17529
24115,17530
24115,17531
24115,17532
24115,17533
24115,17534
24115,17535
24115,17536
24115,17537
24115,17538
24115,17539
24115,17540
24115,17541
24115,17542
24115,17543
24115,17544
24115,17545
24115,17546
24115,17547
24115,17548
24115,17549
24115,17550
24115,17551
24115,17552
24115,17553
24115,17554
24115,17555
24115,17556
24115,17557
24115,17558
24115,17559
24115,17560
24115,17561
24115,17562
24116,17394
24116,17395
24116,17396
24116,17397
24116,17398
24116,17399
24116,17400
24116,17401
24116,17402
24116,17403
24116,17404
24116,17405
24116,17406
24116,17407
24116,17408
24116,17409
24116,17410
24116,17411
24116,17412
24116,17413
24116,17414
24116,17415
24116,17416
24116,17417
24116,17418
24116,17419
24116,17420
24116,17421
24116,17422
24116,17423
24116,17424
24116,17425
24116,17426
24116,17427
24116,17428
24116,17429
24116,17430
24116,17431
24116,17432
24116,17433
24116,17434
24116,17435
24116,17436
24116,17437
24116,17438
24116,17439
24116,17440
24116,17441
24116,17442
24116,17443
24116,17444
24116,17445
24116,17446
24116,17447
24116,17448
24116,17449
24116,17450
24116,17451
24116,17452
24116,17453
24116,17454
24116,17455
24116,17456
24116,17457
24116,17458
24116,17459
24116,17460
24116,17461
24116,17462
24116,17463
24116,17464
24116,17465
24116,17466
24116,17467
24116,17468
24116,17469
24116,17470
24116,17471
24116,17472
24116,17473
24116,17474
24116,17475
24116,17476
24116,17477
24116,17478
24116,17479
24116,17480
24116,17481
24116,17482
24116,17483
24116,17484
24116,17485
24116,17486
24116,17487
24116,17488
24116,17489
24116,17490
24116,17491
24116,17492
24116,17493
24116,17494
24116,17495
24116,17496
24116,17497
24116,17498
24116,17499
24116,17500
24116,17501
24116,17502
24116,17503
24116,17504
24116,17505
24116,17506
24116,17507
24116,17508
24116,17509
24116,17510
24116,17511
24116,17512
24116,17513
24116,17514
24116,17515
24116,17516
24116,17517
24116,17518
24116,17519
24116,17520
24116,17521
24116,17522
24116,17523
24116,17524
24116,17525
24116,17526
24116,17527
24116,17528
24116,17529
24116,17530
24116,17531
24116,17532
24116,17533
24116,17534
24116,17535
24116,17536
24116,17537
24116,17538
24116,17539
24116,17540
24116,17541
24116,17542
24116,17543
24116,17544
24116,17545
24116,17546
24116,17547
24116,17548
24116,17549
24116,17550
24116,17551
24116,17552
24116,17553
24116,17554
24116,17555
24116,17556
24116,17557
24116,17558
24116,17559
24116,17560
24117,17394
24117,17395
24117,17396
24117,17397
24117,17398
24117,17399
24117,17400
24117,17401
24117,17402
24117,17403
24117,17404
24117,17405
24117,17406
24117,17407
24117,17408
24117,17409
24117,17410
24117,17411
24117,17412
24117,17413
24117,17414
24117,17415
24117,17416
24117,17417
24117,17418
24117,17419
24117,17420
24117,17421
24117,17422
24117,17423
24117,17424
24117,17425
24117,17426
24117,17427
24117,17428
24117,17429
24117,17430
24117,17431
24117,17432
24117,17433
24117,17434
24117,17435
24117,17436
24117,17437
24117,17438
24117,17439
24117,17440
24117,17441
24117,17442
24117,17443
24117,17444
24117,17445
24117,17446
24117,17447
24117,17448
24117,17449
24117,17450
24117,17451
24117,17452
24117,17453
24117,17454
24117,17455
24117,17456
24117,17457
24117,17458
24117,17459
24117,17460
24117,17461
24117,17462
24117,17463
24117,17464
24117,17465
24117,17466
24117,17467
24117,17468
24117,17469
24117,17470
24117,17471
24117,17472
24117,17473
24117,17474
24117,17475
24117,17476
24117,17477
24117,17478
24117,17479
24117,17480
24117,17481
24117,17482
24117,17483
24117,17484
24117,17485
24117,17486
24117,17487
24117,17488
24117,17489
24117,17490
24117,17491
24117,17492
24117,17493
24117,17494
24117,17495
24117,17496
24117,17497
24117,17498
24117,17499
24117,17500
24117,17501
24117,17502
24117,17503
24117,17504
24117,17505
24117,17506
24117,17507
24117,17508
24117,17509
24117,17510
24117,17511
24117,17512
24117,17513
24117,17514
24117,17515
24117,17516
24117,17517
24117,17518
24117,17519
24117,17520
24117,17521
24117,17522
24117,17523
24117,17524
24117,17525
24117,17526
24117,17527
24117,17528
24117,17529
24117,17530
24117,17531
24117,17532
24117,17533
24117,17534
24117,17535
24117,17536
24117,17537
24117,17538
24117,17539
24117,17540
24117,17541
24117,17542
24117,17543
24117,17544
24117,17545
24117,17546
24117,17547
24117,17548
24117,17549
24117,17550
24117,17551
24117,17552
24117,17553
24117,17554
24117,17555
24117,17556
24117,17557
24117,17558
24118,17394
24118,17395
24118,17396
24118,17397
24118,17398
24118,17399
24118,17400
24118,17401
24118,17402
24118,17403
24118,17404
24118,17405
24118,17406
24118,17407
24118,17408
24118,17409
24118,17410
24118,17411
24118,17412
24118,17413
24118,17414
24118,17415
24118,17416
24118,17417
24118,17418
24118,17419
24118,17420
24118,17421
24118,17422
24118,17423
24118,17424
24118,17425
24118,17426
24118,17427
24118,17428
24118,17429
24118,17430
24118,17431
24118,17432
24118,17433
24118,17434
24118,17435
24118,17436
24118,17437
24118,17438
24118,17439
24118,17440
24118,17441
24118,17442
24118,17443
24118,17444
24118,17445
24118,17446
24118,17447
24118,17448
24118,17449
24118,17450
24118,17451
24118,17452
24118,17453
24118,17454
24118,17455
24118,17456
24118,17457
24118,17458
24118,17459
24118,17460
24118,17461
24118,17462
24118,17463
24118,17464
24118,17465
24118,17466
24118,17467
24118,17468
24118,17469
24118,17470
24118,17471
24118,17472
24118,17473
24118,17474
24118,17475
24118,17476
24118,17477
24118,17478
24118,17479
24118,17480
24118,17481
24118,17482
24118,17483
24118,17484
24118,17485
24118,17486
24118,17487
24118,17488
24118,17489
24118,17490
24118,17491
24118,17492
24118,17493
24118,17494
24118,17495
24118,17496
24118,17497
24118,17498
24118,17499
24118,17500
24118,17501
24118,17502
24118,17503
24118,17504
24118,17505
24118,17506
24118,17507
24118,17508
24118,17509
24118,17510
24118,17511
24118,17512
24118,17513
24118,17514
24118,17515
24118,17516
24118,17517
24118,17518
24118,17519
24118,17520
24118,17521
24118,17522
24118,17523
24118,17524
24118,17525
24118,17526
24118,17527
24118,17528
24118,17529
24118,17530
24118,17531
24118,17532
24118,17533
24118,17534
24118,17535
24118,17536
24118,17537
24118,17538
24118,17539
24118,17540
24118,17541
24118,17542
24118,17543
24118,17544
24118,17545
24118,17546
24118,17547
24118,17548
24118,17549
24118,17550
24118,17551
24118,17552
24118,17553
24118,17554
24118,17555
24118,17556
24118,17557
24118,17558
24119,17394
24119,17395
24119,17396
24119,17397
24119,17398
24119,17399
24119,17400
24119,17401
24119,17402
24119,17403
24119,17404
24119,17405
24119,17406
24119,17407
24119,17408
24119,17409
24119,17410
24119,17411
24119,17412
24119,17413
24119,17414
24119,17415
24119,17416
24119,17417
24119,17418
24119,17419
24119,17420
24119,17421
24119,17422
24119,17423
24119,17424
24119,17425
24119,17426
24119,17427
24119,17428
24119,17429
24119,17430
24119,17431
24119,17432
24119,17433
24119,17434
24119,17435
24119,17436
24119,17437
24119,17438
24119,17439
24119,17440
24119,17441
24119,17442
24119,17443
24119,17444
24119,17445
24119,17446
24119,17447
24119,17448
24119,17449
24119,17450
24119,17451
24119,17452
24119,17453
24119,17454
24119,17455
24119,17456
24119,17457
24119,17458
24119,17459
24119,17460
24119,17461
24119,17462
24119,17463
24119,17464
24119,17465
24119,17466
24119,17467
24119,17468
24119,17469
24119,17470
24119,17471
24119,17472
24119,17473
24119,17474
24119,17475
24119,17476
24119,17477
24119,17478
24119,17479
24119,17480
24119,17481
24119,17482
24119,17483
24119,17484
24119,17485
24119,17486
24119,17487
24119,17488
24119,17489
24119,17490
24119,17491
24119,17492
24119,17493
24119,17494
24119,17495
24119,17496
24119,17497
24119,17498
24119,17499
24119,17500
24119,17501
24119,17502
24119,17503
24119,17504
24119,17505
24119,17506
24119,17507
24119,17508
24119,17509
24119,17510
24119,17511
24119,17512
24119,17513
24119,17514
24119,17515
24119,17516
24119,17517
24119,17518
24119,17519
24119,17520
24119,17521
24119,17522
24119,17523
24119,17524
24119,17525
24119,17526
24119,17527
24119,17528
24119,17529
24119,17530
24119,17531
24119,17532
24119,17533
24119,17534
24119,17535
24119,17536
24119,17537
24119,17538
24119,17539
24119,17540
24119,17541
24119,17542
24119,17543
24119,17544
24119,17545
24119,17546
24119,17547
24119,17548
24119,17549
24119,17550
24119,17551
24119,17552
24119,17553
24119,17554
24119,17555
24119,17556
24119,17557
24119,17558
24120,17394
24120,17395
24120,17396
24120,17397
24120,17398
24120,17399
24120,17400
24120,17401
24120,17402
24120,17403
24120,17404
24120,17405
24120,17406
24120,17407
24120,17408
24120,17409
24120,17410
24120,17411
24120,17412
24120,17413
24120,17414
24120,17415
24120,17416
24120,17417
24120,17418
24120,17419
24120,17420
24120,17421
24120,17422
24120,17423
24120,17424
24120,17425
24120,17426
24120,17427
24120,17428
24120,17429
24120,17430
24120,17431
24120,17432
24120,17433
24120,17434
24120,17435
24120,17436
24120,17437
24120,17438
24120,17439
24120,17440
24120,17441
24120,17442
24120,17443
24120,17444
24120,17445
24120,17446
24120,17447
24120,17448
24120,17449
24120,17450
24120,17451
24120,17452
24120,17453
24120,17454
24120,17455
24120,17456
24120,17457
24120,17458
24120,17459
24120,17460
24120,17461
24120,17462
24120,17463
24120,17464
24120,17465
24120,17466
24120,17467
24120,17468
24120,17469
24120,17470
24120,17471
24120,17472
24120,17473
24120,17474
24120,17475
24120,17476
24120,17477
24120,17478
24120,17479
24120,17480
24120,17481
24120,17482
24120,17483
24120,17484
24120,17485
24120,17486
24120,17487
24120,17488
24120,17489
24120,17490
24120,17491
24120,17492
24120,17493
24120,17494
24120,17495
24120,17496
24120,17497
24120,17498
24120,17499
24120,17500
24120,17501
24120,17502
24120,17503
24120,17504
24120,17505
24120,17506
24120,17507
24120,17508
24120,17509
24120,17510
24120,17511
24120,17512
24120,17513
24120,17514
24120,17515
24120,17516
24120,17517
24120,17518
24120,17519
24120,17520
24120,17521
24120,17522
24120,17523
24120,17524
24120,17525
24120,17526
24120,17527
24120,17528
24120,17529
24120,17530
24120,17531
24120,17532
24120,17533
24120,17534
24120,17535
24120,17536
24120,17537
24120,17538
24120,17539
24120,17540
24120,17541
24120,17542
24120,17543
24120,17544
24120,17545
24120,17546
24120,17547
24120,17548
24120,17549
24120,17550
24120,17551
24120,17552
24120,17553
24120,17554
24120,17555
24120,17556
24120,17557
24120,17558
24121,17394
24121,17395
24121,17396
24121,17397
24121,17398
24121,17399
24121,17400
24121,17401
24121,17402
24121,17403
24121,17404
24121,17405
24121,17406
24121,17407
24121,17408
24121,17409
24121,17410
24121,17411
24121,17412
24121,17413
24121,17414
24121,17415
24121,17416
24121,17417
24121,17418
24121,17419
24121,17420
24121,17421
24121,17422
24121,17423
24121,17424
24121,17425
24121,17426
24121,17427
24121,17428
24121,17429
24121,17430
24121,17431
24121,17432
24121,17433
24121,17434
24121,17435
24121,17436
24121,17437
24121,17438
24121,17439
24121,17440
24121,17441
24121,17442
24121,17443
24121,17444
24121,17445
24121,17446
24121,17447
24121,17448
24121,17449
24121,17450
24121,17451
24121,17452
24121,17453
24121,17454
24121,17455
24121,17456
24121,17457
24121,17458
24121,17459
24121,17460
24121,17461
24121,17462
24121,17463
24121,17464
24121,17465
24121,17466
24121,17467
24121,17468
24121,17469
24121,17470
24121,17471
24121,17472
24121,17473
24121,17474
24121,17475
24121,17476
24121,17477
24121,17478
24121,17479
24121,17480
24121,17481
24121,17482
24121,17483
24121,17484
24121,17485
24121,17486
24121,17487
24121,17488
24121,17489
24121,17490
24121,17491
24121,17492
24121,17493
24121,17494
24121,17495
24121,17496
24121,17497
24121,17498
24121,17499
24121,17500
24121,17501
24121,17502
24121,17503
24121,17504
24121,17505
24121,17506
24121,17507
24121,17508
24121,17509
24121,17510
24121,17511
24121,17512
24121,17513
24121,17514
24121,17515
24121,17516
24121,17517
24121,17518
24121,17519
24121,17520
24121,17521
24121,17522
24121,17523
24121,17524
24121,17525
24121,17526
24121,17527
24121,17528
24121,17529
24121,17530
24121,17531
24121,17532
24121,17533
24121,17534
24121,17535
24121,17536
24121,17537
24121,17538
24121,17539
24121,17540
24121,17541
24121,17542
24121,17543
24121,17544
24121,17545
24121,17546
24121,17547
24121,17548
24121,17549
24121,17550
24121,17551
24121,17552
24121,17553
24121,17554
24121,17555
24121,17556
24121,17557
24122,17394
24122,17395
24122,17396
24122,17397
24122,17398
24122,17399
24122,17400
24122,17401
24122,17402
24122,17403
24122,17404
24122,17405
24122,17406
24122,17407
24122,17408
24122,17409
24122,17410
24122,17411
24122,17412
24122,17413
24122,17414
24122,17415
24122,17416
24122,17417
24122,17418
24122,17419
24122,17420
24122,17421
24122,17422
24122,17423
24122,17424
24122,17425
24122,17426
24122,17427
24122,17428
24122,17429
24122,17430
24122,17431
24122,17432
24122,17433
24122,17434
24122,17435
24122,17436
24122,17437
24122,17438
24122,17439
24122,17440
24122,17441
24122,17442
24122,17443
24122,17444
24122,17445
24122,17446
24122,17447
24122,17448
24122,17449
24122,17450
24122,17451
24122,17452
24122,17453
24122,17454
24122,17455
24122,17456
24122,17457
24122,17458
24122,17459
24122,17460
24122,17461
24122,17462
24122,17463
24122,17464
24122,17465
24122,17466
24122,17467
24122,17468
24122,17469
24122,17470
24122,17471
24122,17472
24122,17473
24122,17474
24122,17475
24122,17476
24122,17477
24122,17478
24122,17479
24122,17480
24122,17481
24122,17482
24122,17483
24122,17484
24122,17485
24122,17486
24122,17487
24122,17488
24122,17489
24122,17490
24122,17491
24122,17492
24122,17493
24122,17494
24122,17495
24122,17496
24122,17497
24122,17498
24122,17499
24122,17500
24122,17501
24122,17502
24122,17503
24122,17504
24122,17505
24122,17506
24122,17507
24122,17508
24122,17509
24122,17510
24122,17511
24122,17512
24122,17513
24122,17514
24122,17515
24122,17516
24122,17517
24122,17518
24122,17519
24122,17520
24122,17521
24122,17522
24122,17523
24122,17524
24122,17525
24122,17526
24122,17527
24122,17528
24122,17529
24122,17530
24122,17531
24122,17532
24122,17533
24122,17534
24122,17535
24122,17536
24122,17537
24122,17538
24122,17539
24122,17540
24122,17541
24122,17542
24122,17543
24122,17544
24122,17545
24122,17546
24122,17547
24122,17548
24122,17549
24122,17550
24122,17551
24122,17552
24122,17553
24122,17554
24122,17555
24122,17556
24122,17557
24123,17394
24123,17395
24123,17396
24123,17397
24123,17398
24123,17399
24123,17400
24123,17401
24123,17402
24123,17403
24123,17404
24123,17405
24123,17406
24123,17407
24123,17408
24123,17409
24123,17410
24123,17411
24123,17412
24123,17413
24123,17414
24123,17415
24123,17416
24123,17417
24123,17418
24123,17419
24123,17420
24123,17421
24123,17422
24123,17423
24123,17424
24123,17425
24123,17426
24123,17427
24123,17428
24123,17429
24123,17430
24123,17431
24123,17432
24123,17433
24123,17434
24123,17435
24123,17436
24123,17437
24123,17438
24123,17439
24123,17440
24123,17441
24123,17442
24123,17443
24123,17444
24123,17445
24123,17446
24123,17447
24123,17448
24123,17449
24123,17450
24123,17451
24123,17452
24123,17453
24123,17454
24123,17455
24123,17456
24123,17457
24123,17458
24123,17459
24123,17460
24123,17461
24123,17462
24123,17463
24123,17464
24123,17465
24123,17466
24123,17467
24123,17468
24123,17469
24123,17470
24123,17471
24123,17472
24123,17473
24123,17474
24123,17475
24123,17476
24123,17477
24123,17478
24123,17479
24123,17480
24123,17481
24123,17482
24123,17483
24123,17484
24123,17485
24123,17486
24123,17487
24123,17488
24123,17489
24123,17490
24123,17491
24123,17492
24123,17493
24123,17494
24123,17495
24123,17496
24123,17497
24123,17498
24123,17499
24123,17500
24123,17501
24123,17502
24123,17503
24123,17504
24123,17505
24123,17506
24123,17507
24123,17508
24123,17509
24123,17510
24123,17511
24123,17512
24123,17513
24123,17514
24123,17515
24123,17516
24123,17517
24123,17518
24123,17519
24123,17520
24123,17521
24123,17522
24123,17523
24123,17524
24123,17525
24123,17526
24123,17527
24123,17528
24123,17529
24123,17530
24123,17531
24123,17532
24123,17533
24123,17534
24123,17535
24123,17536
24123,17537
24123,17538
24123,17539
24123,17540
24123,17541
24123,17542
24123,17543
24123,17544
24123,17545
24123,17546
24123,17547
24123,17548
24123,17549
24123,17550
24123,17551
24123,17552
24123,17553
24123,17554
24123,17555
24123,17556
24123,17557
24124,17394
24124,17395
24124,17396
24124,17397
24124,17398
24124,17399
24124,17400
24124,17401
24124,17402
24124,17403
24124,17404
24124,17405
24124,17406
24124,17407
24124,17408
24124,17409
24124,17410
24124,17411
24124,17412
24124,17413
24124,17414
24124,17415
24124,17416
24124,17417
24124,17418
24124,17419
24124,17420
24124,17421
24124,17422
24124,17423
24124,17424
24124,17425
24124,17426
24124,17427
24124,17428
24124,17429
24124,17430
24124,17431
24124,17432
24124,17433
24124,17434
24124,17435
24124,17436
24124,17437
24124,17438
24124,17439
24124,17440
24124,17441
24124,17442
24124,17443
24124,17444
24124,17445
24124,17446
24124,17447
24124,17448
24124,17449
24124,17450
24124,17451
24124,17452
24124,17453
24124,17454
24124,17455
24124,17456
24124,17457
24124,17458
24124,17459
24124,17460
24124,17461
24124,17462
24124,17463
24124,17464
24124,17465
24124,17466
24124,17467
24124,17468
24124,17469
24124,17470
24124,17471
24124,17472
24124,17473
24124,17474
24124,17475
24124,17476
24124,17477
24124,17478
24124,17479
24124,17480
24124,17481
24124,17482
24124,17483
24124,17484
24124,17485
24124,17486
24124,17487
24124,17488
24124,17489
24124,17490
24124,17491
24124,17492
24124,17493
24124,17494
24124,17495
24124,17496
24124,17497
24124,17498
24124,17499
24124,17500
24124,17501
24124,17502
24124,17503
24124,17504
24124,17505
24124,17506
24124,17507
24124,17508
24124,17509
24124,17510
24124,17511
24124,17512
24124,17513
24124,17514
24124,17515
24124,17516
24124,17517
24124,17518
24124,17519
24124,17520
24124,17521
24124,17522
24124,17523
24124,17524
24124,17525
24124,17526
24124,17527
24124,17528
24124,17529
24124,17530
24124,17531
24124,17532
24124,17533
24124,17534
24124,17535
24124,17536
24124,17537
24124,17538
24124,17539
24124,17540
24124,17541
24124,17542
24124,17543
24124,17544
24124,17545
24124,17546
24124,17547
24124,17548
24124,17549
24124,17550
24124,17551
24124,17552
24124,17553
24124,17554
24124,17555
24124,17556
24125,17394
24125,17395
24125,17396
24125,17397
24125,17398
24125,17399
24125,17400
24125,17401
24125,17402
24125,17403
24125,17404
24125,17405
24125,17406
24125,17407
24125,17408
24125,17409
24125,17410
24125,17411
24125,17412
24125,17413
24125,17414
24125,17415
24125,17416
24125,17417
24125,17418
24125,17419
24125,17420
24125,17421
24125,17422
24125,17423
24125,17424
24125,17425
24125,17426
24125,17427
24125,17428
24125,17429
24125,17430
24125,17431
24125,17432
24125,17433
24125,17434
24125,17435
24125,17436
24125,17437
24125,17438
24125,17439
24125,17440
24125,17441
24125,17442
24125,17443
24125,17444
24125,17445
24125,17446
24125,17447
24125,17448
24125,17449
24125,17450
24125,17451
24125,17452
24125,17453
24125,17454
24125,17455
24125,17456
24125,17457
24125,17458
24125,17459
24125,17460
24125,17461
24125,17462
24125,17463
24125,17464
24125,17465
24125,17466
24125,17467
24125,17468
24125,17469
24125,17470
24125,17471
24125,17472
24125,17473
24125,17474
24125,17475
24125,17476
24125,17477
24125,17478
24125,17479
24125,17480
24125,17481
24125,17482
24125,17483
24125,17484
24125,17485
24125,17486
24125,17487
24125,17488
24125,17489
24125,17490
24125,17491
24125,17492
24125,17493
24125,17494
24125,17495
24125,17496
24125,17497
24125,17498
24125,17499
24125,17500
24125,17501
24125,17502
24125,17503
24125,17504
24125,17505
24125,17506
24125,17507
24125,17508
24125,17509
24125,17510
24125,17511
24125,17512
24125,17513
24125,17514
24125,17515
24125,17516
24125,17517
24125,17518
24125,17519
24125,17520
24125,17521
24125,17522
24125,17523
24125,17524
24125,17525
24125,17526
24125,17527
24125,17528
24125,17529
24125,17530
24125,17531
24125,17532
24125,17533
24125,17534
24125,17535
24125,17536
24125,17537
24125,17538
24125,17539
24125,17540
24125,17541
24125,17542
24125,17543
24125,17544
24125,17545
24125,17546
24125,17547
24125,17548
24125,17549
24125,17550
24125,17551
24125,17552
24125,17553
24125,17554
24125,17555
24125,17556
24125,17557
24126,17394
24126,17395
24126,17396
24126,17397
24126,17398
24126,17399
24126,17400
24126,17401
24126,17402
24126,17403
24126,17404
24126,17405
24126,17406
24126,17407
24126,17408
24126,17409
24126,17410
24126,17411
24126,17412
24126,17413
24126,17414
24126,17415
24126,17416
24126,17417
24126,17418
24126,17419
24126,17420
24126,17421
24126,17422
24126,17423
24126,17424
24126,17425
24126,17426
24126,17427
24126,17428
24126,17429
24126,17430
24126,17431
24126,17432
24126,17433
24126,17434
24126,17435
24126,17436
24126,17437
24126,17438
24126,17439
24126,17440
24126,17441
24126,17442
24126,17443
24126,17444
24126,17445
24126,17446
24126,17447
24126,17448
24126,17449
24126,17450
24126,17451
24126,17452
24126,17453
24126,17454
24126,17455
24126,17456
24126,17457
24126,17458
24126,17459
24126,17460
24126,17461
24126,17462
24126,17463
24126,17464
24126,17465
24126,17466
24126,17467
24126,17468
24126,17469
24126,17470
24126,17471
24126,17472
24126,17473
24126,17474
24126,17475
24126,17476
24126,17477
24126,17478
24126,17479
24126,17480
24126,17481
24126,17482
24126,17483
24126,17484
24126,17485
24126,17486
24126,17487
24126,17488
24126,17489
24126,17490
24126,17491
24126,17492
24126,17493
24126,17494
24126,17495
24126,17496
24126,17497
24126,17498
24126,17499
24126,17500
24126,17501
24126,17502
24126,17503
24126,17504
24126,17505
24126,17506
24126,17507
24126,17508
24126,17509
24126,17510
24126,17511
24126,17512
24126,17513
24126,17514
24126,17515
24126,17516
24126,17517
24126,17518
24126,17519
24126,17520
24126,17521
24126,17522
24126,17523
24126,17524
24126,17525
24126,17526
24126,17527
24126,17528
24126,17529
24126,17530
24126,17531
24126,17532
24126,17533
24126,17534
24126,17535
24126,17536
24126,17537
24126,17538
24126,17539
24126,17540
24126,17541
24126,17542
24126,17543
24126,17544
24126,17545
24126,17546
24126,17547
24126,17548
24126,17549
24126,17550
24126,17551
24126,17552
24126,17553
24126,17554
24126,17555
24126,17556
24126,17557
24126,17558
24127,17394
24127,17395
24127,17396
24127,17397
24127,17398
24127,17399
24127,17400
24127,17401
24127,17402
24127,17403
24127,17404
24127,17405
24127,17406
24127,17407
24127,17408
24127,17409
24127,17410
24127,17411
24127,17412
24127,17419
24127,17420
24127,17421
24127,17422
24127,17423
24127,17424
24127,17425
24127,17426
24127,17427
24127,17428
24127,17429
24127,17430
24127,17431
24127,17432
24127,17433
24127,17434
24127,17435
24127,17436
24127,17437
24127,17438
24127,17439
24127,17440
24127,17441
24127,17442
24127,17443
24127,17444
24127,17445
24127,17446
24127,17447
24127,17448
24127,17449
24127,17450
24127,17451
24127,17452
24127,17453
24127,17454
24127,17455
24127,17456
24127,17457
24127,17458
24127,17459
24127,17460
24127,17461
24127,17462
24127,17463
24127,17464
24127,17465
24127,17466
24127,17467
24127,17468
24127,17469
24127,17470
24127,17471
24127,17472
24127,17473
24127,17474
24127,17475
24127,17476
24127,17477
24127,17478
24127,17479
24127,17480
24127,17481
24127,17482
24127,17483
24127,17484
24127,17485
24127,17486
24127,17487
24127,17488
24127,17489
24127,17490
24127,17491
24127,17492
24127,17493
24127,17494
24127,17495
24127,17496
24127,17497
24127,17498
24127,17499
24127,17500
24127,17501
24127,17502
24127,17503
24127,17504
24127,17505
24127,17506
24127,17507
24127,17508
24127,17509
24127,17510
24127,17511
24127,17512
24127,17513
24127,17514
24127,17515
24127,17516
24127,17517
24127,17518
24127,17519
24127,17520
24127,17521
24127,17522
24127,17523
24127,17524
24127,17525
24127,17526
24127,17527
24127,17528
24127,17529
24127,17530
24127,17531
24127,17532
24127,17533
24127,17534
24127,17535
24127,17536
24127,17537
24127,17538
24127,17539
24127,17540
24127,17541
24127,17542
24127,17543
24127,17544
24127,17545
24127,17546
24127,17547
24127,17548
24127,17549
24127,17550
24127,17551
24127,17552
24127,17553
24127,17554
24127,17555
24127,17556
24127,17557
24127,17558
24128,17395
24128,17397
24128,17398
24128,17399
24128,17400
24128,17401
24128,17402
24128,17403
24128,17404
24128,17409
24128,17420
24128,17421
24128,17422
24128,17423
24128,17424
24128,17425
24128,17426
24128,17427
24128,17428
24128,17429
24128,17430
24128,17431
24128,17432
24128,17433
24128,17434
24128,17435
24128,17436
24128,17437
24128,17438
24128,17439
24128,17440
24128,17441
24128,17442
24128,17443
24128,17444
24128,17445
24128,17446
24128,17447
24128,17448
24128,17449
24128,17450
24128,17451
24128,17452
24128,17453
24128,17454
24128,17455
24128,17456
24128,17457
24128,17458
24128,17459
24128,17460
24128,17461
24128,17462
24128,17463
24128,17464
24128,17465
24128,17466
24128,17467
24128,17468
24128,17469
24128,17470
24128,17471
24128,17472
24128,17473
24128,17474
24128,17475
24128,17476
24128,17477
24128,17478
24128,17479
24128,17480
24128,17481
24128,17482
24128,17483
24128,17484
24128,17485
24128,17486
24128,17487
24128,17488
24128,17489
24128,17490
24128,17491
24128,17492
24128,17493
24128,17494
24128,17495
24128,17496
24128,17497
24128,17498
24128,17499
24128,17500
24128,17501
24128,17502
24128,17503
24128,17504
24128,17505
24128,17506
24128,17507
24128,17508
24128,17509
24128,17510
24128,17511
24128,17512
24128,17513
24128,17514
24128,17515
24128,17516
24128,17517
24128,17518
24128,17519
24128,17520
24128,17521
24128,17522
24128,17523
24128,17524
24128,17525
24128,17526
24128,17527
24128,17528
24128,17529
24128,17530
24128,17531
24128,17532
24128,17533
24128,17534
24128,17535
24128,17536
24128,17537
24128,17538
24128,17539
24128,17540
24128,17541
24128,17542
24128,17543
24128,17544
24128,17545
24128,17546
24128,17547
24128,17548
24128,17549
24128,17550
24128,17551
24128,17552
24128,17553
24128,17554
24128,17555
24128,17556
24128,17557
24128,17558
24129,17400
24129,17421
24129,17422
24129,17423
24129,17424
24129,17425
24129,17426
24129,17427
24129,17428
24129,17429
24129,17430
24129,17431
24129,17432
24129,17433
24129,17434
24129,17435
24129,17436
24129,17437
24129,17438
24129,17439
24129,17440
24129,17441
24129,17442
24129,17443
24129,17444
24129,17445
24129,17446
24129,17447
24129,17448
24129,17449
24129,17450
24129,17451
24129,17452
24129,17453
24129,17454
24129,17455
24129,17456
24129,17457
24129,17458
24129,17459
24129,17460
24129,17461
24129,17462
24129,17463
24129,17464
24129,17465
24129,17466
24129,17467
24129,17468
24129,17469
24129,17470
24129,17471
24129,17472
24129,17473
24129,17474
24129,17475
24129,17476
24129,17477
24129,17478
24129,17479
24129,17480
24129,17481
24129,17482
24129,17483
24129,17484
24129,17485
24129,17486
24129,17487
24129,17488
24129,17489
24129,17490
24129,17491
24129,17492
24129,17493
24129,17494
24129,17495
24129,17496
24129,17497
24129,17498
24129,17499
24129,17500
24129,17501
24129,17502
24129,17503
24129,17504
24129,17505
24129,17506
24129,17507
24129,17508
24129,17509
24129,17510
24129,17511
24129,17512
24129,17513
24129,17514
24129,17515
24129,17516
24129,17517
24129,17518
24129,17519
24129,17520
24129,17521
24129,17522
24129,17523
24129,17524
24129,17525
24129,17526
24129,17527
24129,17528
24129,17529
24129,17530
24129,17531
24129,17532
24129,17533
24129,17534
24129,17535
24129,17536
24129,17537
24129,17538
24129,17539
24129,17540
24129,17541
24129,17542
24129,17543
24129,17544
24129,17545
24129,17546
24129,17547
24129,17548
24129,17549
24129,17550
24129,17551
24129,17552
24129,17553
24129,17554
24129,17555
24129,17556
24129,17557
24129,17558
24129,17559
24130,17423
24130,17424
24130,17425
24130,17426
24130,17427
24130,17428
24130,17429
24130,17430
24130,17431
24130,17432
24130,17433
24130,17434
24130,17435
24130,17436
24130,17437
24130,17438
24130,17439
24130,17440
24130,17441
24130,17442
24130,17443
24130,17444
24130,17445
24130,17446
24130,17447
24130,17448
24130,17449
24130,17450
24130,17451
24130,17452
24130,17453
24130,17454
24130,17455
24130,17456
24130,17457
24130,17458
24130,17459
24130,17460
24130,17461
24130,17462
24130,17463
24130,17464
24130,17465
24130,17466
24130,17467
24130,17468
24130,17469
24130,17470
24130,17471
24130,17472
24130,17473
24130,17474
24130,17475
24130,17476
24130,17477
24130,17478
24130,17479
24130,17480
24130,17481
24130,17482
24130,17483
24130,17484
24130,17485
24130,17486
24130,17487
24130,17488
24130,17489
24130,17490
24130,17491
24130,17492
24130,17493
24130,17494
24130,17495
24130,17496
24130,17497
24130,17498
24130,17499
24130,17500
24130,17501
24130,17502
24130,17503
24130,17504
24130,17505
24130,17506
24130,17507
24130,17508
24130,17509
24130,17510
24130,17511
24130,17512
24130,17513
24130,17514
24130,17515
24130,17516
24130,17517
24130,17518
24130,17519
24130,17520
24130,17521
24130,17522
24130,17523
24130,17524
24130,17525
24130,17526
24130,17527
24130,17528
24130,17529
24130,17530
24130,17531
24130,17532
24130,17533
24130,17534
24130,17535
24130,17536
24130,17537
24130,17538
24130,17539
24130,17540
24130,17541
24130,17542
24130,17543
24130,17544
24130,17545
24130,17546
24130,17547
24130,17548
24130,17549
24130,17550
24130,17551
24130,17552
24130,17553
24130,17554
24130,17555
24130,17556
24130,17557
24130,17558
24130,17559
24131,17424
24131,17425
24131,17426
24131,17427
24131,17428
24131,17429
24131,17430
24131,17431
24131,17432
24131,17433
24131,17434
24131,17435
24131,17436
24131,17437
24131,17438
24131,17439
24131,17440
24131,17441
24131,17442
24131,17443
24131,17444
24131,17445
24131,17446
24131,17447
24131,17448
24131,17449
24131,17450
24131,17451
24131,17452
24131,17453
24131,17454
24131,17455
24131,17456
24131,17457
24131,17458
24131,17459
24131,17460
24131,17461
24131,17462
24131,17463
24131,17464
24131,17465
24131,17466
24131,17467
24131,17468
24131,17469
24131,17470
24131,17471
24131,17472
24131,17473
24131,17474
24131,17475
24131,17476
24131,17477
24131,17478
24131,17479
24131,17480
24131,17481
24131,17482
24131,17483
24131,17484
24131,17485
24131,17486
24131,17487
24131,17488
24131,17489
24131,17490
24131,17491
24131,17492
24131,17493
24131,17494
24131,17495
24131,17496
24131,17497
24131,17498
24131,17499
24131,17500
24131,17501
24131,17502
24131,17503
24131,17504
24131,17505
24131,17506
24131,17507
24131,17508
24131,17509
24131,17510
24131,17511
24131,17512
24131,17513
24131,17514
24131,17515
24131,17516
24131,17517
24131,17518
24131,17519
24131,17520
24131,17521
24131,17522
24131,17523
24131,17524
24131,17525
24131,17526
24131,17527
24131,17528
24131,17529
24131,17530
24131,17531
24131,17532
24131,17533
24131,17534
24131,17535
24131,17536
24131,17537
24131,17538
24131,17539
24131,17540
24131,17541
24131,17542
24131,17543
24131,17544
24131,17545
24131,17546
24131,17547
24131,17548
24131,17549
24131,17550
24131,17551
24131,17552
24131,17553
24131,17554
24131,17555
24131,17556
24131,17557
24131,17558
24131,17559
24132,17427
24132,17428
24132,17429
24132,17430
24132,17431
24132,17432
24132,17433
24132,17434
24132,17435
24132,17436
24132,17437
24132,17438
24132,17439
24132,17440
24132,17441
24132,17442
24132,17443
24132,17444
24132,17445
24132,17446
24132,17447
24132,17448
24132,17449
24132,17450
24132,17451
24132,17452
24132,17453
24132,17454
24132,17455
24132,17456
24132,17457
24132,17458
24132,17459
24132,17460
24132,17461
24132,17462
24132,17463
24132,17464
24132,17465
24132,17466
24132,17467
24132,17468
24132,17469
24132,17470
24132,17471
24132,17472
24132,17473
24132,17474
24132,17475
24132,17476
24132,17477
24132,17478
24132,17479
24132,17480
24132,17481
24132,17482
24132,17483
24132,17484
24132,17485
24132,17486
24132,17487
24132,17488
24132,17489
24132,17490
24132,17491
24132,17492
24132,17493
24132,17494
24132,17495
24132,17496
24132,17497
24132,17498
24132,17499
24132,17500
24132,17501
24132,17502
24132,17503
24132,17504
24132,17505
24132,17506
24132,17507
24132,17508
24132,17509
24132,17510
24132,17511
24132,17512
24132,17513
24132,17514
24132,17515
24132,17516
24132,17517
24132,17518
24132,17519
24132,17520
24132,17521
24132,17522
24132,17523
24132,17524
24132,17525
24132,17526
24132,17527
24132,17528
24132,17529
24132,17530
24132,17531
24132,17532
24132,17533
24132,17534
24132,17535
24132,17536
24132,17537
24132,17538
24132,17539
24132,17540
24132,17541
24132,17542
24132,17543
24132,17544
24132,17545
24132,17546
24132,17547
24132,17548
24132,17549
24132,17550
24132,17551
24132,17552
24132,17553
24132,17554
24132,17555
24132,17556
24132,17557
24132,17558
24132,17559
24132,17560
24133,17429
24133,17430
24133,17431
24133,17432
24133,17433
24133,17434
24133,17435
24133,17436
24133,17437
24133,17438
24133,17439
24133,17440
24133,17441
24133,17442
24133,17443
24133,17444
24133,17445
24133,17446
24133,17447
24133,17448
24133,17449
24133,17450
24133,17451
24133,17452
24133,17453
24133,17454
24133,17455
24133,17456
24133,17457
24133,17458
24133,17459
24133,17460
24133,17461
24133,17462
24133,17463
24133,17464
24133,17465
24133,17466
24133,17467
24133,17468
24133,17469
24133,17470
24133,17471
24133,17472
24133,17473
24133,17474
24133,17475
24133,17476
24133,17477
24133,17478
24133,17479
24133,17480
24133,17481
24133,17482
24133,17483
24133,17484
24133,17485
24133,17486
24133,17487
24133,17488
24133,17489
24133,17490
24133,17491
24133,17492
24133,17493
24133,17494
24133,17495
24133,17496
24133,17497
24133,17498
24133,17499
24133,17500
24133,17501
24133,17502
24133,17503
24133,17504
24133,17505
24133,17506
24133,17507
24133,17508
24133,17509
24133,17510
24133,17511
24133,17512
24133,17513
24133,17514
24133,17515
24133,17516
24133,17517
24133,17518
24133,17519
24133,17520
24133,17521
24133,17522
24133,17523
24133,17524
24133,17525
24133,17526
24133,17527
24133,17528
24133,17529
24133,17530
24133,17531
24133,17532
24133,17533
24133,17534
24133,17535
24133,17536
24133,17537
24133,17538
24133,17539
24133,17540
24133,17541
24133,17542
24133,17543
24133,17544
24133,17545
24133,17546
24133,17547
24133,17548
24133,17549
24133,17550
24133,17551
24133,17552
24133,17553
24133,17554
24133,17555
24133,17556
24133,17557
24133,17558
24133,17559
24134,17429
24134,17430
24134,17431
24134,17432
24134,17433
24134,17434
24134,17435
24134,17436
24134,17437
24134,17438
24134,17439
24134,17440
24134,17441
24134,17442
24134,17443
24134,17444
24134,17445
24134,17446
24134,17447
24134,17448
24134,17449
24134,17450
24134,17451
24134,17452
24134,17453
24134,17454
24134,17455
24134,17456
24134,17457
24134,17458
24134,17459
24134,17460
24134,17461
24134,17462
24134,17463
24134,17464
24134,17465
24134,17466
24134,17467
24134,17468
24134,17469
24134,17470
24134,17471
24134,17472
24134,17473
24134,17474
24134,17475
24134,17476
24134,17477
24134,17478
24134,17479
24134,17480
24134,17481
24134,17482
24134,17483
24134,17484
24134,17485
24134,17486
24134,17487
24134,17488
24134,17489
24134,17490
24134,17491
24134,17492
24134,17493
24134,17494
24134,17495
24134,17496
24134,17497
24134,17498
24134,17499
24134,17500
24134,17501
24134,17502
24134,17503
24134,17504
24134,17505
24134,17506
24134,17507
24134,17508
24134,17509
24134,17510
24134,17511
24134,17512
24134,17513
24134,17514
24134,17515
24134,17516
24134,17517
24134,17518
24134,17519
24134,17520
24134,17521
24134,17522
24134,17523
24134,17524
24134,17525
24134,17526
24134,17527
24134,17528
24134,17529
24134,17530
24134,17531
24134,17532
24134,17533
24134,17534
24134,17535
24134,17536
24134,17537
24134,17538
24134,17539
24134,17540
24134,17541
24134,17542
24134,17543
24134,17544
24134,17545
24134,17546
24134,17547
24134,17548
24134,17549
24134,17550
24134,17551
24134,17552
24134,17553
24134,17554
24134,17555
24134,17556
24134,17557
24134,17558
24134,17559
24135,17430
24135,17431
24135,17432
24135,17433
24135,17434
24135,17435
24135,17436
24135,17437
24135,17438
24135,17439
24135,17440
24135,17441
24135,17442
24135,17443
24135,17444
24135,17445
24135,17446
24135,17447
24135,17448
24135,17449
24135,17450
24135,17451
24135,17452
24135,17453
24135,17454
24135,17455
24135,17456
24135,17457
24135,17458
24135,17459
24135,17460
24135,17461
24135,17462
24135,17463
24135,17464
24135,17465
24135,17466
24135,17467
24135,17468
24135,17469
24135,17470
24135,17471
24135,17472
24135,17473
24135,17474
24135,17475
24135,17476
24135,17477
24135,17478
24135,17479
24135,17480
24135,17481
24135,17482
24135,17483
24135,17484
24135,17485
24135,17486
24135,17487
24135,17488
24135,17489
24135,17490
24135,17491
24135,17492
24135,17493
24135,17494
24135,17495
24135,17496
24135,17497
24135,17498
24135,17499
24135,17500
24135,17501
24135,17502
24135,17503
24135,17504
24135,17505
24135,17506
24135,17507
24135,17508
24135,17509
24135,17510
24135,17511
24135,17512
24135,17513
24135,17514
24135,17515
24135,17516
24135,17517
24135,17518
24135,17519
24135,17520
24135,17521
24135,17522
24135,17523
24135,17524
24135,17525
24135,17526
24135,17527
24135,17528
24135,17529
24135,17530
24135,17531
24135,17532
24135,17533
24135,17534
24135,17535
24135,17536
24135,17537
24135,17538
24135,17539
24135,17540
24135,17541
24135,17542
24135,17543
24135,17544
24135,17545
24135,17546
24135,17547
24135,17548
24135,17549
24135,17550
24135,17551
24135,17552
24135,17553
24135,17554
24135,17555
24135,17556
24135,17557
24135,17558
24135,17559
24136,17431
24136,17432
24136,17433
24136,17434
24136,17435
24136,17436
24136,17437
24136,17438
24136,17439
24136,17440
24136,17441
24136,17442
24136,17443
24136,17444
24136,17445
24136,17446
24136,17447
24136,17448
24136,17449
24136,17450
24136,17451
24136,17452
24136,17453
24136,17454
24136,17455
24136,17456
24136,17457
24136,17458
24136,17459
24136,17460
24136,17461
24136,17462
24136,17463
24136,17464
24136,17465
24136,17466
24136,17467
24136,17468
24136,17469
24136,17470
24136,17471
24136,17472
24136,17473
24136,17474
24136,17475
24136,17476
24136,17477
24136,17478
24136,17479
24136,17480
24136,17481
24136,17482
24136,17483
24136,17484
24136,17485
24136,17486
24136,17487
24136,17488
24136,17489
24136,17490
24136,17491
24136,17492
24136,17493
24136,17494
24136,17495
24136,17496
24136,17497
24136,17498
24136,17499
24136,17500
24136,17501
24136,17502
24136,17503
24136,17504
24136,17505
24136,17506
24136,17507
24136,17508
24136,17509
24136,17510
24136,17511
24136,17512
24136,17513
24136,17514
24136,17515
24136,17516
24136,17517
24136,17518
24136,17519
24136,17520
24136,17521
24136,17522
24136,17523
24136,17524
24136,17525
24136,17526
24136,17527
24136,17528
24136,17529
24136,17530
24136,17531
24136,17532
24136,17533
24136,17534
24136,17535
24136,17536
24136,17537
24136,17538
24136,17539
24136,17540
24136,17541
24136,17542
24136,17543
24136,17544
24136,17545
24136,17546
24136,17547
24136,17548
24136,17549
24136,17550
24136,17551
24136,17552
24136,17553
24136,17554
24136,17555
24136,17556
24136,17557
24136,17558
24137,17434
24137,17435
24137,17436
24137,17437
24137,17438
24137,17439
24137,17440
24137,17441
24137,17442
24137,17443
24137,17444
24137,17445
24137,17446
24137,17447
24137,17448
24137,17449
24137,17450
24137,17451
24137,17452
24137,17453
24137,17454
24137,17455
24137,17456
24137,17457
24137,17458
24137,17459
24137,17460
24137,17461
24137,17462
24137,17463
24137,17464
24137,17465
24137,17466
24137,17467
24137,17468
24137,17469
24137,17470
24137,17471
24137,17472
24137,17473
24137,17474
24137,17475
24137,17476
24137,17477
24137,17478
24137,17479
24137,17480
24137,17481
24137,17482
24137,17483
24137,17484
24137,17485
24137,17486
24137,17487
24137,17488
24137,17489
24137,17490
24137,17491
24137,17492
24137,17493
24137,17494
24137,17495
24137,17496
24137,17497
24137,17498
24137,17499
24137,17500
24137,17501
24137,17502
24137,17503
24137,17504
24137,17505
24137,17506
24137,17507
24137,17508
24137,17509
24137,17510
24137,17511
24137,17512
24137,17513
24137,17514
24137,17515
24137,17516
24137,17517
24137,17518
24137,17519
24137,17520
24137,17521
24137,17522
24137,17523
24137,17524
24137,17525
24137,17526
24137,17527
24137,17528
24137,17529
24137,17530
24137,17531
24137,17532
24137,17533
24137,17534
24137,17535
24137,17536
24137,17537
24137,17538
24137,17539
24137,17540
24137,17541
24137,17542
24137,17543
24137,17544
24137,17545
24137,17546
24137,17547
24137,17548
24137,17549
24137,17550
24137,17551
24137,17552
24137,17553
24137,17554
24137,17555
24137,17556
24137,17557
24138,17435
24138,17436
24138,17437
24138,17438
24138,17439
24138,17440
24138,17441
24138,17442
24138,17443
24138,17444
24138,17445
24138,17446
24138,17447
24138,17448
24138,17449
24138,17450
24138,17451
24138,17452
24138,17453
24138,17454
24138,17455
24138,17456
24138,17457
24138,17458
24138,17459
24138,17460
24138,17461
24138,17462
24138,17463
24138,17464
24138,17465
24138,17466
24138,17467
24138,17468
24138,17469
24138,17470
24138,17471
24138,17472
24138,17473
24138,17474
24138,17475
24138,17476
24138,17477
24138,17478
24138,17479
24138,17480
24138,17481
24138,17482
24138,17483
24138,17484
24138,17485
24138,17486
24138,17487
24138,17488
24138,17489
24138,17490
24138,17491
24138,17492
24138,17493
24138,17494
24138,17495
24138,17496
24138,17497
24138,17498
24138,17499
24138,17500
24138,17501
24138,17502
24138,17503
24138,17504
24138,17505
24138,17506
24138,17507
24138,17508
24138,17509
24138,17510
24138,17511
24138,17512
24138,17513
24138,17514
24138,17515
24138,17516
24138,17517
24138,17518
24138,17519
24138,17520
24138,17521
24138,17522
24138,17523
24138,17524
24138,17525
24138,17526
24138,17527
24138,17528
24138,17529
24138,17530
24138,17531
24138,17532
24138,17533
24138,17534
24138,17535
24138,17536
24138,17537
24138,17538
24138,17539
24138,17540
24138,17541
24138,17542
24138,17543
24138,17544
24138,17545
24138,17546
24138,17547
24138,17548
24138,17549
24138,17550
24138,17551
24138,17552
24138,17553
24138,17554
24138,17555
24138,17556
24139,17436
24139,17437
24139,17438
24139,17439
24139,17440
24139,17441
24139,17442
24139,17443
24139,17444
24139,17445
24139,17446
24139,17447
24139,17448
24139,17449
24139,17450
24139,17451
24139,17452
24139,17453
24139,17454
24139,17455
24139,17456
24139,17457
24139,17458
24139,17459
24139,17460
24139,17461
24139,17462
24139,17463
24139,17464
24139,17465
24139,17466
24139,17467
24139,17468
24139,17469
24139,17470
24139,17471
24139,17472
24139,17473
24139,17474
24139,17475
24139,17476
24139,17477
24139,17478
24139,17479
24139,17480
24139,17481
24139,17482
24139,17483
24139,17484
24139,17485
24139,17486
24139,17487
24139,17488
24139,17489
24139,17490
24139,17491
24139,17492
24139,17493
24139,17494
24139,17495
24139,17496
24139,17497
24139,17498
24139,17499
24139,17500
24139,17501
24139,17502
24139,17503
24139,17504
24139,17505
24139,17506
24139,17507
24139,17508
24139,17509
24139,17510
24139,17511
24139,17512
24139,17513
24139,17514
24139,17515
24139,17516
24139,17517
24139,17518
24139,17519
24139,17520
24139,17521
24139,17522
24139,17523
24139,17524
24139,17525
24139,17526
24139,17527
24139,17528
24139,17529
24139,17530
24139,17531
24139,17532
24139,17533
24139,17534
24139,17535
24139,17536
24139,17537
24139,17538
24139,17539
24139,17540
24139,17541
24139,17542
24139,17543
24139,17544
24139,17545
24139,17546
24139,17547
24139,17548
24139,17549
24139,17550
24139,17551
24139,17552
24139,17553
24139,17554
24139,17555
24140,17436
24140,17437
24140,17438
24140,17439
24140,17440
24140,17441
24140,17442
24140,17443
24140,17444
24140,17445
24140,17446
24140,17447
24140,17448
24140,17449
24140,17450
24140,17451
24140,17452
24140,17453
24140,17454
24140,17455
24140,17456
24140,17457
24140,17458
24140,17459
24140,17460
24140,17461
24140,17462
24140,17463
24140,17464
24140,17465
24140,17466
24140,17467
24140,17468
24140,17469
24140,17470
24140,17471
24140,17472
24140,17473
24140,17474
24140,17475
24140,17476
24140,17477
24140,17478
24140,17479
24140,17480
24140,17481
24140,17482
24140,17483
24140,17484
24140,17485
24140,17486
24140,17487
24140,17488
24140,17489
24140,17490
24140,17491
24140,17492
24140,17493
24140,17494
24140,17495
24140,17496
24140,17497
24140,17498
24140,17499
24140,17500
24140,17501
24140,17502
24140,17503
24140,17504
24140,17505
24140,17506
24140,17507
24140,17508
24140,17509
24140,17510
24140,17511
24140,17512
24140,17513
24140,17514
24140,17515
24140,17516
24140,17517
24140,17518
24140,17519
24140,17520
24140,17521
24140,17522
24140,17523
24140,17524
24140,17525
24140,17526
24140,17527
24140,17528
24140,17529
24140,17530
24140,17531
24140,17532
24140,17533
24140,17534
24140,17535
24140,17536
24140,17537
24140,17538
24140,17539
24140,17540
24140,17541
24140,17542
24140,17543
24140,17544
24140,17545
24140,17546
24140,17547
24140,17548
24140,17549
24140,17550
24140,17551
24140,17552
24140,17553
24140,17554
24141,17436
24141,17437
24141,17438
24141,17439
24141,17440
24141,17441
24141,17442
24141,17443
24141,17444
24141,17445
24141,17446
24141,17447
24141,17448
24141,17449
24141,17450
24141,17451
24141,17452
24141,17453
24141,17454
24141,17455
24141,17456
24141,17457
24141,17458
24141,17459
24141,17460
24141,17461
24141,17462
24141,17463
24141,17464
24141,17465
24141,17466
24141,17467
24141,17468
24141,17469
24141,17470
24141,17471
24141,17472
24141,17473
24141,17474
24141,17475
24141,17476
24141,17477
24141,17478
24141,17479
24141,17480
24141,17481
24141,17482
24141,17483
24141,17484
24141,17485
24141,17486
24141,17487
24141,17488
24141,17489
24141,17490
24141,17491
24141,17492
24141,17493
24141,17494
24141,17495
24141,17496
24141,17497
24141,17498
24141,17499
24141,17500
24141,17501
24141,17502
24141,17503
24141,17504
24141,17505
24141,17506
24141,17507
24141,17508
24141,17509
24141,17510
24141,17511
24141,17512
24141,17513
24141,17514
24141,17515
24141,17516
24141,17517
24141,17518
24141,17519
24141,17520
24141,17521
24141,17522
24141,17523
24141,17524
24141,17525
24141,17526
24141,17527
24141,17528
24141,17529
24141,17530
24141,17531
24141,17532
24141,17533
24141,17534
24141,17535
24141,17536
24141,17537
24141,17538
24141,17539
24141,17540
24141,17541
24141,17542
24141,17543
24141,17544
24141,17545
24141,17546
24141,17547
24141,17548
24141,17549
24141,17550
24141,17551
24141,17552
24141,17553
24142,17436
24142,17437
24142,17438
24142,17439
24142,17440
24142,17441
24142,17442
24142,17443
24142,17444
24142,17445
24142,17446
24142,17447
24142,17448
24142,17449
24142,17450
24142,17451
24142,17452
24142,17453
24142,17454
24142,17455
24142,17456
24142,17457
24142,17458
24142,17459
24142,17460
24142,17461
24142,17462
24142,17463
24142,17464
24142,17465
24142,17466
24142,17467
24142,17468
24142,17469
24142,17470
24142,17471
24142,17472
24142,17473
24142,17474
24142,17475
24142,17476
24142,17477
24142,17478
24142,17479
24142,17480
24142,17481
24142,17482
24142,17483
24142,17484
24142,17485
24142,17486
24142,17487
24142,17488
24142,17489
24142,17490
24142,17491
24142,17492
24142,17493
24142,17494
24142,17495
24142,17496
24142,17497
24142,17498
24142,17499
24142,17500
24142,17501
24142,17502
24142,17503
24142,17504
24142,17505
24142,17506
24142,17507
24142,17508
24142,17509
24142,17510
24142,17511
24142,17512
24142,17513
24142,17514
24142,17515
24142,17516
24142,17517
24142,17518
24142,17519
24142,17520
24142,17521
24142,17522
24142,17523
24142,17524
24142,17525
24142,17526
24142,17527
24142,17528
24142,17529
24142,17530
24142,17531
24142,17532
24142,17533
24142,17534
24142,17535
24142,17536
24142,17537
24142,17538
24142,17539
24142,17540
24142,17541
24142,17542
24142,17543
24142,17544
24142,17545
24142,17546
24142,17547
24142,17548
24142,17549
24142,17550
24142,17551
24142,17552
24143,17437
24143,17438
24143,17439
24143,17440
24143,17441
24143,17442
24143,17443
24143,17444
24143,17445
24143,17446
24143,17447
24143,17448
24143,17449
24143,17450
24143,17451
24143,17452
24143,17453
24143,17454
24143,17455
24143,17456
24143,17457
24143,17458
24143,17459
24143,17460
24143,17461
24143,17462
24143,17463
24143,17464
24143,17465
24143,17466
24143,17467
24143,17468
24143,17469
24143,17470
24143,17471
24143,17472
24143,17473
24143,17474
24143,17475
24143,17476
24143,17477
24143,17478
24143,17479
24143,17480
24143,17481
24143,17482
24143,17483
24143,17484
24143,17485
24143,17486
24143,17487
24143,17488
24143,17489
24143,17490
24143,17491
24143,17492
24143,17493
24143,17494
24143,17495
24143,17496
24143,17497
24143,17498
24143,17499
24143,17500
24143,17501
24143,17502
24143,17503
24143,17504
24143,17505
24143,17506
24143,17507
24143,17508
24143,17509
24143,17510
24143,17511
24143,17512
24143,17513
24143,17514
24143,17515
24143,17516
24143,17517
24143,17518
24143,17519
24143,17520
24143,17521
24143,17522
24143,17523
24143,17524
24143,17525
24143,17526
24143,17527
24143,17528
24143,17529
24143,17530
24143,17531
24143,17532
24143,17533
24143,17534
24143,17535
24143,17536
24143,17537
24143,17538
24143,17539
24143,17540
24143,17541
24143,17542
24143,17543
24143,17544
24143,17545
24143,17546
24143,17547
24143,17548
24143,17549
24143,17550
24143,17551
24144,17437
24144,17438
24144,17439
24144,17440
24144,17441
24144,17442
24144,17443
24144,17444
24144,17445
24144,17446
24144,17447
24144,17448
24144,17449
24144,17450
24144,17451
24144,17452
24144,17453
24144,17454
24144,17455
24144,17456
24144,17457
24144,17458
24144,17459
24144,17460
24144,17461
24144,17462
24144,17463
24144,17464
24144,17465
24144,17466
24144,17467
24144,17468
24144,17469
24144,17470
24144,17471
24144,17472
24144,17473
24144,17474
24144,17475
24144,17476
24144,17477
24144,17478
24144,17479
24144,17480
24144,17481
24144,17482
24144,17483
24144,17484
24144,17485
24144,17486
24144,17487
24144,17488
24144,17489
24144,17490
24144,17491
24144,17492
24144,17493
24144,17494
24144,17495
24144,17496
24144,17497
24144,17498
24144,17499
24144,17500
24144,17501
24144,17502
24144,17503
24144,17504
24144,17505
24144,17506
24144,17507
24144,17508
24144,17509
24144,17510
24144,17511
24144,17512
24144,17513
24144,17514
24144,17515
24144,17516
24144,17517
24144,17518
24144,17519
24144,17520
24144,17521
24144,17522
24144,17523
24144,17524
24144,17525
24144,17526
24144,17527
24144,17528
24144,17529
24144,17530
24144,17531
24144,17532
24144,17533
24144,17534
24144,17535
24144,17536
24144,17537
24144,17538
24144,17539
24144,17540
24144,17541
24144,17542
24144,17543
24144,17544
24144,17545
24144,17546
24144,17547
24144,17548
24144,17549
24145,17437
24145,17438
24145,17439
24145,17440
24145,17441
24145,17442
24145,17443
24145,17444
24145,17445
24145,17446
24145,17447
24145,17448
24145,17449
24145,17450
24145,17451
24145,17452
24145,17453
24145,17454
24145,17455
24145,17456
24145,17457
24145,17458
24145,17459
24145,17460
24145,17461
24145,17462
24145,17463
24145,17464
24145,17465
24145,17466
24145,17467
24145,17468
24145,17469
24145,17470
24145,17471
24145,17472
24145,17473
24145,17474
24145,17475
24145,17476
24145,17477
24145,17478
24145,17479
24145,17480
24145,17481
24145,17482
24145,17483
24145,17484
24145,17485
24145,17486
24145,17487
24145,17488
24145,17489
24145,17490
24145,17491
24145,17492
24145,17493
24145,17494
24145,17495
24145,17496
24145,17497
24145,17498
24145,17499
24145,17500
24145,17501
24145,17502
24145,17503
24145,17504
24145,17505
24145,17506
24145,17507
24145,17508
24145,17509
24145,17510
24145,17511
24145,17512
24145,17513
24145,17514
24145,17515
24145,17516
24145,17517
24145,17518
24145,17519
24145,17520
24145,17521
24145,17522
24145,17523
24145,17524
24145,17525
24145,17526
24145,17527
24145,17528
24145,17529
24145,17530
24145,17531
24145,17532
24145,17533
24145,17534
24145,17535
24145,17536
24145,17537
24145,17538
24145,17539
24145,17540
24145,17541
24145,17542
24145,17543
24145,17544
24145,17545
24145,17546
24145,17547
24145,17548
24145,17549
24146,17438
24146,17439
24146,17440
24146,17441
24146,17442
24146,17443
24146,17444
24146,17445
24146,17446
24146,17447
24146,17448
24146,17449
24146,17450
24146,17451
24146,17452
24146,17453
24146,17454
24146,17455
24146,17456
24146,17457
24146,17458
24146,17459
24146,17460
24146,17461
24146,17462
24146,17463
24146,17464
24146,17465
24146,17466
24146,17467
24146,17468
24146,17469
24146,17470
24146,17471
24146,17472
24146,17473
24146,17474
24146,17475
24146,17476
24146,17477
24146,17478
24146,17479
24146,17480
24146,17481
24146,17482
24146,17483
24146,17484
24146,17485
24146,17486
24146,17487
24146,17488
24146,17489
24146,17490
24146,17491
24146,17492
24146,17493
24146,17494
24146,17495
24146,17496
24146,17497
24146,17498
24146,17499
24146,17500
24146,17501
24146,17502
24146,17503
24146,17504
24146,17505
24146,17506
24146,17507
24146,17508
24146,17509
24146,17510
24146,17511
24146,17512
24146,17513
24146,17514
24146,17515
24146,17516
24146,17517
24146,17518
24146,17519
24146,17520
24146,17521
24146,17522
24146,17523
24146,17524
24146,17525
24146,17526
24146,17527
24146,17528
24146,17529
24146,17530
24146,17531
24146,17532
24146,17533
24146,17534
24146,17535
24146,17536
24146,17537
24146,17538
24146,17539
24146,17540
24146,17541
24146,17542
24146,17543
24146,17544
24146,17545
24146,17546
24146,17547
24146,17548
24147,17438
24147,17439
24147,17440
24147,17441
24147,17442
24147,17443
24147,17444
24147,17445
24147,17446
24147,17447
24147,17448
24147,17449
24147,17450
24147,17451
24147,17452
24147,17453
24147,17454
24147,17455
24147,17456
24147,17457
24147,17458
24147,17459
24147,17460
24147,17461
24147,17462
24147,17463
24147,17464
24147,17465
24147,17466
24147,17467
24147,17468
24147,17469
24147,17470
24147,17471
24147,17472
24147,17473
24147,17474
24147,17475
24147,17476
24147,17477
24147,17478
24147,17479
24147,17480
24147,17481
24147,17482
24147,17483
24147,17484
24147,17485
24147,17486
24147,17487
24147,17488
24147,17489
24147,17490
24147,17491
24147,17492
24147,17493
24147,17494
24147,17495
24147,17496
24147,17497
24147,17498
24147,17499
24147,17500
24147,17501
24147,17502
24147,17503
24147,17504
24147,17505
24147,17506
24147,17507
24147,17508
24147,17509
24147,17510
24147,17511
24147,17512
24147,17513
24147,17514
24147,17515
24147,17516
24147,17517
24147,17518
24147,17519
24147,17520
24147,17521
24147,17522
24147,17523
24147,17524
24147,17525
24147,17526
24147,17527
24147,17528
24147,17529
24147,17530
24147,17531
24147,17532
24147,17533
24147,17534
24147,17535
24147,17536
24147,17537
24147,17538
24147,17539
24147,17540
24147,17541
24147,17542
24147,17543
24147,17544
24147,17545
24147,17546
24147,17547
24148,17439
24148,17440
24148,17441
24148,17442
24148,17443
24148,17444
24148,17445
24148,17446
24148,17447
24148,17448
24148,17449
24148,17450
24148,17451
24148,17452
24148,17453
24148,17454
24148,17455
24148,17456
24148,17457
24148,17458
24148,17459
24148,17460
24148,17461
24148,17462
24148,17463
24148,17464
24148,17465
24148,17466
24148,17467
24148,17468
24148,17469
24148,17470
24148,17471
24148,17472
24148,17473
24148,17474
24148,17475
24148,17476
24148,17477
24148,17478
24148,17479
24148,17480
24148,17481
24148,17482
24148,17483
24148,17484
24148,17485
24148,17486
24148,17487
24148,17488
24148,17489
24148,17490
24148,17491
24148,17492
24148,17493
24148,17494
24148,17495
24148,17496
24148,17497
24148,17498
24148,17499
24148,17500
24148,17501
24148,17502
24148,17503
24148,17504
24148,17505
24148,17506
24148,17507
24148,17508
24148,17509
24148,17510
24148,17511
24148,17512
24148,17513
24148,17514
24148,17515
24148,17516
24148,17517
24148,17518
24148,17519
24148,17520
24148,17521
24148,17522
24148,17523
24148,17524
24148,17525
24148,17526
24148,17527
24148,17528
24148,17529
24148,17530
24148,17531
24148,17532
24148,17533
24148,17534
24148,17535
24148,17536
24148,17537
24148,17538
24148,17539
24148,17540
24148,17541
24148,17542
24148,17543
24148,17544
24148,17545
24148,17546
24149,17439
24149,17440
24149,17441
24149,17442
24149,17443
24149,17444
24149,17445
24149,17446
24149,17447
24149,17448
24149,17449
24149,17450
24149,17451
24149,17452
24149,17453
24149,17454
24149,17455
24149,17456
24149,17457
24149,17458
24149,17459
24149,17460
24149,17461
24149,17462
24149,17463
24149,17464
24149,17465
24149,17466
24149,17467
24149,17468
24149,17469
24149,17470
24149,17471
24149,17472
24149,17473
24149,17474
24149,17475
24149,17476
24149,17477
24149,17478
24149,17479
24149,17480
24149,17481
24149,17482
24149,17483
24149,17484
24149,17485
24149,17486
24149,17487
24149,17488
24149,17489
24149,17490
24149,17491
24149,17492
24149,17493
24149,17494
24149,17495
24149,17496
24149,17497
24149,17498
24149,17499
24149,17500
24149,17501
24149,17502
24149,17503
24149,17504
24149,17505
24149,17506
24149,17507
24149,17508
24149,17509
24149,17510
24149,17511
24149,17512
24149,17513
24149,17514
24149,17515
24149,17516
24149,17517
24149,17518
24149,17519
24149,17520
24149,17521
24149,17522
24149,17523
24149,17524
24149,17525
24149,17526
24149,17527
24149,17528
24149,17529
24149,17530
24149,17531
24149,17532
24149,17533
24149,17534
24149,17535
24149,17536
24149,17537
24149,17538
24149,17539
24149,17540
24149,17541
24149,17542
24149,17543
24149,17544
24149,17545
24150,17440
24150,17441
24150,17442
24150,17443
24150,17444
24150,17445
24150,17446
24150,17447
24150,17448
24150,17449
24150,17450
24150,17451
24150,17452
24150,17453
24150,17454
24150,17455
24150,17456
24150,17457
24150,17458
24150,17459
24150,17460
24150,17461
24150,17462
24150,17463
24150,17464
24150,17465
24150,17466
24150,17467
24150,17468
24150,17469
24150,17470
24150,17471
24150,17472
24150,17473
24150,17474
24150,17475
24150,17476
24150,17477
24150,17478
24150,17479
24150,17480
24150,17481
24150,17482
24150,17483
24150,17484
24150,17485
24150,17486
24150,17487
24150,17488
24150,17489
24150,17490
24150,17491
24150,17492
24150,17493
24150,17494
24150,17495
24150,17496
24150,17497
24150,17498
24150,17499
24150,17500
24150,17501
24150,17502
24150,17503
24150,17504
24150,17505
24150,17506
24150,17507
24150,17508
24150,17509
24150,17510
24150,17511
24150,17512
24150,17513
24150,17514
24150,17515
24150,17516
24150,17517
24150,17518
24150,17519
24150,17520
24150,17521
24150,17522
24150,17523
24150,17524
24150,17525
24150,17526
24150,17527
24150,17528
24150,17529
24150,17530
24150,17531
24150,17532
24150,17533
24150,17534
24150,17535
24150,17536
24150,17537
24150,17538
24150,17539
24150,17540
24150,17541
24150,17542
24150,17543
24150,17544
24150,17545
24151,17440
24151,17441
24151,17442
24151,17443
24151,17444
24151,17445
24151,17446
24151,17447
24151,17448
24151,17449
24151,17450
24151,17451
24151,17452
24151,17453
24151,17454
24151,17455
24151,17456
24151,17457
24151,17458
24151,17459
24151,17460
24151,17461
24151,17462
24151,17463
24151,17464
24151,17465
24151,17466
24151,17467
24151,17468
24151,17469
24151,17470
24151,17471
24151,17472
24151,17473
24151,17474
24151,17475
24151,17476
24151,17477
24151,17478
24151,17479
24151,17480
24151,17481
24151,17482
24151,17483
24151,17484
24151,17485
24151,17486
24151,17487
24151,17488
24151,17489
24151,17490
24151,17491
24151,17492
24151,17493
24151,17494
24151,17495
24151,17496
24151,17497
24151,17498
24151,17499
24151,17500
24151,17501
24151,17502
24151,17503
24151,17504
24151,17505
24151,17506
24151,17507
24151,17508
24151,17509
24151,17510
24151,17511
24151,17512
24151,17513
24151,17514
24151,17515
24151,17516
24151,17517
24151,17518
24151,17519
24151,17520
24151,17521
24151,17522
24151,17523
24151,17524
24151,17525
24151,17526
24151,17527
24151,17528
24151,17529
24151,17530
24151,17531
24151,17532
24151,17533
24151,17534
24151,17535
24151,17536
24151,17537
24151,17538
24151,17539
24151,17540
24151,17541
24151,17542
24151,17543
24151,17544
24152,17441
24152,17442
24152,17443
24152,17444
24152,17445
24152,17446
24152,17447
24152,17448
24152,17449
24152,17450
24152,17451
24152,17452
24152,17453
24152,17454
24152,17455
24152,17456
24152,17457
24152,17458
24152,17459
24152,17460
24152,17461
24152,17462
24152,17463
24152,17464
24152,17465
24152,17466
24152,17467
24152,17468
24152,17469
24152,17470
24152,17471
24152,17472
24152,17473
24152,17474
24152,17475
24152,17476
24152,17477
24152,17478
24152,17479
24152,17480
24152,17481
24152,17482
24152,17483
24152,17484
24152,17485
24152,17486
24152,17487
24152,17488
24152,17489
24152,17490
24152,17491
24152,17492
24152,17493
24152,17494
24152,17495
24152,17496
24152,17497
24152,17498
24152,17499
24152,17500
24152,17501
24152,17502
24152,17503
24152,17504
24152,17505
24152,17506
24152,17507
24152,17508
24152,17509
24152,17510
24152,17511
24152,17512
24152,17513
24152,17514
24152,17515
24152,17516
24152,17517
24152,17518
24152,17519
24152,17520
24152,17521
24152,17522
24152,17523
24152,17524
24152,17525
24152,17526
24152,17527
24152,17528
24152,17529
24152,17530
24152,17531
24152,17532
24152,17533
24152,17534
24152,17535
24152,17536
24152,17537
24152,17538
24152,17539
24152,17540
24152,17541
24152,17542
24152,17543
24153,17442
24153,17443
24153,17444
24153,17445
24153,17446
24153,17447
24153,17448
24153,17449
24153,17450
24153,17451
24153,17452
24153,17453
24153,17454
24153,17455
24153,17456
24153,17457
24153,17458
24153,17459
24153,17460
24153,17461
24153,17462
24153,17463
24153,17464
24153,17465
24153,17466
24153,17467
24153,17468
24153,17469
24153,17470
24153,17471
24153,17472
24153,17473
24153,17474
24153,17475
24153,17476
24153,17477
24153,17478
24153,17479
24153,17480
24153,17481
24153,17482
24153,17483
24153,17484
24153,17485
24153,17486
24153,17487
24153,17488
24153,17489
24153,17490
24153,17491
24153,17492
24153,17493
24153,17494
24153,17495
24153,17496
24153,17497
24153,17498
24153,17499
24153,17500
24153,17501
24153,17502
24153,17503
24153,17504
24153,17505
24153,17506
24153,17507
24153,17508
24153,17509
24153,17510
24153,17511
24153,17512
24153,17513
24153,17514
24153,17515
24153,17516
24153,17517
24153,17518
24153,17519
24153,17520
24153,17521
24153,17522
24153,17523
24153,17524
24153,17525
24153,17526
24153,17527
24153,17528
24153,17529
24153,17530
24153,17531
24153,17532
24153,17533
24153,17534
24153,17535
24153,17536
24153,17537
24153,17538
24153,17539
24153,17540
24153,17541
24153,17542
24154,17443
24154,17444
24154,17445
24154,17446
24154,17447
24154,17448
24154,17449
24154,17450
24154,17451
24154,17452
24154,17453
24154,17454
24154,17455
24154,17456
24154,17457
24154,17458
24154,17459
24154,17460
24154,17461
24154,17462
24154,17463
24154,17464
24154,17465
24154,17466
24154,17467
24154,17468
24154,17469
24154,17470
24154,17471
24154,17472
24154,17473
24154,17474
24154,17475
24154,17476
24154,17477
24154,17478
24154,17479
24154,17480
24154,17481
24154,17482
24154,17483
24154,17484
24154,17485
24154,17486
24154,17487
24154,17488
24154,17489
24154,17490
24154,17491
24154,17492
24154,17493
24154,17494
24154,17495
24154,17496
24154,17497
24154,17498
24154,17499
24154,17500
24154,17501
24154,17502
24154,17503
24154,17504
24154,17505
24154,17506
24154,17507
24154,17508
24154,17509
24154,17510
24154,17511
24154,17512
24154,17513
24154,17514
24154,17515
24154,17516
24154,17517
24154,17518
24154,17519
24154,17520
24154,17521
24154,17522
24154,17523
24154,17524
24154,17525
24154,17526
24154,17527
24154,17528
24154,17529
24154,17530
24154,17531
24154,17532
24154,17533
24154,17534
24154,17535
24154,17536
24154,17537
24154,17538
24154,17539
24154,17540
24154,17541
24155,17444
24155,17445
24155,17446
24155,17447
24155,17448
24155,17449
24155,17450
24155,17451
24155,17452
24155,17453
24155,17454
24155,17455
24155,17456
24155,17457
24155,17458
24155,17459
24155,17460
24155,17461
24155,17462
24155,17463
24155,17464
24155,17465
24155,17466
24155,17467
24155,17468
24155,17469
24155,17470
24155,17471
24155,17472
24155,17473
24155,17474
24155,17475
24155,17476
24155,17477
24155,17478
24155,17479
24155,17480
24155,17481
24155,17482
24155,17483
24155,17484
24155,17485
24155,17486
24155,17487
24155,17488
24155,17489
24155,17490
24155,17491
24155,17492
24155,17493
24155,17494
24155,17495
24155,17496
24155,17497
24155,17498
24155,17499
24155,17500
24155,17501
24155,17502
24155,17503
24155,17504
24155,17505
24155,17506
24155,17507
24155,17508
24155,17509
24155,17510
24155,17511
24155,17512
24155,17513
24155,17514
24155,17515
24155,17516
24155,17517
24155,17518
24155,17519
24155,17520
24155,17521
24155,17522
24155,17523
24155,17524
24155,17525
24155,17526
24155,17527
24155,17528
24155,17529
24155,17530
24155,17531
24155,17532
24155,17533
24155,17534
24155,17535
24155,17536
24155,17537
24155,17538
24155,17539
24155,17540
24156,17444
24156,17445
24156,17446
24156,17447
24156,17448
24156,17449
24156,17450
24156,17451
24156,17452
24156,17453
24156,17454
24156,17455
24156,17456
24156,17457
24156,17458
24156,17459
24156,17460
24156,17461
24156,17462
24156,17463
24156,17464
24156,17465
24156,17466
24156,17467
24156,17468
24156,17469
24156,17470
24156,17471
24156,17472
24156,17473
24156,17474
24156,17475
24156,17476
24156,17477
24156,17478
24156,17479
24156,17480
24156,17481
24156,17482
24156,17483
24156,17484
24156,17485
24156,17486
24156,17487
24156,17488
24156,17489
24156,17490
24156,17491
24156,17492
24156,17493
24156,17494
24156,17495
24156,17496
24156,17497
24156,17498
24156,17499
24156,17500
24156,17501
24156,17502
24156,17503
24156,17504
24156,17505
24156,17506
24156,17507
24156,17508
24156,17509
24156,17510
24156,17511
24156,17512
24156,17513
24156,17514
24156,17515
24156,17516
24156,17517
24156,17518
24156,17519
24156,17520
24156,17521
24156,17522
24156,17523
24156,17524
24156,17525
24156,17526
24156,17527
24156,17528
24156,17529
24156,17530
24156,17531
24156,17532
24156,17533
24156,17534
24156,17535
24156,17536
24156,17537
24156,17538
24156,17539
24156,17540
24157,17444
24157,17445
24157,17446
24157,17447
24157,17448
24157,17449
24157,17450
24157,17451
24157,17452
24157,17453
24157,17454
24157,17455
24157,17456
24157,17457
24157,17458
24157,17459
24157,17460
24157,17461
24157,17462
24157,17463
24157,17464
24157,17465
24157,17466
24157,17467
24157,17468
24157,17469
24157,17470
24157,17471
24157,17472
24157,17473
24157,17474
24157,17475
24157,17476
24157,17477
24157,17478
24157,17479
24157,17480
24157,17481
24157,17482
24157,17483
24157,17484
24157,17485
24157,17486
24157,17487
24157,17488
24157,17489
24157,17490
24157,17491
24157,17492
24157,17493
24157,17494
24157,17495
24157,17496
24157,17497
24157,17498
24157,17499
24157,17500
24157,17501
24157,17502
24157,17503
24157,17504
24157,17505
24157,17506
24157,17507
24157,17508
24157,17509
24157,17510
24157,17511
24157,17512
24157,17513
24157,17514
24157,17515
24157,17516
24157,17517
24157,17518
24157,17519
24157,17520
24157,17521
24157,17522
24157,17523
24157,17524
24157,17525
24157,17526
24157,17527
24157,17528
24157,17529
24157,17530
24157,17531
24157,17532
24157,17533
24157,17534
24157,17535
24157,17536
24157,17537
24157,17538
24157,17539
24158,17445
24158,17446
24158,17447
24158,17448
24158,17449
24158,17450
24158,17451
24158,17452
24158,17453
24158,17454
24158,17455
24158,17456
24158,17457
24158,17458
24158,17459
24158,17460
24158,17461
24158,17462
24158,17463
24158,17464
24158,17465
24158,17466
24158,17467
24158,17468
24158,17469
24158,17470
24158,17471
24158,17472
24158,17473
24158,17474
24158,17475
24158,17476
24158,17477
24158,17478
24158,17479
24158,17480
24158,17481
24158,17482
24158,17483
24158,17484
24158,17485
24158,17486
24158,17487
24158,17488
24158,17489
24158,17490
24158,17491
24158,17492
24158,17493
24158,17494
24158,17495
24158,17496
24158,17497
24158,17498
24158,17499
24158,17500
24158,17501
24158,17502
24158,17503
24158,17504
24158,17505
24158,17506
24158,17507
24158,17508
24158,17509
24158,17510
24158,17511
24158,17512
24158,17513
24158,17514
24158,17515
24158,17516
24158,17517
24158,17518
24158,17519
24158,17520
24158,17521
24158,17522
24158,17523
24158,17524
24158,17525
24158,17526
24158,17527
24158,17528
24158,17529
24158,17530
24158,17531
24158,17532
24158,17533
24158,17534
24158,17535
24158,17536
24158,17537
24158,17538
24158,17539
24159,17446
24159,17447
24159,17448
24159,17449
24159,17450
24159,17451
24159,17452
24159,17453
24159,17454
24159,17455
24159,17456
24159,17457
24159,17458
24159,17459
24159,17460
24159,17461
24159,17462
24159,17463
24159,17464
24159,17465
24159,17466
24159,17467
24159,17468
24159,17469
24159,17470
24159,17471
24159,17472
24159,17473
24159,17474
24159,17475
24159,17476
24159,17477
24159,17478
24159,17479
24159,17480
24159,17481
24159,17482
24159,17483
24159,17484
24159,17485
24159,17486
24159,17487
24159,17488
24159,17489
24159,17490
24159,17491
24159,17492
24159,17493
24159,17494
24159,17495
24159,17496
24159,17497
24159,17498
24159,17499
24159,17500
24159,17501
24159,17502
24159,17503
24159,17504
24159,17505
24159,17506
24159,17507
24159,17508
24159,17509
24159,17510
24159,17511
24159,17512
24159,17513
24159,17514
24159,17515
24159,17516
24159,17517
24159,17518
24159,17519
24159,17520
24159,17521
24159,17522
24159,17523
24159,17524
24159,17525
24159,17526
24159,17527
24159,17528
24159,17529
24159,17530
24159,17531
24159,17532
24159,17533
24159,17534
24159,17535
24159,17536
24159,17537
24159,17538
24160,17446
24160,17447
24160,17448
24160,17449
24160,17450
24160,17451
24160,17452
24160,17453
24160,17454
24160,17455
24160,17456
24160,17457
24160,17458
24160,17459
24160,17460
24160,17461
24160,17462
24160,17463
24160,17464
24160,17465
24160,17466
24160,17467
24160,17468
24160,17469
24160,17470
24160,17471
24160,17472
24160,17473
24160,17474
24160,17475
24160,17476
24160,17477
24160,17478
24160,17479
24160,17480
24160,17481
24160,17482
24160,17483
24160,17484
24160,17485
24160,17486
24160,17487
24160,17488
24160,17489
24160,17490
24160,17491
24160,17492
24160,17493
24160,17494
24160,17495
24160,17496
24160,17497
24160,17498
24160,17499
24160,17500
24160,17501
24160,17502
24160,17503
24160,17504
24160,17505
24160,17506
24160,17507
24160,17508
24160,17509
24160,17510
24160,17511
24160,17512
24160,17513
24160,17514
24160,17515
24160,17516
24160,17517
24160,17518
24160,17519
24160,17520
24160,17521
24160,17522
24160,17523
24160,17524
24160,17525
24160,17526
24160,17527
24160,17528
24160,17529
24160,17530
24160,17531
24160,17532
24160,17533
24160,17534
24160,17535
24160,17536
24160,17537
24161,17446
24161,17447
24161,17448
24161,17449
24161,17450
24161,17451
24161,17452
24161,17453
24161,17454
24161,17455
24161,17456
24161,17457
24161,17458
24161,17459
24161,17460
24161,17461
24161,17462
24161,17463
24161,17464
24161,17465
24161,17466
24161,17467
24161,17468
24161,17469
24161,17470
24161,17471
24161,17472
24161,17473
24161,17474
24161,17475
24161,17476
24161,17477
24161,17478
24161,17479
24161,17480
24161,17481
24161,17482
24161,17483
24161,17484
24161,17485
24161,17486
24161,17487
24161,17488
24161,17489
24161,17490
24161,17491
24161,17492
24161,17493
24161,17494
24161,17495
24161,17496
24161,17497
24161,17498
24161,17499
24161,17500
24161,17501
24161,17502
24161,17503
24161,17504
24161,17505
24161,17506
24161,17507
24161,17508
24161,17509
24161,17510
24161,17511
24161,17512
24161,17513
24161,17514
24161,17515
24161,17516
24161,17517
24161,17518
24161,17519
24161,17520
24161,17521
24161,17522
24161,17523
24161,17524
24161,17525
24161,17526
24161,17527
24161,17528
24161,17529
24161,17530
24161,17531
24161,17532
24161,17533
24161,17534
24161,17535
24161,17536
24162,17446
24162,17447
24162,17448
24162,17449
24162,17450
24162,17451
24162,17452
24162,17453
24162,17454
24162,17455
24162,17456
24162,17457
24162,17458
24162,17459
24162,17460
24162,17461
24162,17462
24162,17463
24162,17464
24162,17465
24162,17466
24162,17467
24162,17468
24162,17469
24162,17470
24162,17471
24162,17472
24162,17473
24162,17474
24162,17475
24162,17476
24162,17477
24162,17478
24162,17479
24162,17480
24162,17481
24162,17482
24162,17483
24162,17484
24162,17485
24162,17486
24162,17487
24162,17488
24162,17489
24162,17490
24162,17491
24162,17492
24162,17493
24162,17494
24162,17495
24162,17496
24162,17497
24162,17498
24162,17499
24162,17500
24162,17501
24162,17502
24162,17503
24162,17504
24162,17505
24162,17506
24162,17507
24162,17508
24162,17509
24162,17510
24162,17511
24162,17512
24162,17513
24162,17514
24162,17515
24162,17516
24162,17517
24162,17518
24162,17519
24162,17520
24162,17521
24162,17522
24162,17523
24162,17524
24162,17525
24162,17526
24162,17527
24162,17528
24162,17529
24162,17530
24162,17531
24162,17532
24162,17533
24162,17534
24163,17446
24163,17447
24163,17448
24163,17449
24163,17450
24163,17451
24163,17452
24163,17453
24163,17454
24163,17455
24163,17456
24163,17457
24163,17458
24163,17459
24163,17460
24163,17461
24163,17462
24163,17463
24163,17464
24163,17465
24163,17466
24163,17467
24163,17468
24163,17469
24163,17470
24163,17471
24163,17472
24163,17473
24163,17474
24163,17475
24163,17476
24163,17477
24163,17478
24163,17479
24163,17480
24163,17481
24163,17482
24163,17483
24163,17484
24163,17485
24163,17486
24163,17487
24163,17488
24163,17489
24163,17490
24163,17491
24163,17492
24163,17493
24163,17494
24163,17495
24163,17496
24163,17497
24163,17498
24163,17499
24163,17500
24163,17501
24163,17502
24163,17503
24163,17504
24163,17505
24163,17506
24163,17507
24163,17508
24163,17509
24163,17510
24163,17511
24163,17512
24163,17513
24163,17514
24163,17515
24163,17516
24163,17517
24163,17518
24163,17519
24163,17520
24163,17521
24163,17522
24163,17523
24163,17524
24163,17525
24163,17526
24163,17527
24163,17528
24163,17529
24163,17530
24163,17531
24163,17532
24163,17533
24164,17446
24164,17447
24164,17448
24164,17449
24164,17450
24164,17451
24164,17452
24164,17453
24164,17454
24164,17455
24164,17456
24164,17457
24164,17458
24164,17459
24164,17460
24164,17461
24164,17462
24164,17463
24164,17464
24164,17465
24164,17466
24164,17467
24164,17468
24164,17469
24164,17470
24164,17471
24164,17472
24164,17473
24164,17474
24164,17475
24164,17476
24164,17477
24164,17478
24164,17479
24164,17480
24164,17481
24164,17482
24164,17483
24164,17484
24164,17485
24164,17486
24164,17487
24164,17488
24164,17489
24164,17490
24164,17491
24164,17492
24164,17493
24164,17494
24164,17495
24164,17496
24164,17497
24164,17498
24164,17499
24164,17500
24164,17501
24164,17502
24164,17503
24164,17504
24164,17505
24164,17506
24164,17507
24164,17508
24164,17509
24164,17510
24164,17511
24164,17512
24164,17513
24164,17514
24164,17515
24164,17516
24164,17517
24164,17518
24164,17519
24164,17520
24164,17521
24164,17522
24164,17523
24164,17524
24164,17525
24164,17526
24164,17527
24164,17528
24164,17529
24164,17530
24164,17531
24164,17532
24165,17446
24165,17447
24165,17448
24165,17449
24165,17450
24165,17451
24165,17452
24165,17453
24165,17454
24165,17455
24165,17456
24165,17457
24165,17458
24165,17459
24165,17460
24165,17461
24165,17462
24165,17463
24165,17464
24165,17465
24165,17466
24165,17467
24165,17468
24165,17469
24165,17470
24165,17471
24165,17472
24165,17473
24165,17474
24165,17475
24165,17476
24165,17477
24165,17478
24165,17479
24165,17480
24165,17481
24165,17482
24165,17483
24165,17484
24165,17485
24165,17486
24165,17487
24165,17488
24165,17489
24165,17490
24165,17491
24165,17492
24165,17493
24165,17494
24165,17495
24165,17496
24165,17497
24165,17498
24165,17499
24165,17500
24165,17501
24165,17502
24165,17503
24165,17504
24165,17505
24165,17506
24165,17507
24165,17508
24165,17509
24165,17510
24165,17511
24165,17512
24165,17513
24165,17514
24165,17515
24165,17516
24165,17517
24165,17518
24165,17519
24165,17520
24165,17521
24165,17522
24165,17523
24165,17524
24165,17525
24165,17526
24165,17527
24165,17528
24165,17529
24165,17530
24165,17531
24165,17532
24166,17447
24166,17448
24166,17449
24166,17450
24166,17451
24166,17452
24166,17453
24166,17454
24166,17455
24166,17456
24166,17457
24166,17458
24166,17459
24166,17460
24166,17461
24166,17462
24166,17463
24166,17464
24166,17465
24166,17466
24166,17467
24166,17468
24166,17469
24166,17470
24166,17471
24166,17472
24166,17473
24166,17474
24166,17475
24166,17476
24166,17477
24166,17478
24166,17479
24166,17480
24166,17481
24166,17482
24166,17483
24166,17484
24166,17485
24166,17486
24166,17487
24166,17488
24166,17489
24166,17490
24166,17491
24166,17492
24166,17493
24166,17494
24166,17495
24166,17496
24166,17497
24166,17498
24166,17499
24166,17500
24166,17501
24166,17502
24166,17503
24166,17504
24166,17505
24166,17506
24166,17507
24166,17508
24166,17509
24166,17510
24166,17511
24166,17512
24166,17513
24166,17514
24166,17515
24166,17516
24166,17517
24166,17518
24166,17519
24166,17520
24166,17521
24166,17522
24166,17523
24166,17524
24166,17525
24166,17526
24166,17527
24166,17528
24166,17529
24166,17530
24166,17531
24167,17447
24167,17448
24167,17449
24167,17450
24167,17451
24167,17452
24167,17453
24167,17454
24167,17455
24167,17456
24167,17457
24167,17458
24167,17459
24167,17460
24167,17461
24167,17462
24167,17463
24167,17464
24167,17465
24167,17466
24167,17467
24167,17468
24167,17469
24167,17470
24167,17471
24167,17472
24167,17473
24167,17474
24167,17475
24167,17476
24167,17477
24167,17478
24167,17479
24167,17480
24167,17481
24167,17482
24167,17483
24167,17484
24167,17485
24167,17486
24167,17487
24167,17488
24167,17489
24167,17490
24167,17491
24167,17492
24167,17493
24167,17494
24167,17495
24167,17496
24167,17497
24167,17498
24167,17499
24167,17500
24167,17501
24167,17502
24167,17503
24167,17504
24167,17505
24167,17506
24167,17507
24167,17508
24167,17509
24167,17510
24167,17511
24167,17512
24167,17513
24167,17514
24167,17515
24167,17516
24167,17517
24167,17518
24167,17519
24167,17520
24167,17521
24167,17522
24167,17523
24167,17524
24167,17525
24167,17526
24167,17527
24167,17528
24167,17529
24167,17530
24167,17531
24168,17446
24168,17447
24168,17448
24168,17449
24168,17450
24168,17451
24168,17452
24168,17453
24168,17454
24168,17455
24168,17456
24168,17457
24168,17458
24168,17459
24168,17460
24168,17461
24168,17462
24168,17463
24168,17464
24168,17465
24168,17466
24168,17467
24168,17468
24168,17469
24168,17470
24168,17471
24168,17472
24168,17473
24168,17474
24168,17475
24168,17476
24168,17477
24168,17478
24168,17479
24168,17480
24168,17481
24168,17482
24168,17483
24168,17484
24168,17485
24168,17486
24168,17487
24168,17488
24168,17489
24168,17490
24168,17491
24168,17492
24168,17493
24168,17494
24168,17495
24168,17496
24168,17497
24168,17498
24168,17499
24168,17500
24168,17501
24168,17502
24168,17503
24168,17504
24168,17505
24168,17506
24168,17507
24168,17508
24168,17509
24168,17510
24168,17511
24168,17512
24168,17513
24168,17514
24168,17515
24168,17516
24168,17517
24168,17518
24168,17519
24168,17520
24168,17521
24168,17522
24168,17523
24168,17524
24168,17525
24168,17526
24168,17527
24168,17528
24168,17529
24168,17530
24168,17531
24169,17446
24169,17447
24169,17448
24169,17449
24169,17450
24169,17451
24169,17452
24169,17453
24169,17454
24169,17455
24169,17456
24169,17457
24169,17458
24169,17459
24169,17460
24169,17461
24169,17462
24169,17463
24169,17464
24169,17465
24169,17466
24169,17467
24169,17468
24169,17469
24169,17470
24169,17471
24169,17472
24169,17473
24169,17474
24169,17475
24169,17476
24169,17477
24169,17478
24169,17479
24169,17480
24169,17481
24169,17482
24169,17483
24169,17484
24169,17485
24169,17486
24169,17487
24169,17488
24169,17489
24169,17490
24169,17491
24169,17492
24169,17493
24169,17494
24169,17495
24169,17496
24169,17497
24169,17498
24169,17499
24169,17500
24169,17501
24169,17502
24169,17503
24169,17504
24169,17505
24169,17506
24169,17507
24169,17508
24169,17509
24169,17510
24169,17511
24169,17512
24169,17513
24169,17514
24169,17515
24169,17516
24169,17517
24169,17518
24169,17519
24169,17520
24169,17521
24169,17522
24169,17523
24169,17524
24169,17525
24169,17526
24169,17527
24169,17528
24169,17529
24169,17530
24170,17446
24170,17447
24170,17448
24170,17449
24170,17450
24170,17451
24170,17452
24170,17453
24170,17454
24170,17455
24170,17456
24170,17457
24170,17458
24170,17459
24170,17460
24170,17461
24170,17462
24170,17463
24170,17464
24170,17465
24170,17466
24170,17467
24170,17468
24170,17469
24170,17470
24170,17471
24170,17472
24170,17473
24170,17474
24170,17475
24170,17476
24170,17477
24170,17478
24170,17479
24170,17480
24170,17481
24170,17482
24170,17483
24170,17484
24170,17485
24170,17486
24170,17487
24170,17488
24170,17489
24170,17490
24170,17491
24170,17492
24170,17493
24170,17494
24170,17495
24170,17496
24170,17497
24170,17498
24170,17499
24170,17500
24170,17501
24170,17502
24170,17503
24170,17504
24170,17505
24170,17506
24170,17507
24170,17508
24170,17509
24170,17510
24170,17511
24170,17512
24170,17513
24170,17514
24170,17515
24170,17516
24170,17517
24170,17518
24170,17519
24170,17520
24170,17521
24170,17522
24170,17523
24170,17524
24170,17525
24170,17526
24170,17527
24170,17528
24170,17529
24171,17445
24171,17446
24171,17447
24171,17448
24171,17449
24171,17450
24171,17451
24171,17452
24171,17453
24171,17454
24171,17455
24171,17456
24171,17457
24171,17458
24171,17459
24171,17460
24171,17461
24171,17462
24171,17463
24171,17464
24171,17465
24171,17466
24171,17467
24171,17468
24171,17469
24171,17470
24171,17471
24171,17472
24171,17473
24171,17474
24171,17475
24171,17476
24171,17477
24171,17478
24171,17479
24171,17480
24171,17481
24171,17482
24171,17483
24171,17484
24171,17485
24171,17486
24171,17487
24171,17488
24171,17489
24171,17490
24171,17491
24171,17492
24171,17493
24171,17494
24171,17495
24171,17496
24171,17497
24171,17498
24171,17499
24171,17500
24171,17501
24171,17502
24171,17503
24171,17504
24171,17505
24171,17506
24171,17507
24171,17508
24171,17509
24171,17510
24171,17511
24171,17512
24171,17513
24171,17514
24171,17515
24171,17516
24171,17517
24171,17518
24171,17519
24171,17520
24171,17521
24171,17522
24171,17523
24171,17524
24171,17525
24171,17526
24171,17527
24171,17528
24172,17445
24172,17446
24172,17447
24172,17448
24172,17449
24172,17450
24172,17451
24172,17452
24172,17453
24172,17454
24172,17455
24172,17456
24172,17457
24172,17458
24172,17459
24172,17460
24172,17461
24172,17462
24172,17463
24172,17464
24172,17465
24172,17466
24172,17467
24172,17468
24172,17469
24172,17470
24172,17471
24172,17472
24172,17473
24172,17474
24172,17475
24172,17476
24172,17477
24172,17478
24172,17479
24172,17480
24172,17481
24172,17482
24172,17483
24172,17484
24172,17485
24172,17486
24172,17487
24172,17488
24172,17489
24172,17490
24172,17491
24172,17492
24172,17493
24172,17494
24172,17495
24172,17496
24172,17497
24172,17498
24172,17499
24172,17500
24172,17501
24172,17502
24172,17503
24172,17504
24172,17505
24172,17506
24172,17507
24172,17508
24172,17509
24172,17510
24172,17511
24172,17512
24172,17513
24172,17514
24172,17515
24172,17516
24172,17517
24172,17518
24172,17519
24172,17520
24172,17521
24172,17522
24172,17523
24172,17524
24172,17525
24172,17526
24172,17527
24173,17446
24173,17447
24173,17448
24173,17449
24173,17450
24173,17451
24173,17452
24173,17453
24173,17454
24173,17455
24173,17456
24173,17457
24173,17458
24173,17459
24173,17460
24173,17461
24173,17462
24173,17463
24173,17464
24173,17465
24173,17466
24173,17467
24173,17468
24173,17469
24173,17470
24173,17471
24173,17472
24173,17473
24173,17474
24173,17475
24173,17476
24173,17477
24173,17478
24173,17479
24173,17480
24173,17481
24173,17482
24173,17483
24173,17484
24173,17485
24173,17486
24173,17487
24173,17488
24173,17489
24173,17490
24173,17491
24173,17492
24173,17493
24173,17494
24173,17495
24173,17496
24173,17497
24173,17498
24173,17499
24173,17500
24173,17501
24173,17502
24173,17503
24173,17504
24173,17505
24173,17506
24173,17507
24173,17508
24173,17509
24173,17510
24173,17511
24173,17512
24173,17513
24173,17514
24173,17515
24173,17516
24173,17517
24173,17518
24173,17519
24173,17520
24173,17521
24173,17522
24173,17523
24173,17524
24173,17525
24173,17526
24174,17446
24174,17447
24174,17448
24174,17449
24174,17450
24174,17451
24174,17452
24174,17453
24174,17454
24174,17455
24174,17456
24174,17457
24174,17458
24174,17459
24174,17460
24174,17461
24174,17462
24174,17463
24174,17464
24174,17465
24174,17466
24174,17467
24174,17468
24174,17469
24174,17470
24174,17471
24174,17472
24174,17473
24174,17474
24174,17475
24174,17476
24174,17477
24174,17478
24174,17479
24174,17480
24174,17481
24174,17482
24174,17483
24174,17484
24174,17485
24174,17486
24174,17487
24174,17488
24174,17489
24174,17490
24174,17491
24174,17492
24174,17493
24174,17494
24174,17495
24174,17496
24174,17497
24174,17498
24174,17499
24174,17500
24174,17501
24174,17502
24174,17503
24174,17504
24174,17505
24174,17506
24174,17507
24174,17508
24174,17509
24174,17510
24174,17511
24174,17512
24174,17513
24174,17514
24174,17515
24174,17516
24174,17517
24174,17518
24174,17519
24174,17520
24174,17521
24174,17522
24174,17523
24174,17524
24174,17525
24174,17526
24175,17446
24175,17447
24175,17448
24175,17449
24175,17450
24175,17451
24175,17452
24175,17453
24175,17454
24175,17455
24175,17456
24175,17457
24175,17458
24175,17459
24175,17460
24175,17461
24175,17462
24175,17463
24175,17464
24175,17465
24175,17466
24175,17467
24175,17468
24175,17469
24175,17470
24175,17471
24175,17472
24175,17473
24175,17474
24175,17475
24175,17476
24175,17477
24175,17478
24175,17479
24175,17480
24175,17481
24175,17482
24175,17483
24175,17484
24175,17485
24175,17486
24175,17487
24175,17488
24175,17489
24175,17490
24175,17491
24175,17492
24175,17493
24175,17494
24175,17495
24175,17496
24175,17497
24175,17498
24175,17499
24175,17500
24175,17501
24175,17502
24175,17503
24175,17504
24175,17505
24175,17506
24175,17507
24175,17508
24175,17509
24175,17510
24175,17511
24175,17512
24175,17513
24175,17514
24175,17515
24175,17516
24175,17517
24175,17518
24175,17519
24175,17520
24175,17521
24175,17522
24175,17523
24175,17524
24175,17525
24176,17446
24176,17447
24176,17448
24176,17449
24176,17450
24176,17451
24176,17452
24176,17453
24176,17454
24176,17455
24176,17456
24176,17457
24176,17458
24176,17459
24176,17460
24176,17461
24176,17462
24176,17463
24176,17464
24176,17465
24176,17466
24176,17467
24176,17468
24176,17469
24176,17470
24176,17471
24176,17472
24176,17473
24176,17474
24176,17475
24176,17476
24176,17477
24176,17478
24176,17479
24176,17480
24176,17481
24176,17482
24176,17483
24176,17484
24176,17485
24176,17486
24176,17487
24176,17488
24176,17489
24176,17490
24176,17491
24176,17492
24176,17493
24176,17494
24176,17495
24176,17496
24176,17497
24176,17498
24176,17499
24176,17500
24176,17501
24176,17502
24176,17503
24176,17504
24176,17505
24176,17506
24176,17507
24176,17508
24176,17509
24176,17510
24176,17511
24176,17512
24176,17513
24176,17514
24176,17515
24176,17516
24176,17517
24176,17518
24176,17519
24176,17520
24176,17521
24176,17522
24176,17523
24176,17524
24177,17446
24177,17447
24177,17448
24177,17449
24177,17450
24177,17451
24177,17452
24177,17453
24177,17454
24177,17455
24177,17456
24177,17457
24177,17458
24177,17459
24177,17460
24177,17461
24177,17462
24177,17463
24177,17464
24177,17465
24177,17466
24177,17467
24177,17468
24177,17469
24177,17470
24177,17471
24177,17472
24177,17473
24177,17474
24177,17475
24177,17476
24177,17477
24177,17478
24177,17479
24177,17480
24177,17481
24177,17482
24177,17483
24177,17484
24177,17485
24177,17486
24177,17487
24177,17488
24177,17489
24177,17490
24177,17491
24177,17492
24177,17493
24177,17494
24177,17495
24177,17496
24177,17497
24177,17498
24177,17499
24177,17500
24177,17501
24177,17502
24177,17503
24177,17504
24177,17505
24177,17506
24177,17507
24177,17508
24177,17509
24177,17510
24177,17511
24177,17512
24177,17513
24177,17514
24177,17515
24177,17516
24177,17517
24177,17518
24177,17519
24177,17520
24177,17521
24177,17522
24177,17523
24178,17446
24178,17447
24178,17448
24178,17449
24178,17450
24178,17451
24178,17452
24178,17453
24178,17454
24178,17455
24178,17456
24178,17457
24178,17458
24178,17459
24178,17460
24178,17461
24178,17462
24178,17463
24178,17464
24178,17465
24178,17466
24178,17467
24178,17468
24178,17469
24178,17470
24178,17471
24178,17472
24178,17473
24178,17474
24178,17475
24178,17476
24178,17477
24178,17478
24178,17479
24178,17480
24178,17481
24178,17482
24178,17483
24178,17484
24178,17485
24178,17486
24178,17487
24178,17488
24178,17489
24178,17490
24178,17491
24178,17492
24178,17493
24178,17494
24178,17495
24178,17496
24178,17497
24178,17498
24178,17499
24178,17500
24178,17501
24178,17502
24178,17503
24178,17504
24178,17505
24178,17506
24178,17507
24178,17508
24178,17509
24178,17510
24178,17511
24178,17512
24178,17513
24178,17514
24178,17515
24178,17516
24178,17517
24178,17518
24178,17519
24178,17520
24179,17446
24179,17447
24179,17448
24179,17449
24179,17450
24179,17451
24179,17452
24179,17453
24179,17454
24179,17455
24179,17456
24179,17457
24179,17458
24179,17459
24179,17460
24179,17461
24179,17462
24179,17463
24179,17464
24179,17465
24179,17466
24179,17467
24179,17468
24179,17469
24179,17470
24179,17471
24179,17472
24179,17473
24179,17474
24179,17475
24179,17476
24179,17477
24179,17478
24179,17479
24179,17480
24179,17481
24179,17482
24179,17483
24179,17484
24179,17485
24179,17486
24179,17487
24179,17488
24179,17489
24179,17490
24179,17491
24179,17492
24179,17493
24179,17494
24179,17495
24179,17496
24179,17497
24179,17498
24179,17499
24179,17500
24179,17501
24179,17502
24179,17503
24179,17504
24179,17505
24179,17506
24179,17507
24179,17508
24179,17509
24179,17510
24179,17511
24179,17512
24179,17513
24179,17514
24179,17515
24179,17516
24179,17517
24179,17518
24180,17446
24180,17447
24180,17448
24180,17449
24180,17450
24180,17451
24180,17452
24180,17453
24180,17454
24180,17455
24180,17456
24180,17457
24180,17458
24180,17459
24180,17460
24180,17461
24180,17462
24180,17463
24180,17464
24180,17465
24180,17466
24180,17467
24180,17468
24180,17469
24180,17470
24180,17471
24180,17472
24180,17473
24180,17474
24180,17475
24180,17476
24180,17477
24180,17478
24180,17479
24180,17480
24180,17481
24180,17482
24180,17483
24180,17484
24180,17485
24180,17486
24180,17487
24180,17488
24180,17489
24180,17490
24180,17491
24180,17492
24180,17493
24180,17494
24180,17495
24180,17496
24180,17497
24180,17498
24180,17499
24180,17500
24180,17501
24180,17502
24180,17503
24180,17504
24180,17505
24180,17506
24180,17507
24180,17508
24180,17509
24180,17510
24180,17511
24180,17512
24180,17513
24180,17514
24180,17515
24180,17516
24180,17517
24180,17518
24181,17447
24181,17448
24181,17449
24181,17450
24181,17451
24181,17452
24181,17453
24181,17454
24181,17455
24181,17456
24181,17457
24181,17458
24181,17459
24181,17460
24181,17461
24181,17462
24181,17463
24181,17464
24181,17465
24181,17466
24181,17467
24181,17468
24181,17469
24181,17470
24181,17471
24181,17472
24181,17473
24181,17474
24181,17475
24181,17476
24181,17477
24181,17478
24181,17479
24181,17480
24181,17481
24181,17482
24181,17483
24181,17484
24181,17485
24181,17486
24181,17487
24181,17488
24181,17489
24181,17490
24181,17491
24181,17492
24181,17493
24181,17494
24181,17495
24181,17496
24181,17497
24181,17498
24181,17499
24181,17500
24181,17501
24181,17502
24181,17503
24181,17504
24181,17505
24181,17506
24181,17507
24181,17508
24181,17509
24181,17510
24181,17511
24181,17512
24181,17513
24181,17514
24181,17515
24181,17516
24181,17517
24181,17518
24182,17447
24182,17448
24182,17449
24182,17450
24182,17451
24182,17452
24182,17453
24182,17454
24182,17455
24182,17456
24182,17457
24182,17458
24182,17459
24182,17460
24182,17461
24182,17462
24182,17463
24182,17464
24182,17465
24182,17466
24182,17467
24182,17468
24182,17469
24182,17470
24182,17471
24182,17472
24182,17473
24182,17474
24182,17475
24182,17476
24182,17477
24182,17478
24182,17479
24182,17480
24182,17481
24182,17482
24182,17483
24182,17484
24182,17485
24182,17486
24182,17487
24182,17488
24182,17489
24182,17490
24182,17491
24182,17492
24182,17493
24182,17494
24182,17495
24182,17496
24182,17497
24182,17498
24182,17499
24182,17500
24182,17501
24182,17502
24182,17503
24182,17504
24182,17505
24182,17506
24182,17507
24182,17508
24182,17509
24182,17510
24182,17511
24182,17512
24182,17513
24182,17514
24182,17515
24182,17516
24182,17517
24183,17447
24183,17448
24183,17449
24183,17450
24183,17451
24183,17452
24183,17453
24183,17454
24183,17455
24183,17456
24183,17457
24183,17458
24183,17459
24183,17460
24183,17461
24183,17462
24183,17463
24183,17464
24183,17465
24183,17466
24183,17467
24183,17468
24183,17469
24183,17470
24183,17471
24183,17472
24183,17473
24183,17474
24183,17475
24183,17476
24183,17477
24183,17478
24183,17479
24183,17480
24183,17481
24183,17482
24183,17483
24183,17484
24183,17485
24183,17486
24183,17487
24183,17488
24183,17489
24183,17490
24183,17491
24183,17492
24183,17493
24183,17494
24183,17495
24183,17496
24183,17497
24183,17498
24183,17499
24183,17500
24183,17501
24183,17502
24183,17503
24183,17504
24183,17505
24183,17506
24183,17507
24183,17508
24183,17509
24183,17510
24183,17511
24183,17512
24183,17513
24183,17514
24183,17515
24183,17516
24184,17448
24184,17449
24184,17450
24184,17451
24184,17452
24184,17453
24184,17454
24184,17455
24184,17456
24184,17457
24184,17458
24184,17459
24184,17460
24184,17461
24184,17462
24184,17463
24184,17464
24184,17465
24184,17466
24184,17467
24184,17468
24184,17469
24184,17470
24184,17471
24184,17472
24184,17473
24184,17474
24184,17475
24184,17476
24184,17477
24184,17478
24184,17479
24184,17480
24184,17481
24184,17482
24184,17483
24184,17484
24184,17485
24184,17486
24184,17487
24184,17488
24184,17489
24184,17490
24184,17491
24184,17492
24184,17493
24184,17494
24184,17495
24184,17496
24184,17497
24184,17498
24184,17499
24184,17500
24184,17501
24184,17502
24184,17503
24184,17504
24184,17505
24184,17506
24184,17507
24184,17508
24184,17509
24184,17510
24184,17511
24184,17512
24184,17513
24185,17449
24185,17450
24185,17451
24185,17452
24185,17453
24185,17454
24185,17455
24185,17456
24185,17457
24185,17458
24185,17459
24185,17460
24185,17461
24185,17462
24185,17463
24185,17464
24185,17465
24185,17466
24185,17467
24185,17468
24185,17469
24185,17470
24185,17471
24185,17472
24185,17473
24185,17474
24185,17475
24185,17476
24185,17477
24185,17478
24185,17479
24185,17480
24185,17481
24185,17482
24185,17483
24185,17484
24185,17485
24185,17486
24185,17487
24185,17488
24185,17489
24185,17490
24185,17491
24185,17492
24185,17493
24185,17494
24185,17495
24185,17496
24185,17497
24185,17498
24185,17499
24185,17500
24185,17501
24185,17502
24185,17503
24185,17504
24185,17505
24185,17506
24185,17507
24185,17508
24185,17509
24185,17510
24186,17449
24186,17450
24186,17451
24186,17452
24186,17453
24186,17454
24186,17455
24186,17456
24186,17457
24186,17458
24186,17459
24186,17460
24186,17461
24186,17462
24186,17463
24186,17464
24186,17465
24186,17466
24186,17467
24186,17468
24186,17469
24186,17470
24186,17471
24186,17472
24186,17473
24186,17474
24186,17475
24186,17476
24186,17477
24186,17478
24186,17479
24186,17480
24186,17481
24186,17482
24186,17483
24186,17484
24186,17485
24186,17486
24186,17487
24186,17488
24186,17489
24186,17490
24186,17491
24186,17492
24186,17493
24186,17494
24186,17495
24186,17496
24186,17497
24186,17498
24186,17499
24186,17500
24186,17501
24186,17502
24186,17503
24186,17504
24186,17505
24186,17506
24186,17507
24187,17450
24187,17451
24187,17452
24187,17453
24187,17454
24187,17455
24187,17456
24187,17457
24187,17458
24187,17459
24187,17460
24187,17461
24187,17462
24187,17463
24187,17464
24187,17465
24187,17466
24187,17467
24187,17468
24187,17469
24187,17470
24187,17471
24187,17472
24187,17473
24187,17474
24187,17475
24187,17476
24187,17477
24187,17478
24187,17479
24187,17480
24187,17481
24187,17482
24187,17483
24187,17484
24187,17485
24187,17486
24187,17487
24187,17488
24187,17489
24187,17490
24187,17491
24187,17492
24187,17493
24187,17494
24187,17495
24187,17496
24187,17497
24187,17498
24187,17499
24187,17500
24187,17501
24187,17502
24187,17503
24187,17504
24188,17450
24188,17451
24188,17452
24188,17453
24188,17454
24188,17455
24188,17456
24188,17457
24188,17458
24188,17459
24188,17460
24188,17461
24188,17462
24188,17463
24188,17464
24188,17465
24188,17466
24188,17467
24188,17468
24188,17469
24188,17470
24188,17471
24188,17472
24188,17473
24188,17474
24188,17475
24188,17476
24188,17477
24188,17478
24188,17479
24188,17480
24188,17481
24188,17482
24188,17483
24188,17484
24188,17485
24188,17486
24188,17487
24188,17488
24188,17489
24188,17490
24188,17491
24188,17492
24188,17493
24188,17494
24188,17495
24188,17496
24188,17497
24188,17498
24188,17499
24188,17500
24188,17501
24188,17502
24189,17451
24189,17452
24189,17453
24189,17454
24189,17455
24189,17456
24189,17457
24189,17458
24189,17459
24189,17460
24189,17461
24189,17462
24189,17463
24189,17464
24189,17465
24189,17466
24189,17467
24189,17468
24189,17469
24189,17470
24189,17471
24189,17472
24189,17473
24189,17474
24189,17475
24189,17476
24189,17477
24189,17478
24189,17479
24189,17480
24189,17481
24189,17482
24189,17483
24189,17484
24189,17485
24189,17486
24189,17487
24189,17488
24189,17489
24189,17490
24189,17491
24189,17492
24189,17493
24189,17494
24189,17495
24189,17496
24189,17497
24189,17498
24189,17499
24190,17451
24190,17452
24190,17453
24190,17454
24190,17455
24190,17456
24190,17457
24190,17458
24190,17459
24190,17460
24190,17461
24190,17462
24190,17463
24190,17464
24190,17465
24190,17466
24190,17467
24190,17468
24190,17469
24190,17470
24190,17471
24190,17472
24190,17473
24190,17474
24190,17475
24190,17476
24190,17477
24190,17478
24190,17479
24190,17480
24190,17481
24190,17482
24190,17483
24190,17484
24190,17485
24190,17486
24190,17487
24190,17488
24190,17489
24190,17490
24190,17491
24190,17492
24190,17493
24190,17494
24190,17495
24190,17496
24190,17497
24190,17498
24190,17499
24191,17451
24191,17452
24191,17453
24191,17454
24191,17455
24191,17456
24191,17457
24191,17458
24191,17459
24191,17460
24191,17461
24191,17462
24191,17463
24191,17464
24191,17465
24191,17466
24191,17467
24191,17468
24191,17469
24191,17470
24191,17471
24191,17472
24191,17473
24191,17474
24191,17475
24191,17476
24191,17477
24191,17478
24191,17479
24191,17480
24191,17481
24191,17482
24191,17483
24191,17484
24191,17485
24191,17486
24191,17487
24191,17488
24191,17489
24191,17490
24191,17491
24191,17492
24191,17493
24191,17494
24191,17495
24191,17496
24191,17497
24191,17498
24192,17452
24192,17453
24192,17454
24192,17455
24192,17456
24192,17457
24192,17458
24192,17459
24192,17460
24192,17461
24192,17462
24192,17463
24192,17464
24192,17465
24192,17466
24192,17467
24192,17468
24192,17469
24192,17470
24192,17471
24192,17472
24192,17473
24192,17474
24192,17475
24192,17476
24192,17477
24192,17478
24192,17479
24192,17480
24192,17481
24192,17482
24192,17483
24192,17484
24192,17485
24192,17486
24192,17487
24192,17488
24192,17489
24192,17490
24192,17491
24192,17492
24192,17493
24192,17494
24192,17495
24192,17496
24192,17497
24193,17453
24193,17454
24193,17455
24193,17456
24193,17457
24193,17458
24193,17459
24193,17460
24193,17461
24193,17462
24193,17463
24193,17464
24193,17465
24193,17466
24193,17467
24193,17468
24193,17469
24193,17470
24193,17471
24193,17472
24193,17473
24193,17474
24193,17475
24193,17476
24193,17477
24193,17478
24193,17479
24193,17480
24193,17481
24193,17482
24193,17483
24193,17484
24193,17485
24193,17486
24193,17487
24193,17488
24193,17489
24193,17490
24193,17491
24193,17492
24193,17493
24193,17494
24193,17495
24193,17496
24194,17456
24194,17457
24194,17458
24194,17459
24194,17460
24194,17461
24194,17462
24194,17463
24194,17464
24194,17465
24194,17466
24194,17467
24194,17468
24194,17469
24194,17470
24194,17471
24194,17472
24194,17473
24194,17474
24194,17475
24194,17476
24194,17477
24194,17478
24194,17479
24194,17480
24194,17481
24194,17482
24194,17483
24194,17484
24194,17485
24194,17486
24194,17487
24194,17488
24194,17489
24194,17490
24194,17491
24194,17492
24194,17493
24194,17494
24194,17495
24195,17457
24195,17458
24195,17459
24195,17460
24195,17461
24195,17462
24195,17463
24195,17464
24195,17465
24195,17466
24195,17467
24195,17468
24195,17469
24195,17470
24195,17471
24195,17472
24195,17473
24195,17474
24195,17475
24195,17476
24195,17477
24195,17478
24195,17479
24195,17480
24195,17481
24195,17482
24195,17483
24195,17484
24195,17485
24195,17486
24195,17487
24195,17488
24195,17489
24195,17490
24195,17491
24195,17492
24195,17493
24195,17494
24196,17458
24196,17459
24196,17460
24196,17461
24196,17462
24196,17463
24196,17464
24196,17465
24196,17466
24196,17467
24196,17468
24196,17469
24196,17470
24196,17471
24196,17472
24196,17473
24196,17474
24196,17475
24196,17476
24196,17477
24196,17478
24196,17479
24196,17480
24196,17481
24196,17482
24196,17483
24196,17484
24196,17485
24196,17486
24196,17487
24196,17488
24196,17489
24196,17490
24196,17491
24197,17459
24197,17460
24197,17461
24197,17462
24197,17463
24197,17464
24197,17465
24197,17466
24197,17467
24197,17468
24197,17469
24197,17470
24197,17471
24197,17472
24197,17473
24197,17474
24197,17475
24197,17476
24197,17477
24197,17478
24197,17479
24197,17480
24197,17481
24197,17482
24197,17483
24197,17484
24197,17485
24197,17486
24197,17487
24197,17488
24197,17489
24198,17460
24198,17461
24198,17462
24198,17463
24198,17464
24198,17465
24198,17466
24198,17467
24198,17468
24198,17469
24198,17470
24198,17471
24198,17472
24198,17473
24198,17474
24198,17475
24198,17476
24198,17477
24198,17478
24198,17479
24198,17480
24198,17481
24198,17482
24198,17483
24198,17484
24198,17485
24198,17486
24199,17463
24199,17464
24199,17466
24199,17467
24199,17468
24199,17469
24199,17470
24199,17471
24199,17472
24199,17473
24199,17474
24199,17475
24199,17476
24199,17477
24199,17478
24199,17479
24199,17480
24199,17481
24199,17482
24199,17483
24200,17475
24200,17476
24200,17477
24200,17478
