"X","Y"
6179,42445
6180,42442
6180,42443
6180,42444
6180,42445
6180,42446
6180,42447
6180,42448
6181,42441
6181,42442
6181,42443
6181,42444
6181,42445
6181,42446
6181,42447
6181,42448
6181,42449
6182,42440
6182,42441
6182,42442
6182,42443
6182,42444
6182,42445
6182,42446
6182,42447
6182,42448
6182,42449
6182,42450
6182,42451
6182,42464
6182,42466
6183,42439
6183,42440
6183,42441
6183,42442
6183,42443
6183,42444
6183,42445
6183,42446
6183,42447
6183,42448
6183,42449
6183,42450
6183,42451
6183,42452
6183,42461
6183,42462
6183,42463
6183,42464
6183,42465
6183,42466
6183,42467
6183,42468
6183,42469
6184,42439
6184,42440
6184,42441
6184,42442
6184,42443
6184,42444
6184,42445
6184,42446
6184,42447
6184,42448
6184,42449
6184,42450
6184,42451
6184,42452
6184,42453
6184,42459
6184,42460
6184,42461
6184,42462
6184,42463
6184,42464
6184,42465
6184,42466
6184,42467
6184,42468
6184,42469
6184,42470
6185,42437
6185,42438
6185,42439
6185,42440
6185,42441
6185,42442
6185,42443
6185,42444
6185,42445
6185,42446
6185,42447
6185,42448
6185,42449
6185,42450
6185,42451
6185,42452
6185,42453
6185,42454
6185,42455
6185,42456
6185,42458
6185,42459
6185,42460
6185,42461
6185,42462
6185,42463
6185,42464
6185,42465
6185,42466
6185,42467
6185,42468
6185,42469
6185,42470
6185,42471
6186,42434
6186,42435
6186,42436
6186,42437
6186,42438
6186,42439
6186,42440
6186,42441
6186,42442
6186,42443
6186,42444
6186,42445
6186,42446
6186,42447
6186,42448
6186,42449
6186,42450
6186,42451
6186,42452
6186,42453
6186,42454
6186,42455
6186,42456
6186,42457
6186,42458
6186,42459
6186,42460
6186,42461
6186,42462
6186,42463
6186,42464
6186,42465
6186,42466
6186,42467
6186,42468
6186,42469
6186,42470
6186,42471
6186,42472
6186,42473
6186,42474
6186,42477
6187,42432
6187,42433
6187,42434
6187,42435
6187,42436
6187,42437
6187,42438
6187,42439
6187,42440
6187,42441
6187,42442
6187,42443
6187,42444
6187,42445
6187,42446
6187,42447
6187,42448
6187,42449
6187,42450
6187,42451
6187,42452
6187,42453
6187,42454
6187,42455
6187,42456
6187,42457
6187,42458
6187,42459
6187,42460
6187,42461
6187,42462
6187,42463
6187,42464
6187,42465
6187,42466
6187,42467
6187,42468
6187,42469
6187,42470
6187,42471
6187,42472
6187,42473
6187,42474
6187,42475
6187,42476
6187,42477
6187,42478
6187,42479
6188,42430
6188,42431
6188,42432
6188,42433
6188,42434
6188,42435
6188,42436
6188,42437
6188,42438
6188,42439
6188,42440
6188,42441
6188,42442
6188,42443
6188,42444
6188,42445
6188,42446
6188,42447
6188,42448
6188,42449
6188,42450
6188,42451
6188,42452
6188,42453
6188,42454
6188,42455
6188,42456
6188,42457
6188,42458
6188,42459
6188,42460
6188,42461
6188,42462
6188,42463
6188,42464
6188,42465
6188,42466
6188,42467
6188,42468
6188,42469
6188,42470
6188,42471
6188,42472
6188,42473
6188,42474
6188,42475
6188,42476
6188,42477
6188,42478
6188,42479
6188,42480
6189,42429
6189,42430
6189,42431
6189,42432
6189,42433
6189,42434
6189,42435
6189,42436
6189,42437
6189,42438
6189,42439
6189,42440
6189,42441
6189,42442
6189,42443
6189,42444
6189,42445
6189,42446
6189,42447
6189,42448
6189,42449
6189,42450
6189,42451
6189,42452
6189,42453
6189,42454
6189,42455
6189,42456
6189,42457
6189,42458
6189,42459
6189,42460
6189,42461
6189,42462
6189,42463
6189,42464
6189,42465
6189,42466
6189,42467
6189,42468
6189,42469
6189,42470
6189,42471
6189,42472
6189,42473
6189,42474
6189,42475
6189,42476
6189,42477
6189,42478
6189,42479
6189,42480
6189,42481
6190,42428
6190,42429
6190,42430
6190,42431
6190,42432
6190,42433
6190,42434
6190,42435
6190,42436
6190,42437
6190,42438
6190,42439
6190,42440
6190,42441
6190,42442
6190,42443
6190,42444
6190,42445
6190,42446
6190,42447
6190,42448
6190,42449
6190,42450
6190,42451
6190,42452
6190,42453
6190,42454
6190,42455
6190,42456
6190,42457
6190,42458
6190,42459
6190,42460
6190,42461
6190,42462
6190,42463
6190,42464
6190,42465
6190,42466
6190,42467
6190,42468
6190,42469
6190,42470
6190,42471
6190,42472
6190,42473
6190,42474
6190,42475
6190,42476
6190,42477
6190,42478
6190,42479
6190,42480
6190,42481
6191,42427
6191,42428
6191,42429
6191,42430
6191,42431
6191,42432
6191,42433
6191,42434
6191,42435
6191,42436
6191,42437
6191,42438
6191,42439
6191,42440
6191,42441
6191,42442
6191,42443
6191,42444
6191,42445
6191,42446
6191,42447
6191,42448
6191,42449
6191,42450
6191,42451
6191,42452
6191,42453
6191,42454
6191,42455
6191,42456
6191,42457
6191,42458
6191,42459
6191,42460
6191,42461
6191,42462
6191,42463
6191,42464
6191,42465
6191,42466
6191,42467
6191,42468
6191,42469
6191,42470
6191,42471
6191,42472
6191,42473
6191,42474
6191,42475
6191,42476
6191,42477
6191,42478
6191,42479
6191,42480
6191,42481
6191,42482
6192,42426
6192,42427
6192,42428
6192,42429
6192,42430
6192,42431
6192,42432
6192,42433
6192,42434
6192,42435
6192,42436
6192,42437
6192,42438
6192,42439
6192,42440
6192,42441
6192,42442
6192,42443
6192,42444
6192,42445
6192,42446
6192,42447
6192,42448
6192,42449
6192,42450
6192,42451
6192,42452
6192,42453
6192,42454
6192,42455
6192,42456
6192,42457
6192,42458
6192,42459
6192,42460
6192,42461
6192,42462
6192,42463
6192,42464
6192,42465
6192,42466
6192,42467
6192,42468
6192,42469
6192,42470
6192,42471
6192,42472
6192,42473
6192,42474
6192,42475
6192,42476
6192,42477
6192,42478
6192,42479
6192,42480
6192,42481
6192,42482
6193,42425
6193,42426
6193,42427
6193,42428
6193,42429
6193,42430
6193,42431
6193,42432
6193,42433
6193,42434
6193,42435
6193,42436
6193,42437
6193,42438
6193,42439
6193,42440
6193,42441
6193,42442
6193,42443
6193,42444
6193,42445
6193,42446
6193,42447
6193,42448
6193,42449
6193,42450
6193,42451
6193,42452
6193,42453
6193,42454
6193,42455
6193,42456
6193,42457
6193,42458
6193,42459
6193,42460
6193,42461
6193,42462
6193,42463
6193,42464
6193,42465
6193,42466
6193,42467
6193,42468
6193,42469
6193,42470
6193,42471
6193,42472
6193,42473
6193,42474
6193,42475
6193,42476
6193,42477
6193,42478
6193,42479
6193,42480
6193,42481
6193,42482
6194,42424
6194,42425
6194,42426
6194,42427
6194,42428
6194,42429
6194,42430
6194,42431
6194,42432
6194,42433
6194,42434
6194,42435
6194,42436
6194,42437
6194,42438
6194,42439
6194,42440
6194,42441
6194,42442
6194,42443
6194,42444
6194,42445
6194,42446
6194,42447
6194,42448
6194,42449
6194,42450
6194,42451
6194,42452
6194,42453
6194,42454
6194,42455
6194,42456
6194,42457
6194,42458
6194,42459
6194,42460
6194,42461
6194,42462
6194,42463
6194,42464
6194,42465
6194,42466
6194,42467
6194,42468
6194,42469
6194,42470
6194,42471
6194,42472
6194,42473
6194,42474
6194,42475
6194,42476
6194,42477
6194,42478
6194,42479
6194,42480
6194,42481
6194,42482
6195,42424
6195,42425
6195,42426
6195,42427
6195,42428
6195,42429
6195,42430
6195,42431
6195,42432
6195,42433
6195,42434
6195,42435
6195,42436
6195,42437
6195,42438
6195,42439
6195,42440
6195,42441
6195,42442
6195,42443
6195,42444
6195,42445
6195,42446
6195,42447
6195,42448
6195,42449
6195,42450
6195,42451
6195,42452
6195,42453
6195,42454
6195,42455
6195,42456
6195,42457
6195,42458
6195,42459
6195,42460
6195,42461
6195,42462
6195,42463
6195,42464
6195,42465
6195,42466
6195,42467
6195,42468
6195,42469
6195,42470
6195,42471
6195,42472
6195,42473
6195,42474
6195,42475
6195,42476
6195,42477
6195,42478
6195,42479
6195,42480
6195,42481
6195,42482
6196,42424
6196,42425
6196,42426
6196,42427
6196,42428
6196,42429
6196,42430
6196,42431
6196,42432
6196,42433
6196,42434
6196,42435
6196,42436
6196,42437
6196,42438
6196,42439
6196,42440
6196,42441
6196,42442
6196,42443
6196,42444
6196,42445
6196,42446
6196,42447
6196,42448
6196,42449
6196,42450
6196,42451
6196,42452
6196,42453
6196,42454
6196,42455
6196,42456
6196,42457
6196,42458
6196,42459
6196,42460
6196,42461
6196,42462
6196,42463
6196,42464
6196,42465
6196,42466
6196,42467
6196,42468
6196,42469
6196,42470
6196,42471
6196,42472
6196,42473
6196,42474
6196,42475
6196,42476
6196,42477
6196,42478
6196,42479
6196,42480
6196,42481
6196,42482
6197,42423
6197,42424
6197,42425
6197,42426
6197,42427
6197,42428
6197,42429
6197,42430
6197,42431
6197,42432
6197,42433
6197,42434
6197,42435
6197,42436
6197,42437
6197,42438
6197,42439
6197,42440
6197,42441
6197,42442
6197,42443
6197,42444
6197,42445
6197,42446
6197,42447
6197,42448
6197,42449
6197,42450
6197,42451
6197,42452
6197,42453
6197,42454
6197,42455
6197,42456
6197,42457
6197,42458
6197,42459
6197,42460
6197,42461
6197,42462
6197,42463
6197,42464
6197,42465
6197,42466
6197,42467
6197,42468
6197,42469
6197,42470
6197,42471
6197,42472
6197,42473
6197,42474
6197,42475
6197,42476
6197,42477
6197,42478
6197,42479
6197,42480
6197,42481
6197,42482
6197,42483
6198,42423
6198,42424
6198,42425
6198,42426
6198,42427
6198,42428
6198,42429
6198,42430
6198,42431
6198,42432
6198,42433
6198,42434
6198,42435
6198,42436
6198,42437
6198,42438
6198,42439
6198,42440
6198,42441
6198,42442
6198,42443
6198,42444
6198,42445
6198,42446
6198,42447
6198,42448
6198,42449
6198,42450
6198,42451
6198,42452
6198,42453
6198,42454
6198,42455
6198,42456
6198,42457
6198,42458
6198,42459
6198,42460
6198,42461
6198,42462
6198,42463
6198,42464
6198,42465
6198,42466
6198,42467
6198,42468
6198,42469
6198,42470
6198,42471
6198,42472
6198,42473
6198,42474
6198,42475
6198,42476
6198,42477
6198,42478
6198,42479
6198,42480
6198,42481
6198,42482
6199,42422
6199,42423
6199,42424
6199,42425
6199,42426
6199,42427
6199,42428
6199,42429
6199,42430
6199,42431
6199,42432
6199,42433
6199,42434
6199,42435
6199,42436
6199,42437
6199,42438
6199,42439
6199,42440
6199,42441
6199,42442
6199,42443
6199,42444
6199,42445
6199,42446
6199,42447
6199,42448
6199,42449
6199,42450
6199,42451
6199,42452
6199,42453
6199,42454
6199,42455
6199,42456
6199,42457
6199,42458
6199,42459
6199,42460
6199,42461
6199,42462
6199,42463
6199,42464
6199,42465
6199,42466
6199,42467
6199,42468
6199,42469
6199,42470
6199,42471
6199,42472
6199,42473
6199,42474
6199,42475
6199,42476
6199,42477
6199,42478
6199,42479
6199,42480
6199,42481
6199,42482
6200,42422
6200,42423
6200,42424
6200,42425
6200,42426
6200,42427
6200,42428
6200,42429
6200,42430
6200,42431
6200,42432
6200,42433
6200,42434
6200,42435
6200,42436
6200,42437
6200,42438
6200,42439
6200,42440
6200,42441
6200,42442
6200,42443
6200,42444
6200,42445
6200,42446
6200,42447
6200,42448
6200,42449
6200,42450
6200,42451
6200,42452
6200,42453
6200,42454
6200,42455
6200,42456
6200,42457
6200,42458
6200,42459
6200,42460
6200,42461
6200,42462
6200,42463
6200,42464
6200,42465
6200,42466
6200,42467
6200,42468
6200,42469
6200,42470
6200,42471
6200,42472
6200,42473
6200,42474
6200,42475
6200,42476
6200,42477
6200,42478
6200,42479
6200,42480
6200,42481
6200,42482
6200,42483
6201,42422
6201,42423
6201,42424
6201,42425
6201,42426
6201,42427
6201,42428
6201,42429
6201,42430
6201,42431
6201,42432
6201,42433
6201,42434
6201,42435
6201,42436
6201,42437
6201,42438
6201,42439
6201,42440
6201,42441
6201,42442
6201,42443
6201,42444
6201,42445
6201,42446
6201,42447
6201,42448
6201,42449
6201,42450
6201,42451
6201,42452
6201,42453
6201,42454
6201,42455
6201,42456
6201,42457
6201,42458
6201,42459
6201,42460
6201,42461
6201,42462
6201,42463
6201,42464
6201,42465
6201,42466
6201,42467
6201,42468
6201,42469
6201,42470
6201,42471
6201,42472
6201,42473
6201,42474
6201,42475
6201,42476
6201,42477
6201,42478
6201,42479
6201,42480
6201,42481
6201,42482
6202,42421
6202,42422
6202,42423
6202,42424
6202,42425
6202,42426
6202,42427
6202,42428
6202,42429
6202,42430
6202,42431
6202,42432
6202,42433
6202,42434
6202,42435
6202,42436
6202,42437
6202,42438
6202,42439
6202,42440
6202,42441
6202,42442
6202,42443
6202,42444
6202,42445
6202,42446
6202,42447
6202,42448
6202,42449
6202,42450
6202,42451
6202,42452
6202,42453
6202,42454
6202,42455
6202,42456
6202,42457
6202,42458
6202,42459
6202,42460
6202,42461
6202,42462
6202,42463
6202,42464
6202,42465
6202,42466
6202,42467
6202,42468
6202,42469
6202,42470
6202,42471
6202,42472
6202,42473
6202,42474
6202,42475
6202,42476
6202,42477
6202,42478
6202,42479
6202,42480
6202,42481
6202,42482
6203,42422
6203,42423
6203,42424
6203,42425
6203,42426
6203,42427
6203,42428
6203,42429
6203,42430
6203,42431
6203,42432
6203,42433
6203,42434
6203,42435
6203,42436
6203,42437
6203,42438
6203,42439
6203,42440
6203,42441
6203,42442
6203,42443
6203,42444
6203,42445
6203,42446
6203,42447
6203,42448
6203,42449
6203,42450
6203,42451
6203,42452
6203,42453
6203,42454
6203,42455
6203,42456
6203,42457
6203,42458
6203,42459
6203,42460
6203,42461
6203,42462
6203,42463
6203,42464
6203,42465
6203,42466
6203,42467
6203,42468
6203,42469
6203,42470
6203,42471
6203,42472
6203,42473
6203,42474
6203,42475
6203,42476
6203,42477
6203,42478
6203,42479
6203,42480
6203,42481
6204,42422
6204,42423
6204,42424
6204,42425
6204,42426
6204,42427
6204,42428
6204,42429
6204,42430
6204,42431
6204,42432
6204,42433
6204,42434
6204,42435
6204,42436
6204,42437
6204,42438
6204,42439
6204,42440
6204,42441
6204,42442
6204,42443
6204,42444
6204,42445
6204,42446
6204,42447
6204,42448
6204,42449
6204,42450
6204,42451
6204,42452
6204,42453
6204,42454
6204,42455
6204,42456
6204,42457
6204,42458
6204,42459
6204,42460
6204,42461
6204,42462
6204,42463
6204,42464
6204,42465
6204,42466
6204,42467
6204,42468
6204,42469
6204,42470
6204,42471
6204,42472
6204,42473
6204,42474
6204,42475
6204,42476
6204,42477
6204,42478
6204,42479
6204,42480
6205,42422
6205,42423
6205,42424
6205,42425
6205,42426
6205,42427
6205,42428
6205,42429
6205,42430
6205,42431
6205,42432
6205,42433
6205,42434
6205,42435
6205,42436
6205,42437
6205,42438
6205,42439
6205,42440
6205,42441
6205,42442
6205,42443
6205,42444
6205,42445
6205,42446
6205,42447
6205,42448
6205,42449
6205,42450
6205,42451
6205,42452
6205,42453
6205,42454
6205,42455
6205,42456
6205,42457
6205,42458
6205,42459
6205,42460
6205,42461
6205,42462
6205,42463
6205,42464
6205,42465
6205,42466
6205,42467
6205,42468
6205,42469
6205,42470
6205,42471
6205,42472
6205,42473
6205,42474
6205,42475
6205,42476
6205,42477
6205,42478
6205,42479
6206,42422
6206,42423
6206,42424
6206,42425
6206,42426
6206,42427
6206,42428
6206,42429
6206,42430
6206,42431
6206,42432
6206,42433
6206,42434
6206,42435
6206,42436
6206,42437
6206,42438
6206,42439
6206,42440
6206,42441
6206,42442
6206,42443
6206,42444
6206,42445
6206,42446
6206,42447
6206,42448
6206,42449
6206,42450
6206,42451
6206,42452
6206,42453
6206,42454
6206,42455
6206,42456
6206,42457
6206,42458
6206,42459
6206,42460
6206,42461
6206,42462
6206,42463
6206,42464
6206,42465
6206,42466
6206,42467
6206,42468
6206,42469
6206,42470
6206,42471
6206,42472
6206,42473
6206,42474
6206,42475
6206,42476
6206,42477
6206,42478
6206,42479
6207,42421
6207,42422
6207,42423
6207,42424
6207,42425
6207,42426
6207,42427
6207,42428
6207,42429
6207,42430
6207,42431
6207,42432
6207,42433
6207,42434
6207,42435
6207,42436
6207,42437
6207,42438
6207,42439
6207,42440
6207,42441
6207,42442
6207,42443
6207,42444
6207,42445
6207,42446
6207,42447
6207,42448
6207,42449
6207,42450
6207,42451
6207,42452
6207,42453
6207,42454
6207,42455
6207,42456
6207,42457
6207,42458
6207,42459
6207,42460
6207,42461
6207,42462
6207,42463
6207,42464
6207,42465
6207,42466
6207,42467
6207,42468
6207,42469
6207,42470
6207,42471
6207,42472
6207,42473
6207,42474
6207,42475
6207,42476
6207,42477
6207,42478
6207,42479
6207,42480
6207,42481
6207,42482
6207,42485
6208,42421
6208,42422
6208,42423
6208,42424
6208,42425
6208,42426
6208,42427
6208,42428
6208,42429
6208,42430
6208,42431
6208,42432
6208,42433
6208,42434
6208,42435
6208,42436
6208,42437
6208,42438
6208,42439
6208,42440
6208,42441
6208,42442
6208,42443
6208,42444
6208,42445
6208,42446
6208,42447
6208,42448
6208,42449
6208,42450
6208,42451
6208,42452
6208,42453
6208,42454
6208,42455
6208,42456
6208,42457
6208,42458
6208,42459
6208,42460
6208,42461
6208,42462
6208,42463
6208,42464
6208,42465
6208,42466
6208,42467
6208,42468
6208,42469
6208,42470
6208,42471
6208,42472
6208,42473
6208,42474
6208,42475
6208,42476
6208,42477
6208,42478
6208,42479
6208,42480
6208,42481
6208,42482
6208,42483
6208,42484
6208,42485
6208,42486
6208,42487
6208,42488
6209,42420
6209,42421
6209,42422
6209,42423
6209,42424
6209,42425
6209,42426
6209,42427
6209,42428
6209,42429
6209,42430
6209,42431
6209,42432
6209,42433
6209,42434
6209,42435
6209,42436
6209,42437
6209,42438
6209,42439
6209,42440
6209,42441
6209,42442
6209,42443
6209,42444
6209,42445
6209,42446
6209,42447
6209,42448
6209,42449
6209,42450
6209,42451
6209,42452
6209,42453
6209,42454
6209,42455
6209,42456
6209,42457
6209,42458
6209,42459
6209,42460
6209,42461
6209,42462
6209,42463
6209,42464
6209,42465
6209,42466
6209,42467
6209,42468
6209,42469
6209,42470
6209,42471
6209,42472
6209,42473
6209,42474
6209,42475
6209,42476
6209,42477
6209,42478
6209,42479
6209,42480
6209,42481
6209,42482
6209,42483
6209,42484
6209,42485
6209,42486
6209,42487
6209,42488
6209,42489
6209,42490
6210,42419
6210,42420
6210,42421
6210,42422
6210,42423
6210,42424
6210,42425
6210,42426
6210,42427
6210,42428
6210,42429
6210,42430
6210,42431
6210,42432
6210,42433
6210,42434
6210,42435
6210,42436
6210,42437
6210,42438
6210,42439
6210,42440
6210,42441
6210,42442
6210,42443
6210,42444
6210,42445
6210,42446
6210,42447
6210,42448
6210,42449
6210,42450
6210,42451
6210,42452
6210,42453
6210,42454
6210,42455
6210,42456
6210,42457
6210,42458
6210,42459
6210,42460
6210,42461
6210,42462
6210,42463
6210,42464
6210,42465
6210,42466
6210,42467
6210,42468
6210,42469
6210,42470
6210,42471
6210,42472
6210,42473
6210,42474
6210,42475
6210,42476
6210,42477
6210,42478
6210,42479
6210,42480
6210,42481
6210,42482
6210,42483
6210,42484
6210,42485
6210,42486
6210,42487
6210,42488
6210,42489
6210,42490
6210,42491
6210,42492
6211,42418
6211,42419
6211,42420
6211,42421
6211,42422
6211,42423
6211,42424
6211,42425
6211,42426
6211,42427
6211,42428
6211,42429
6211,42430
6211,42431
6211,42432
6211,42433
6211,42434
6211,42435
6211,42436
6211,42437
6211,42438
6211,42439
6211,42440
6211,42441
6211,42442
6211,42443
6211,42444
6211,42445
6211,42446
6211,42447
6211,42448
6211,42449
6211,42450
6211,42451
6211,42452
6211,42453
6211,42454
6211,42455
6211,42456
6211,42457
6211,42458
6211,42459
6211,42460
6211,42461
6211,42462
6211,42463
6211,42464
6211,42465
6211,42466
6211,42467
6211,42468
6211,42469
6211,42470
6211,42471
6211,42472
6211,42473
6211,42474
6211,42475
6211,42476
6211,42477
6211,42478
6211,42479
6211,42480
6211,42481
6211,42482
6211,42483
6211,42484
6211,42485
6211,42486
6211,42487
6211,42488
6211,42489
6211,42490
6211,42491
6211,42492
6211,42493
6212,42417
6212,42418
6212,42419
6212,42420
6212,42421
6212,42422
6212,42423
6212,42424
6212,42425
6212,42426
6212,42427
6212,42428
6212,42429
6212,42430
6212,42431
6212,42432
6212,42433
6212,42434
6212,42435
6212,42436
6212,42437
6212,42438
6212,42439
6212,42440
6212,42441
6212,42442
6212,42443
6212,42444
6212,42445
6212,42446
6212,42447
6212,42448
6212,42449
6212,42450
6212,42451
6212,42452
6212,42453
6212,42454
6212,42455
6212,42456
6212,42457
6212,42458
6212,42459
6212,42460
6212,42461
6212,42462
6212,42463
6212,42464
6212,42465
6212,42466
6212,42467
6212,42468
6212,42469
6212,42470
6212,42471
6212,42472
6212,42473
6212,42474
6212,42475
6212,42476
6212,42477
6212,42478
6212,42479
6212,42480
6212,42481
6212,42482
6212,42483
6212,42484
6212,42485
6212,42486
6212,42487
6212,42488
6212,42489
6212,42490
6212,42491
6212,42492
6212,42493
6212,42494
6213,42417
6213,42418
6213,42419
6213,42420
6213,42421
6213,42422
6213,42423
6213,42424
6213,42425
6213,42426
6213,42427
6213,42428
6213,42429
6213,42430
6213,42431
6213,42432
6213,42433
6213,42434
6213,42435
6213,42436
6213,42437
6213,42438
6213,42439
6213,42440
6213,42441
6213,42442
6213,42443
6213,42444
6213,42445
6213,42446
6213,42447
6213,42448
6213,42449
6213,42450
6213,42451
6213,42452
6213,42453
6213,42454
6213,42455
6213,42456
6213,42457
6213,42458
6213,42459
6213,42460
6213,42461
6213,42462
6213,42463
6213,42464
6213,42465
6213,42466
6213,42467
6213,42468
6213,42469
6213,42470
6213,42471
6213,42472
6213,42473
6213,42474
6213,42475
6213,42476
6213,42477
6213,42478
6213,42479
6213,42480
6213,42481
6213,42482
6213,42483
6213,42484
6213,42485
6213,42486
6213,42487
6213,42488
6213,42489
6213,42490
6213,42491
6213,42492
6213,42493
6213,42494
6214,42417
6214,42418
6214,42419
6214,42420
6214,42421
6214,42422
6214,42423
6214,42424
6214,42425
6214,42426
6214,42427
6214,42428
6214,42429
6214,42430
6214,42431
6214,42432
6214,42433
6214,42434
6214,42435
6214,42436
6214,42437
6214,42438
6214,42439
6214,42440
6214,42441
6214,42442
6214,42443
6214,42444
6214,42445
6214,42446
6214,42447
6214,42448
6214,42449
6214,42450
6214,42451
6214,42452
6214,42453
6214,42454
6214,42455
6214,42456
6214,42457
6214,42458
6214,42459
6214,42460
6214,42461
6214,42462
6214,42463
6214,42464
6214,42465
6214,42466
6214,42467
6214,42468
6214,42469
6214,42470
6214,42471
6214,42472
6214,42473
6214,42474
6214,42475
6214,42476
6214,42477
6214,42478
6214,42479
6214,42480
6214,42481
6214,42482
6214,42483
6214,42484
6214,42485
6214,42486
6214,42487
6214,42488
6214,42489
6214,42490
6214,42491
6214,42492
6214,42493
6214,42494
6215,42416
6215,42417
6215,42418
6215,42419
6215,42420
6215,42421
6215,42422
6215,42423
6215,42424
6215,42425
6215,42426
6215,42427
6215,42428
6215,42429
6215,42430
6215,42431
6215,42432
6215,42433
6215,42434
6215,42435
6215,42436
6215,42437
6215,42438
6215,42439
6215,42440
6215,42441
6215,42442
6215,42443
6215,42444
6215,42445
6215,42446
6215,42447
6215,42448
6215,42449
6215,42450
6215,42451
6215,42452
6215,42453
6215,42454
6215,42455
6215,42456
6215,42457
6215,42458
6215,42459
6215,42460
6215,42461
6215,42462
6215,42463
6215,42464
6215,42465
6215,42466
6215,42467
6215,42468
6215,42469
6215,42470
6215,42471
6215,42472
6215,42473
6215,42474
6215,42475
6215,42476
6215,42477
6215,42478
6215,42479
6215,42480
6215,42481
6215,42482
6215,42483
6215,42484
6215,42485
6215,42486
6215,42487
6215,42488
6215,42489
6215,42490
6215,42491
6215,42492
6215,42493
6215,42494
6215,42495
6216,42416
6216,42417
6216,42418
6216,42419
6216,42420
6216,42421
6216,42422
6216,42423
6216,42424
6216,42425
6216,42426
6216,42427
6216,42428
6216,42429
6216,42430
6216,42431
6216,42432
6216,42433
6216,42434
6216,42435
6216,42436
6216,42437
6216,42438
6216,42439
6216,42440
6216,42441
6216,42442
6216,42443
6216,42444
6216,42445
6216,42446
6216,42447
6216,42448
6216,42449
6216,42450
6216,42451
6216,42452
6216,42453
6216,42454
6216,42455
6216,42456
6216,42457
6216,42458
6216,42459
6216,42460
6216,42461
6216,42462
6216,42463
6216,42464
6216,42465
6216,42466
6216,42467
6216,42468
6216,42469
6216,42470
6216,42471
6216,42472
6216,42473
6216,42474
6216,42475
6216,42476
6216,42477
6216,42478
6216,42479
6216,42480
6216,42481
6216,42482
6216,42483
6216,42484
6216,42485
6216,42486
6216,42487
6216,42488
6216,42489
6216,42490
6216,42491
6216,42492
6216,42493
6216,42494
6216,42495
6217,42414
6217,42415
6217,42416
6217,42417
6217,42418
6217,42419
6217,42420
6217,42421
6217,42422
6217,42423
6217,42424
6217,42425
6217,42426
6217,42427
6217,42428
6217,42429
6217,42430
6217,42431
6217,42432
6217,42433
6217,42434
6217,42435
6217,42436
6217,42437
6217,42438
6217,42439
6217,42440
6217,42441
6217,42442
6217,42443
6217,42444
6217,42445
6217,42446
6217,42447
6217,42448
6217,42449
6217,42450
6217,42451
6217,42452
6217,42453
6217,42454
6217,42455
6217,42456
6217,42457
6217,42458
6217,42459
6217,42460
6217,42461
6217,42462
6217,42463
6217,42464
6217,42465
6217,42466
6217,42467
6217,42468
6217,42469
6217,42470
6217,42471
6217,42472
6217,42473
6217,42474
6217,42475
6217,42476
6217,42477
6217,42478
6217,42479
6217,42480
6217,42481
6217,42482
6217,42483
6217,42484
6217,42485
6217,42486
6217,42487
6217,42488
6217,42489
6217,42490
6217,42491
6217,42492
6217,42493
6217,42494
6218,42411
6218,42412
6218,42413
6218,42414
6218,42415
6218,42416
6218,42417
6218,42418
6218,42419
6218,42420
6218,42421
6218,42422
6218,42423
6218,42424
6218,42425
6218,42426
6218,42427
6218,42428
6218,42429
6218,42430
6218,42431
6218,42432
6218,42433
6218,42434
6218,42435
6218,42436
6218,42437
6218,42438
6218,42439
6218,42440
6218,42441
6218,42442
6218,42443
6218,42444
6218,42445
6218,42446
6218,42447
6218,42448
6218,42449
6218,42450
6218,42451
6218,42452
6218,42453
6218,42454
6218,42455
6218,42456
6218,42457
6218,42458
6218,42459
6218,42460
6218,42461
6218,42462
6218,42463
6218,42464
6218,42465
6218,42466
6218,42467
6218,42468
6218,42469
6218,42470
6218,42471
6218,42472
6218,42473
6218,42474
6218,42475
6218,42476
6218,42477
6218,42478
6218,42479
6218,42480
6218,42481
6218,42482
6218,42483
6218,42484
6218,42485
6218,42486
6218,42487
6218,42488
6218,42489
6218,42490
6218,42491
6218,42492
6218,42493
6218,42494
6219,42410
6219,42411
6219,42412
6219,42413
6219,42414
6219,42415
6219,42416
6219,42417
6219,42418
6219,42419
6219,42420
6219,42421
6219,42422
6219,42423
6219,42424
6219,42425
6219,42426
6219,42427
6219,42428
6219,42429
6219,42430
6219,42431
6219,42432
6219,42433
6219,42434
6219,42435
6219,42436
6219,42437
6219,42438
6219,42439
6219,42440
6219,42441
6219,42442
6219,42443
6219,42444
6219,42445
6219,42446
6219,42447
6219,42448
6219,42449
6219,42450
6219,42451
6219,42452
6219,42453
6219,42454
6219,42455
6219,42456
6219,42457
6219,42458
6219,42459
6219,42460
6219,42461
6219,42462
6219,42463
6219,42464
6219,42465
6219,42466
6219,42467
6219,42468
6219,42469
6219,42470
6219,42471
6219,42472
6219,42473
6219,42474
6219,42475
6219,42476
6219,42477
6219,42478
6219,42479
6219,42480
6219,42481
6219,42482
6219,42483
6219,42484
6219,42485
6219,42486
6219,42487
6219,42488
6219,42489
6219,42490
6219,42491
6219,42492
6219,42493
6219,42494
6220,42409
6220,42410
6220,42411
6220,42412
6220,42413
6220,42414
6220,42415
6220,42416
6220,42417
6220,42418
6220,42419
6220,42420
6220,42421
6220,42422
6220,42423
6220,42424
6220,42425
6220,42426
6220,42427
6220,42428
6220,42429
6220,42430
6220,42431
6220,42432
6220,42433
6220,42434
6220,42435
6220,42436
6220,42437
6220,42438
6220,42439
6220,42440
6220,42441
6220,42442
6220,42443
6220,42444
6220,42445
6220,42446
6220,42447
6220,42448
6220,42449
6220,42450
6220,42451
6220,42452
6220,42453
6220,42454
6220,42455
6220,42456
6220,42457
6220,42458
6220,42459
6220,42460
6220,42461
6220,42462
6220,42463
6220,42464
6220,42465
6220,42466
6220,42467
6220,42468
6220,42469
6220,42470
6220,42471
6220,42472
6220,42473
6220,42474
6220,42475
6220,42476
6220,42477
6220,42478
6220,42479
6220,42480
6220,42481
6220,42482
6220,42483
6220,42484
6220,42485
6220,42486
6220,42487
6220,42488
6220,42489
6220,42490
6220,42491
6220,42492
6220,42493
6220,42494
6220,42495
6221,42408
6221,42409
6221,42410
6221,42411
6221,42412
6221,42413
6221,42414
6221,42415
6221,42416
6221,42417
6221,42418
6221,42419
6221,42420
6221,42421
6221,42422
6221,42423
6221,42424
6221,42425
6221,42426
6221,42427
6221,42428
6221,42429
6221,42430
6221,42431
6221,42432
6221,42433
6221,42434
6221,42435
6221,42436
6221,42437
6221,42438
6221,42439
6221,42440
6221,42441
6221,42442
6221,42443
6221,42444
6221,42445
6221,42446
6221,42447
6221,42448
6221,42449
6221,42450
6221,42451
6221,42452
6221,42453
6221,42454
6221,42455
6221,42456
6221,42457
6221,42458
6221,42459
6221,42460
6221,42461
6221,42462
6221,42463
6221,42464
6221,42465
6221,42466
6221,42467
6221,42468
6221,42469
6221,42470
6221,42471
6221,42472
6221,42473
6221,42474
6221,42475
6221,42476
6221,42477
6221,42478
6221,42479
6221,42480
6221,42481
6221,42482
6221,42483
6221,42484
6221,42485
6221,42486
6221,42487
6221,42488
6221,42489
6221,42490
6221,42491
6221,42492
6221,42493
6221,42494
6221,42495
6221,42496
6222,42408
6222,42409
6222,42410
6222,42411
6222,42412
6222,42413
6222,42414
6222,42415
6222,42416
6222,42417
6222,42418
6222,42419
6222,42420
6222,42421
6222,42422
6222,42423
6222,42424
6222,42425
6222,42426
6222,42427
6222,42428
6222,42429
6222,42430
6222,42431
6222,42432
6222,42433
6222,42434
6222,42435
6222,42436
6222,42437
6222,42438
6222,42439
6222,42440
6222,42441
6222,42442
6222,42443
6222,42444
6222,42445
6222,42446
6222,42447
6222,42448
6222,42449
6222,42450
6222,42451
6222,42452
6222,42453
6222,42454
6222,42455
6222,42456
6222,42457
6222,42458
6222,42459
6222,42460
6222,42461
6222,42462
6222,42463
6222,42464
6222,42465
6222,42466
6222,42467
6222,42468
6222,42469
6222,42470
6222,42471
6222,42472
6222,42473
6222,42474
6222,42475
6222,42476
6222,42477
6222,42478
6222,42479
6222,42480
6222,42481
6222,42482
6222,42483
6222,42484
6222,42485
6222,42486
6222,42487
6222,42488
6222,42489
6222,42490
6222,42491
6222,42492
6222,42493
6222,42494
6222,42495
6222,42496
6223,42407
6223,42408
6223,42409
6223,42410
6223,42411
6223,42412
6223,42413
6223,42414
6223,42415
6223,42416
6223,42417
6223,42418
6223,42419
6223,42420
6223,42421
6223,42422
6223,42423
6223,42424
6223,42425
6223,42426
6223,42427
6223,42428
6223,42429
6223,42430
6223,42431
6223,42432
6223,42433
6223,42434
6223,42435
6223,42436
6223,42437
6223,42438
6223,42439
6223,42440
6223,42441
6223,42442
6223,42443
6223,42444
6223,42445
6223,42446
6223,42447
6223,42448
6223,42449
6223,42450
6223,42451
6223,42452
6223,42453
6223,42454
6223,42455
6223,42456
6223,42457
6223,42458
6223,42459
6223,42460
6223,42461
6223,42462
6223,42463
6223,42464
6223,42465
6223,42466
6223,42467
6223,42468
6223,42469
6223,42470
6223,42471
6223,42472
6223,42473
6223,42474
6223,42475
6223,42476
6223,42477
6223,42478
6223,42479
6223,42480
6223,42481
6223,42482
6223,42483
6223,42484
6223,42485
6223,42486
6223,42487
6223,42488
6223,42489
6223,42490
6223,42491
6223,42492
6223,42493
6223,42494
6223,42495
6223,42496
6224,42408
6224,42409
6224,42410
6224,42411
6224,42412
6224,42413
6224,42414
6224,42415
6224,42416
6224,42417
6224,42418
6224,42419
6224,42420
6224,42421
6224,42422
6224,42423
6224,42424
6224,42425
6224,42426
6224,42427
6224,42428
6224,42429
6224,42430
6224,42431
6224,42432
6224,42433
6224,42434
6224,42435
6224,42436
6224,42437
6224,42438
6224,42439
6224,42440
6224,42441
6224,42442
6224,42443
6224,42444
6224,42445
6224,42446
6224,42447
6224,42448
6224,42449
6224,42450
6224,42451
6224,42452
6224,42453
6224,42454
6224,42455
6224,42456
6224,42457
6224,42458
6224,42459
6224,42460
6224,42461
6224,42462
6224,42463
6224,42464
6224,42465
6224,42466
6224,42467
6224,42468
6224,42469
6224,42470
6224,42471
6224,42472
6224,42473
6224,42474
6224,42475
6224,42476
6224,42477
6224,42478
6224,42479
6224,42480
6224,42481
6224,42482
6224,42483
6224,42484
6224,42485
6224,42486
6224,42487
6224,42488
6224,42489
6224,42490
6224,42491
6224,42492
6224,42493
6224,42494
6224,42495
6224,42496
6224,42497
6225,42407
6225,42408
6225,42409
6225,42410
6225,42411
6225,42412
6225,42413
6225,42414
6225,42415
6225,42416
6225,42417
6225,42418
6225,42419
6225,42420
6225,42421
6225,42422
6225,42423
6225,42424
6225,42425
6225,42426
6225,42427
6225,42428
6225,42429
6225,42430
6225,42431
6225,42432
6225,42433
6225,42434
6225,42435
6225,42436
6225,42437
6225,42438
6225,42439
6225,42440
6225,42441
6225,42442
6225,42443
6225,42444
6225,42445
6225,42446
6225,42447
6225,42448
6225,42449
6225,42450
6225,42451
6225,42452
6225,42453
6225,42454
6225,42455
6225,42456
6225,42457
6225,42458
6225,42459
6225,42460
6225,42461
6225,42462
6225,42463
6225,42464
6225,42465
6225,42466
6225,42467
6225,42468
6225,42469
6225,42470
6225,42471
6225,42472
6225,42473
6225,42474
6225,42475
6225,42476
6225,42477
6225,42478
6225,42479
6225,42480
6225,42481
6225,42482
6225,42483
6225,42484
6225,42485
6225,42486
6225,42487
6225,42488
6225,42489
6225,42490
6225,42491
6225,42492
6225,42493
6225,42494
6225,42495
6225,42496
6226,42408
6226,42409
6226,42410
6226,42411
6226,42412
6226,42413
6226,42414
6226,42415
6226,42416
6226,42417
6226,42418
6226,42419
6226,42420
6226,42421
6226,42422
6226,42423
6226,42424
6226,42425
6226,42426
6226,42427
6226,42428
6226,42429
6226,42430
6226,42431
6226,42432
6226,42433
6226,42434
6226,42435
6226,42436
6226,42437
6226,42438
6226,42439
6226,42440
6226,42441
6226,42442
6226,42443
6226,42444
6226,42445
6226,42446
6226,42447
6226,42448
6226,42449
6226,42450
6226,42451
6226,42452
6226,42453
6226,42454
6226,42455
6226,42456
6226,42457
6226,42458
6226,42459
6226,42460
6226,42461
6226,42462
6226,42463
6226,42464
6226,42465
6226,42466
6226,42467
6226,42468
6226,42469
6226,42470
6226,42471
6226,42472
6226,42473
6226,42474
6226,42475
6226,42476
6226,42477
6226,42478
6226,42479
6226,42480
6226,42481
6226,42482
6226,42483
6226,42484
6226,42485
6226,42486
6226,42487
6226,42488
6226,42489
6226,42490
6226,42491
6226,42492
6226,42493
6226,42494
6226,42495
6226,42496
6227,42408
6227,42409
6227,42410
6227,42411
6227,42412
6227,42413
6227,42414
6227,42415
6227,42416
6227,42417
6227,42418
6227,42419
6227,42420
6227,42421
6227,42422
6227,42423
6227,42424
6227,42425
6227,42426
6227,42427
6227,42428
6227,42429
6227,42430
6227,42431
6227,42432
6227,42433
6227,42434
6227,42435
6227,42436
6227,42437
6227,42438
6227,42439
6227,42440
6227,42441
6227,42442
6227,42443
6227,42444
6227,42445
6227,42446
6227,42447
6227,42448
6227,42449
6227,42450
6227,42451
6227,42452
6227,42453
6227,42454
6227,42455
6227,42456
6227,42457
6227,42458
6227,42459
6227,42460
6227,42461
6227,42462
6227,42463
6227,42464
6227,42465
6227,42466
6227,42467
6227,42468
6227,42469
6227,42470
6227,42471
6227,42472
6227,42473
6227,42474
6227,42475
6227,42476
6227,42477
6227,42478
6227,42479
6227,42480
6227,42481
6227,42482
6227,42483
6227,42484
6227,42485
6227,42486
6227,42487
6227,42488
6227,42489
6227,42490
6227,42491
6227,42492
6227,42493
6227,42494
6227,42495
6227,42496
6228,42407
6228,42408
6228,42409
6228,42410
6228,42411
6228,42412
6228,42413
6228,42414
6228,42415
6228,42416
6228,42417
6228,42418
6228,42419
6228,42420
6228,42421
6228,42422
6228,42423
6228,42424
6228,42425
6228,42426
6228,42427
6228,42428
6228,42429
6228,42430
6228,42431
6228,42432
6228,42433
6228,42434
6228,42435
6228,42436
6228,42437
6228,42438
6228,42439
6228,42440
6228,42441
6228,42442
6228,42443
6228,42444
6228,42445
6228,42446
6228,42447
6228,42448
6228,42449
6228,42450
6228,42451
6228,42452
6228,42453
6228,42454
6228,42455
6228,42456
6228,42457
6228,42458
6228,42459
6228,42460
6228,42461
6228,42462
6228,42463
6228,42464
6228,42465
6228,42466
6228,42467
6228,42468
6228,42469
6228,42470
6228,42471
6228,42472
6228,42473
6228,42474
6228,42475
6228,42476
6228,42477
6228,42478
6228,42479
6228,42480
6228,42481
6228,42482
6228,42483
6228,42484
6228,42485
6228,42486
6228,42487
6228,42488
6228,42489
6228,42490
6228,42491
6228,42492
6228,42493
6228,42494
6228,42495
6229,42405
6229,42406
6229,42407
6229,42408
6229,42409
6229,42410
6229,42411
6229,42412
6229,42413
6229,42414
6229,42415
6229,42416
6229,42417
6229,42418
6229,42419
6229,42420
6229,42421
6229,42422
6229,42423
6229,42424
6229,42425
6229,42426
6229,42427
6229,42428
6229,42429
6229,42430
6229,42431
6229,42432
6229,42433
6229,42434
6229,42435
6229,42436
6229,42437
6229,42438
6229,42439
6229,42440
6229,42441
6229,42442
6229,42443
6229,42444
6229,42445
6229,42446
6229,42447
6229,42448
6229,42449
6229,42450
6229,42451
6229,42452
6229,42453
6229,42454
6229,42455
6229,42456
6229,42457
6229,42458
6229,42459
6229,42460
6229,42461
6229,42462
6229,42463
6229,42464
6229,42465
6229,42466
6229,42467
6229,42468
6229,42469
6229,42470
6229,42471
6229,42472
6229,42473
6229,42474
6229,42475
6229,42476
6229,42477
6229,42478
6229,42479
6229,42480
6229,42481
6229,42482
6229,42483
6229,42484
6229,42485
6229,42486
6229,42487
6229,42488
6229,42489
6229,42490
6229,42491
6229,42492
6229,42493
6229,42494
6230,42402
6230,42403
6230,42404
6230,42405
6230,42406
6230,42407
6230,42408
6230,42409
6230,42410
6230,42411
6230,42412
6230,42413
6230,42414
6230,42415
6230,42416
6230,42417
6230,42418
6230,42419
6230,42420
6230,42421
6230,42422
6230,42423
6230,42424
6230,42425
6230,42426
6230,42427
6230,42428
6230,42429
6230,42430
6230,42431
6230,42432
6230,42433
6230,42434
6230,42435
6230,42436
6230,42437
6230,42438
6230,42439
6230,42440
6230,42441
6230,42442
6230,42443
6230,42444
6230,42445
6230,42446
6230,42447
6230,42448
6230,42449
6230,42450
6230,42451
6230,42452
6230,42453
6230,42454
6230,42455
6230,42456
6230,42457
6230,42458
6230,42459
6230,42460
6230,42461
6230,42462
6230,42463
6230,42464
6230,42465
6230,42466
6230,42467
6230,42468
6230,42469
6230,42470
6230,42471
6230,42472
6230,42473
6230,42474
6230,42475
6230,42476
6230,42477
6230,42478
6230,42479
6230,42480
6230,42481
6230,42482
6230,42483
6230,42484
6230,42485
6230,42486
6230,42487
6230,42488
6230,42489
6230,42490
6230,42491
6230,42492
6230,42493
6231,42400
6231,42401
6231,42402
6231,42403
6231,42404
6231,42405
6231,42406
6231,42407
6231,42408
6231,42409
6231,42410
6231,42411
6231,42412
6231,42413
6231,42414
6231,42415
6231,42416
6231,42417
6231,42418
6231,42419
6231,42420
6231,42421
6231,42422
6231,42423
6231,42424
6231,42425
6231,42426
6231,42427
6231,42428
6231,42429
6231,42430
6231,42431
6231,42432
6231,42433
6231,42434
6231,42435
6231,42436
6231,42437
6231,42438
6231,42439
6231,42440
6231,42441
6231,42442
6231,42443
6231,42444
6231,42445
6231,42446
6231,42447
6231,42448
6231,42449
6231,42450
6231,42451
6231,42452
6231,42453
6231,42454
6231,42455
6231,42456
6231,42457
6231,42458
6231,42459
6231,42460
6231,42461
6231,42462
6231,42463
6231,42464
6231,42465
6231,42466
6231,42467
6231,42468
6231,42469
6231,42470
6231,42471
6231,42472
6231,42473
6231,42474
6231,42475
6231,42476
6231,42477
6231,42478
6231,42479
6231,42480
6231,42481
6231,42482
6231,42483
6231,42484
6231,42485
6231,42486
6231,42487
6231,42488
6231,42489
6231,42490
6231,42491
6232,42399
6232,42400
6232,42401
6232,42402
6232,42403
6232,42404
6232,42405
6232,42406
6232,42407
6232,42408
6232,42409
6232,42410
6232,42411
6232,42412
6232,42413
6232,42414
6232,42415
6232,42416
6232,42417
6232,42418
6232,42419
6232,42420
6232,42421
6232,42422
6232,42423
6232,42424
6232,42425
6232,42426
6232,42427
6232,42428
6232,42429
6232,42430
6232,42431
6232,42432
6232,42433
6232,42434
6232,42435
6232,42436
6232,42437
6232,42438
6232,42439
6232,42440
6232,42441
6232,42442
6232,42443
6232,42444
6232,42445
6232,42446
6232,42447
6232,42448
6232,42449
6232,42450
6232,42451
6232,42452
6232,42453
6232,42454
6232,42455
6232,42456
6232,42457
6232,42458
6232,42459
6232,42460
6232,42461
6232,42462
6232,42463
6232,42464
6232,42465
6232,42466
6232,42467
6232,42468
6232,42469
6232,42470
6232,42471
6232,42472
6232,42473
6232,42474
6232,42475
6232,42476
6232,42477
6232,42478
6232,42479
6232,42480
6232,42481
6232,42482
6232,42483
6232,42484
6232,42485
6232,42486
6232,42487
6232,42488
6232,42489
6233,42398
6233,42399
6233,42400
6233,42401
6233,42402
6233,42403
6233,42404
6233,42405
6233,42406
6233,42407
6233,42408
6233,42409
6233,42410
6233,42411
6233,42412
6233,42413
6233,42414
6233,42415
6233,42416
6233,42417
6233,42418
6233,42419
6233,42420
6233,42421
6233,42422
6233,42423
6233,42424
6233,42425
6233,42426
6233,42427
6233,42428
6233,42429
6233,42430
6233,42431
6233,42432
6233,42433
6233,42434
6233,42435
6233,42436
6233,42437
6233,42438
6233,42439
6233,42440
6233,42441
6233,42442
6233,42443
6233,42444
6233,42445
6233,42446
6233,42447
6233,42448
6233,42449
6233,42450
6233,42451
6233,42452
6233,42453
6233,42454
6233,42455
6233,42456
6233,42457
6233,42458
6233,42459
6233,42460
6233,42461
6233,42462
6233,42463
6233,42464
6233,42465
6233,42466
6233,42467
6233,42468
6233,42469
6233,42470
6233,42471
6233,42472
6233,42473
6233,42474
6233,42475
6233,42476
6233,42477
6233,42478
6233,42479
6233,42480
6233,42481
6233,42482
6233,42483
6233,42484
6233,42485
6233,42486
6233,42487
6233,42488
6233,42489
6233,42490
6234,42397
6234,42398
6234,42399
6234,42400
6234,42401
6234,42402
6234,42403
6234,42404
6234,42405
6234,42406
6234,42407
6234,42408
6234,42409
6234,42410
6234,42411
6234,42412
6234,42413
6234,42414
6234,42415
6234,42416
6234,42417
6234,42418
6234,42419
6234,42420
6234,42421
6234,42422
6234,42423
6234,42424
6234,42425
6234,42426
6234,42427
6234,42428
6234,42429
6234,42430
6234,42431
6234,42432
6234,42433
6234,42434
6234,42435
6234,42436
6234,42437
6234,42438
6234,42439
6234,42440
6234,42441
6234,42442
6234,42443
6234,42444
6234,42445
6234,42446
6234,42447
6234,42448
6234,42449
6234,42450
6234,42451
6234,42452
6234,42453
6234,42454
6234,42455
6234,42456
6234,42457
6234,42458
6234,42459
6234,42460
6234,42461
6234,42462
6234,42463
6234,42464
6234,42465
6234,42466
6234,42467
6234,42468
6234,42469
6234,42470
6234,42471
6234,42472
6234,42473
6234,42474
6234,42475
6234,42476
6234,42477
6234,42478
6234,42479
6234,42480
6234,42481
6234,42482
6234,42483
6234,42484
6234,42485
6234,42486
6234,42487
6234,42488
6234,42489
6235,42396
6235,42397
6235,42398
6235,42399
6235,42400
6235,42401
6235,42402
6235,42403
6235,42404
6235,42405
6235,42406
6235,42407
6235,42408
6235,42409
6235,42410
6235,42411
6235,42412
6235,42413
6235,42414
6235,42415
6235,42416
6235,42417
6235,42418
6235,42419
6235,42420
6235,42421
6235,42422
6235,42423
6235,42424
6235,42425
6235,42426
6235,42427
6235,42428
6235,42429
6235,42430
6235,42431
6235,42432
6235,42433
6235,42434
6235,42435
6235,42436
6235,42437
6235,42438
6235,42439
6235,42440
6235,42441
6235,42442
6235,42443
6235,42444
6235,42445
6235,42446
6235,42447
6235,42448
6235,42449
6235,42450
6235,42451
6235,42452
6235,42453
6235,42454
6235,42455
6235,42456
6235,42457
6235,42458
6235,42459
6235,42460
6235,42461
6235,42462
6235,42463
6235,42464
6235,42465
6235,42466
6235,42467
6235,42468
6235,42469
6235,42470
6235,42471
6235,42472
6235,42473
6235,42474
6235,42475
6235,42476
6235,42477
6235,42478
6235,42479
6235,42480
6235,42481
6235,42482
6235,42483
6235,42484
6235,42485
6235,42486
6235,42487
6235,42488
6235,42489
6236,42394
6236,42395
6236,42396
6236,42397
6236,42398
6236,42399
6236,42400
6236,42401
6236,42402
6236,42403
6236,42404
6236,42405
6236,42406
6236,42407
6236,42408
6236,42409
6236,42410
6236,42411
6236,42412
6236,42413
6236,42414
6236,42415
6236,42416
6236,42417
6236,42418
6236,42419
6236,42420
6236,42421
6236,42422
6236,42423
6236,42424
6236,42425
6236,42426
6236,42427
6236,42428
6236,42429
6236,42430
6236,42431
6236,42432
6236,42433
6236,42434
6236,42435
6236,42436
6236,42437
6236,42438
6236,42439
6236,42440
6236,42441
6236,42442
6236,42443
6236,42444
6236,42445
6236,42446
6236,42447
6236,42448
6236,42449
6236,42450
6236,42451
6236,42452
6236,42453
6236,42454
6236,42455
6236,42456
6236,42457
6236,42458
6236,42459
6236,42460
6236,42461
6236,42462
6236,42463
6236,42464
6236,42465
6236,42466
6236,42467
6236,42468
6236,42469
6236,42470
6236,42471
6236,42472
6236,42473
6236,42474
6236,42475
6236,42476
6236,42477
6236,42478
6236,42479
6236,42480
6236,42481
6236,42482
6236,42483
6236,42484
6236,42485
6236,42486
6236,42487
6236,42488
6236,42489
6237,42393
6237,42394
6237,42395
6237,42396
6237,42397
6237,42398
6237,42399
6237,42400
6237,42401
6237,42402
6237,42403
6237,42404
6237,42405
6237,42406
6237,42407
6237,42408
6237,42409
6237,42410
6237,42411
6237,42412
6237,42413
6237,42414
6237,42415
6237,42416
6237,42417
6237,42418
6237,42419
6237,42420
6237,42421
6237,42422
6237,42423
6237,42424
6237,42425
6237,42426
6237,42427
6237,42428
6237,42429
6237,42430
6237,42431
6237,42432
6237,42433
6237,42434
6237,42435
6237,42436
6237,42437
6237,42438
6237,42439
6237,42440
6237,42441
6237,42442
6237,42443
6237,42444
6237,42445
6237,42446
6237,42447
6237,42448
6237,42449
6237,42450
6237,42451
6237,42452
6237,42453
6237,42454
6237,42455
6237,42456
6237,42457
6237,42458
6237,42459
6237,42460
6237,42461
6237,42462
6237,42463
6237,42464
6237,42465
6237,42466
6237,42467
6237,42468
6237,42469
6237,42470
6237,42471
6237,42472
6237,42473
6237,42474
6237,42475
6237,42476
6237,42477
6237,42478
6237,42479
6237,42480
6237,42481
6237,42482
6237,42483
6237,42484
6237,42485
6237,42486
6237,42487
6237,42488
6238,42392
6238,42393
6238,42394
6238,42395
6238,42396
6238,42397
6238,42398
6238,42399
6238,42400
6238,42401
6238,42402
6238,42403
6238,42404
6238,42405
6238,42406
6238,42407
6238,42408
6238,42409
6238,42410
6238,42411
6238,42412
6238,42413
6238,42414
6238,42415
6238,42416
6238,42417
6238,42418
6238,42419
6238,42420
6238,42421
6238,42422
6238,42423
6238,42424
6238,42425
6238,42426
6238,42427
6238,42428
6238,42429
6238,42430
6238,42431
6238,42432
6238,42433
6238,42434
6238,42435
6238,42436
6238,42437
6238,42438
6238,42439
6238,42440
6238,42441
6238,42442
6238,42443
6238,42444
6238,42445
6238,42446
6238,42447
6238,42448
6238,42449
6238,42450
6238,42451
6238,42452
6238,42453
6238,42454
6238,42455
6238,42456
6238,42457
6238,42458
6238,42459
6238,42460
6238,42461
6238,42462
6238,42463
6238,42464
6238,42465
6238,42466
6238,42467
6238,42468
6238,42469
6238,42470
6238,42471
6238,42472
6238,42473
6238,42474
6238,42475
6238,42476
6238,42477
6238,42478
6238,42479
6238,42480
6238,42481
6238,42482
6238,42483
6238,42484
6238,42485
6238,42486
6238,42487
6238,42488
6239,42392
6239,42393
6239,42394
6239,42395
6239,42396
6239,42397
6239,42398
6239,42399
6239,42400
6239,42401
6239,42402
6239,42403
6239,42404
6239,42405
6239,42406
6239,42407
6239,42408
6239,42409
6239,42410
6239,42411
6239,42412
6239,42413
6239,42414
6239,42415
6239,42416
6239,42417
6239,42418
6239,42419
6239,42420
6239,42421
6239,42422
6239,42423
6239,42424
6239,42425
6239,42426
6239,42427
6239,42428
6239,42429
6239,42430
6239,42431
6239,42432
6239,42433
6239,42434
6239,42435
6239,42436
6239,42437
6239,42438
6239,42439
6239,42440
6239,42441
6239,42442
6239,42443
6239,42444
6239,42445
6239,42446
6239,42447
6239,42448
6239,42449
6239,42450
6239,42451
6239,42452
6239,42453
6239,42454
6239,42455
6239,42456
6239,42457
6239,42458
6239,42459
6239,42460
6239,42461
6239,42462
6239,42463
6239,42464
6239,42465
6239,42466
6239,42467
6239,42468
6239,42469
6239,42470
6239,42471
6239,42472
6239,42473
6239,42474
6239,42475
6239,42476
6239,42477
6239,42478
6239,42479
6239,42480
6239,42481
6239,42482
6239,42483
6239,42484
6239,42485
6239,42486
6239,42487
6239,42488
6240,42391
6240,42392
6240,42393
6240,42394
6240,42395
6240,42396
6240,42397
6240,42398
6240,42399
6240,42400
6240,42401
6240,42402
6240,42403
6240,42404
6240,42405
6240,42406
6240,42407
6240,42408
6240,42409
6240,42410
6240,42411
6240,42412
6240,42413
6240,42414
6240,42415
6240,42416
6240,42417
6240,42418
6240,42419
6240,42420
6240,42421
6240,42422
6240,42423
6240,42424
6240,42425
6240,42426
6240,42427
6240,42428
6240,42429
6240,42430
6240,42431
6240,42432
6240,42433
6240,42434
6240,42435
6240,42436
6240,42437
6240,42438
6240,42439
6240,42440
6240,42441
6240,42442
6240,42443
6240,42444
6240,42445
6240,42446
6240,42447
6240,42448
6240,42449
6240,42450
6240,42451
6240,42452
6240,42453
6240,42454
6240,42455
6240,42456
6240,42457
6240,42458
6240,42459
6240,42460
6240,42461
6240,42462
6240,42463
6240,42464
6240,42465
6240,42466
6240,42467
6240,42468
6240,42469
6240,42470
6240,42471
6240,42472
6240,42473
6240,42474
6240,42475
6240,42476
6240,42477
6240,42478
6240,42479
6240,42480
6240,42481
6240,42482
6240,42483
6240,42484
6240,42485
6240,42486
6240,42487
6240,42488
6241,42391
6241,42392
6241,42393
6241,42394
6241,42395
6241,42396
6241,42397
6241,42398
6241,42399
6241,42400
6241,42401
6241,42402
6241,42403
6241,42404
6241,42405
6241,42406
6241,42407
6241,42408
6241,42409
6241,42410
6241,42411
6241,42412
6241,42413
6241,42414
6241,42415
6241,42416
6241,42417
6241,42418
6241,42419
6241,42420
6241,42421
6241,42422
6241,42423
6241,42424
6241,42425
6241,42426
6241,42427
6241,42428
6241,42429
6241,42430
6241,42431
6241,42432
6241,42433
6241,42434
6241,42435
6241,42436
6241,42437
6241,42438
6241,42439
6241,42440
6241,42441
6241,42442
6241,42443
6241,42444
6241,42445
6241,42446
6241,42447
6241,42448
6241,42449
6241,42450
6241,42451
6241,42452
6241,42453
6241,42454
6241,42455
6241,42456
6241,42457
6241,42458
6241,42459
6241,42460
6241,42461
6241,42462
6241,42463
6241,42464
6241,42465
6241,42466
6241,42467
6241,42468
6241,42469
6241,42470
6241,42471
6241,42472
6241,42473
6241,42474
6241,42475
6241,42476
6241,42477
6241,42478
6241,42479
6241,42480
6241,42481
6241,42482
6241,42483
6241,42484
6241,42485
6241,42486
6241,42487
6241,42488
6242,42391
6242,42392
6242,42393
6242,42394
6242,42395
6242,42396
6242,42397
6242,42398
6242,42399
6242,42400
6242,42401
6242,42402
6242,42403
6242,42404
6242,42405
6242,42406
6242,42407
6242,42408
6242,42409
6242,42410
6242,42411
6242,42412
6242,42413
6242,42414
6242,42415
6242,42416
6242,42417
6242,42418
6242,42419
6242,42420
6242,42421
6242,42422
6242,42423
6242,42424
6242,42425
6242,42426
6242,42427
6242,42428
6242,42429
6242,42430
6242,42431
6242,42432
6242,42433
6242,42434
6242,42435
6242,42436
6242,42437
6242,42438
6242,42439
6242,42440
6242,42441
6242,42442
6242,42443
6242,42444
6242,42445
6242,42446
6242,42447
6242,42448
6242,42449
6242,42450
6242,42451
6242,42452
6242,42453
6242,42454
6242,42455
6242,42456
6242,42457
6242,42458
6242,42459
6242,42460
6242,42461
6242,42462
6242,42463
6242,42464
6242,42465
6242,42466
6242,42467
6242,42468
6242,42469
6242,42470
6242,42471
6242,42472
6242,42473
6242,42474
6242,42475
6242,42476
6242,42477
6242,42478
6242,42479
6242,42480
6242,42481
6242,42482
6242,42483
6242,42484
6242,42485
6242,42486
6242,42487
6242,42488
6242,42489
6243,42390
6243,42391
6243,42392
6243,42393
6243,42394
6243,42395
6243,42396
6243,42397
6243,42398
6243,42399
6243,42400
6243,42401
6243,42402
6243,42403
6243,42404
6243,42405
6243,42406
6243,42407
6243,42408
6243,42409
6243,42410
6243,42411
6243,42412
6243,42413
6243,42414
6243,42415
6243,42416
6243,42417
6243,42418
6243,42419
6243,42420
6243,42421
6243,42422
6243,42423
6243,42424
6243,42425
6243,42426
6243,42427
6243,42428
6243,42429
6243,42430
6243,42431
6243,42432
6243,42433
6243,42434
6243,42435
6243,42436
6243,42437
6243,42438
6243,42439
6243,42440
6243,42441
6243,42442
6243,42443
6243,42444
6243,42445
6243,42446
6243,42447
6243,42448
6243,42449
6243,42450
6243,42451
6243,42452
6243,42453
6243,42454
6243,42455
6243,42456
6243,42457
6243,42458
6243,42459
6243,42460
6243,42461
6243,42462
6243,42463
6243,42464
6243,42465
6243,42466
6243,42467
6243,42468
6243,42469
6243,42470
6243,42471
6243,42472
6243,42473
6243,42474
6243,42475
6243,42476
6243,42477
6243,42478
6243,42479
6243,42480
6243,42481
6243,42482
6243,42483
6243,42484
6243,42485
6243,42486
6243,42487
6243,42488
6244,42390
6244,42391
6244,42392
6244,42393
6244,42394
6244,42395
6244,42396
6244,42397
6244,42398
6244,42399
6244,42400
6244,42401
6244,42402
6244,42403
6244,42404
6244,42405
6244,42406
6244,42407
6244,42408
6244,42409
6244,42410
6244,42411
6244,42412
6244,42413
6244,42414
6244,42415
6244,42416
6244,42417
6244,42418
6244,42419
6244,42420
6244,42421
6244,42422
6244,42423
6244,42424
6244,42425
6244,42426
6244,42427
6244,42428
6244,42429
6244,42430
6244,42431
6244,42432
6244,42433
6244,42434
6244,42435
6244,42436
6244,42437
6244,42438
6244,42439
6244,42440
6244,42441
6244,42442
6244,42443
6244,42444
6244,42445
6244,42446
6244,42447
6244,42448
6244,42449
6244,42450
6244,42451
6244,42452
6244,42453
6244,42454
6244,42455
6244,42456
6244,42457
6244,42458
6244,42459
6244,42460
6244,42461
6244,42462
6244,42463
6244,42464
6244,42465
6244,42466
6244,42467
6244,42468
6244,42469
6244,42470
6244,42471
6244,42472
6244,42473
6244,42474
6244,42475
6244,42476
6244,42477
6244,42478
6244,42479
6244,42480
6244,42481
6244,42482
6244,42483
6244,42484
6244,42485
6244,42486
6244,42487
6244,42488
6245,42379
6245,42380
6245,42381
6245,42389
6245,42390
6245,42391
6245,42392
6245,42393
6245,42394
6245,42395
6245,42396
6245,42397
6245,42398
6245,42399
6245,42400
6245,42401
6245,42402
6245,42403
6245,42404
6245,42405
6245,42406
6245,42407
6245,42408
6245,42409
6245,42410
6245,42411
6245,42412
6245,42413
6245,42414
6245,42415
6245,42416
6245,42417
6245,42418
6245,42419
6245,42420
6245,42421
6245,42422
6245,42423
6245,42424
6245,42425
6245,42426
6245,42427
6245,42428
6245,42429
6245,42430
6245,42431
6245,42432
6245,42433
6245,42434
6245,42435
6245,42436
6245,42437
6245,42438
6245,42439
6245,42440
6245,42441
6245,42442
6245,42443
6245,42444
6245,42445
6245,42446
6245,42447
6245,42448
6245,42449
6245,42450
6245,42451
6245,42452
6245,42453
6245,42454
6245,42455
6245,42456
6245,42457
6245,42458
6245,42459
6245,42460
6245,42461
6245,42462
6245,42463
6245,42464
6245,42465
6245,42466
6245,42467
6245,42468
6245,42469
6245,42470
6245,42471
6245,42472
6245,42473
6245,42474
6245,42475
6245,42476
6245,42477
6245,42478
6245,42479
6245,42480
6245,42481
6245,42482
6245,42483
6245,42484
6245,42485
6245,42486
6245,42487
6246,42376
6246,42377
6246,42378
6246,42379
6246,42380
6246,42381
6246,42382
6246,42383
6246,42384
6246,42385
6246,42389
6246,42390
6246,42391
6246,42392
6246,42393
6246,42394
6246,42395
6246,42396
6246,42397
6246,42398
6246,42399
6246,42400
6246,42401
6246,42402
6246,42403
6246,42404
6246,42405
6246,42406
6246,42407
6246,42408
6246,42409
6246,42410
6246,42411
6246,42412
6246,42413
6246,42414
6246,42415
6246,42416
6246,42417
6246,42418
6246,42419
6246,42420
6246,42421
6246,42422
6246,42423
6246,42424
6246,42425
6246,42426
6246,42427
6246,42428
6246,42429
6246,42430
6246,42431
6246,42432
6246,42433
6246,42434
6246,42435
6246,42436
6246,42437
6246,42438
6246,42439
6246,42440
6246,42441
6246,42442
6246,42443
6246,42444
6246,42445
6246,42446
6246,42447
6246,42448
6246,42449
6246,42450
6246,42451
6246,42452
6246,42453
6246,42454
6246,42455
6246,42456
6246,42457
6246,42458
6246,42459
6246,42460
6246,42461
6246,42462
6246,42463
6246,42464
6246,42465
6246,42466
6246,42467
6246,42468
6246,42469
6246,42470
6246,42471
6246,42472
6246,42473
6246,42474
6246,42475
6246,42476
6246,42477
6246,42478
6246,42479
6246,42480
6246,42481
6246,42482
6246,42483
6246,42484
6246,42485
6246,42486
6246,42534
6247,42366
6247,42367
6247,42375
6247,42376
6247,42377
6247,42378
6247,42379
6247,42380
6247,42381
6247,42382
6247,42383
6247,42384
6247,42385
6247,42386
6247,42387
6247,42388
6247,42389
6247,42390
6247,42391
6247,42392
6247,42393
6247,42394
6247,42395
6247,42396
6247,42397
6247,42398
6247,42399
6247,42400
6247,42401
6247,42402
6247,42403
6247,42404
6247,42405
6247,42406
6247,42407
6247,42408
6247,42409
6247,42410
6247,42411
6247,42412
6247,42413
6247,42414
6247,42415
6247,42416
6247,42417
6247,42418
6247,42419
6247,42420
6247,42421
6247,42422
6247,42423
6247,42424
6247,42425
6247,42426
6247,42427
6247,42428
6247,42429
6247,42430
6247,42431
6247,42432
6247,42433
6247,42434
6247,42435
6247,42436
6247,42437
6247,42438
6247,42439
6247,42440
6247,42441
6247,42442
6247,42443
6247,42444
6247,42445
6247,42446
6247,42447
6247,42448
6247,42449
6247,42450
6247,42451
6247,42452
6247,42453
6247,42454
6247,42455
6247,42456
6247,42457
6247,42458
6247,42459
6247,42460
6247,42461
6247,42462
6247,42463
6247,42464
6247,42465
6247,42466
6247,42467
6247,42468
6247,42469
6247,42470
6247,42471
6247,42472
6247,42473
6247,42474
6247,42475
6247,42476
6247,42477
6247,42478
6247,42479
6247,42480
6247,42481
6247,42482
6247,42483
6247,42484
6247,42485
6247,42531
6247,42532
6247,42533
6247,42534
6247,42535
6247,42536
6247,42537
6248,42363
6248,42364
6248,42365
6248,42366
6248,42367
6248,42368
6248,42369
6248,42370
6248,42374
6248,42375
6248,42376
6248,42377
6248,42378
6248,42379
6248,42380
6248,42381
6248,42382
6248,42383
6248,42384
6248,42385
6248,42386
6248,42387
6248,42388
6248,42389
6248,42390
6248,42391
6248,42392
6248,42393
6248,42394
6248,42395
6248,42396
6248,42397
6248,42398
6248,42399
6248,42400
6248,42401
6248,42402
6248,42403
6248,42404
6248,42405
6248,42406
6248,42407
6248,42408
6248,42409
6248,42410
6248,42411
6248,42412
6248,42413
6248,42414
6248,42415
6248,42416
6248,42417
6248,42418
6248,42419
6248,42420
6248,42421
6248,42422
6248,42423
6248,42424
6248,42425
6248,42426
6248,42427
6248,42428
6248,42429
6248,42430
6248,42431
6248,42432
6248,42433
6248,42434
6248,42435
6248,42436
6248,42437
6248,42438
6248,42439
6248,42440
6248,42441
6248,42442
6248,42443
6248,42444
6248,42445
6248,42446
6248,42447
6248,42448
6248,42449
6248,42450
6248,42451
6248,42452
6248,42453
6248,42454
6248,42455
6248,42456
6248,42457
6248,42458
6248,42459
6248,42460
6248,42461
6248,42462
6248,42463
6248,42464
6248,42465
6248,42466
6248,42467
6248,42468
6248,42469
6248,42470
6248,42471
6248,42472
6248,42473
6248,42474
6248,42475
6248,42476
6248,42477
6248,42478
6248,42479
6248,42480
6248,42481
6248,42482
6248,42483
6248,42484
6248,42488
6248,42529
6248,42530
6248,42531
6248,42532
6248,42533
6248,42534
6248,42535
6248,42536
6248,42537
6248,42538
6249,42361
6249,42362
6249,42363
6249,42364
6249,42365
6249,42366
6249,42367
6249,42368
6249,42369
6249,42370
6249,42371
6249,42374
6249,42375
6249,42376
6249,42377
6249,42378
6249,42379
6249,42380
6249,42381
6249,42382
6249,42383
6249,42384
6249,42385
6249,42386
6249,42387
6249,42388
6249,42389
6249,42390
6249,42391
6249,42392
6249,42393
6249,42394
6249,42395
6249,42396
6249,42397
6249,42398
6249,42399
6249,42400
6249,42401
6249,42402
6249,42403
6249,42404
6249,42405
6249,42406
6249,42407
6249,42408
6249,42409
6249,42410
6249,42411
6249,42412
6249,42413
6249,42414
6249,42415
6249,42416
6249,42417
6249,42418
6249,42419
6249,42420
6249,42421
6249,42422
6249,42423
6249,42424
6249,42425
6249,42426
6249,42427
6249,42428
6249,42429
6249,42430
6249,42431
6249,42432
6249,42433
6249,42434
6249,42435
6249,42436
6249,42437
6249,42438
6249,42439
6249,42440
6249,42441
6249,42442
6249,42443
6249,42444
6249,42445
6249,42446
6249,42447
6249,42448
6249,42449
6249,42450
6249,42451
6249,42452
6249,42453
6249,42454
6249,42455
6249,42456
6249,42457
6249,42458
6249,42459
6249,42460
6249,42461
6249,42462
6249,42463
6249,42464
6249,42465
6249,42466
6249,42467
6249,42468
6249,42469
6249,42470
6249,42471
6249,42472
6249,42473
6249,42474
6249,42475
6249,42476
6249,42477
6249,42478
6249,42479
6249,42480
6249,42481
6249,42482
6249,42483
6249,42484
6249,42485
6249,42486
6249,42487
6249,42488
6249,42489
6249,42490
6249,42528
6249,42529
6249,42530
6249,42531
6249,42532
6249,42533
6249,42534
6249,42535
6249,42536
6249,42537
6249,42538
6249,42539
6249,42540
6250,42360
6250,42361
6250,42362
6250,42363
6250,42364
6250,42365
6250,42366
6250,42367
6250,42368
6250,42369
6250,42370
6250,42371
6250,42372
6250,42373
6250,42374
6250,42375
6250,42376
6250,42377
6250,42378
6250,42379
6250,42380
6250,42381
6250,42382
6250,42383
6250,42384
6250,42385
6250,42386
6250,42387
6250,42388
6250,42389
6250,42390
6250,42391
6250,42392
6250,42393
6250,42394
6250,42395
6250,42396
6250,42397
6250,42398
6250,42399
6250,42400
6250,42401
6250,42402
6250,42403
6250,42404
6250,42405
6250,42406
6250,42407
6250,42408
6250,42409
6250,42410
6250,42411
6250,42412
6250,42413
6250,42414
6250,42415
6250,42416
6250,42417
6250,42418
6250,42419
6250,42420
6250,42421
6250,42422
6250,42423
6250,42424
6250,42425
6250,42426
6250,42427
6250,42428
6250,42429
6250,42430
6250,42431
6250,42432
6250,42433
6250,42434
6250,42435
6250,42436
6250,42437
6250,42438
6250,42439
6250,42440
6250,42441
6250,42442
6250,42443
6250,42444
6250,42445
6250,42446
6250,42447
6250,42448
6250,42449
6250,42450
6250,42451
6250,42452
6250,42453
6250,42454
6250,42455
6250,42456
6250,42457
6250,42458
6250,42459
6250,42460
6250,42461
6250,42462
6250,42463
6250,42464
6250,42465
6250,42466
6250,42467
6250,42468
6250,42469
6250,42470
6250,42471
6250,42472
6250,42473
6250,42474
6250,42475
6250,42476
6250,42477
6250,42478
6250,42479
6250,42480
6250,42481
6250,42482
6250,42483
6250,42484
6250,42485
6250,42486
6250,42487
6250,42488
6250,42489
6250,42490
6250,42491
6250,42527
6250,42528
6250,42529
6250,42530
6250,42531
6250,42532
6250,42533
6250,42534
6250,42535
6250,42536
6250,42537
6250,42538
6250,42539
6250,42540
6250,42541
6251,42359
6251,42360
6251,42361
6251,42362
6251,42363
6251,42364
6251,42365
6251,42366
6251,42367
6251,42368
6251,42369
6251,42370
6251,42371
6251,42372
6251,42373
6251,42374
6251,42375
6251,42376
6251,42377
6251,42378
6251,42379
6251,42380
6251,42381
6251,42382
6251,42383
6251,42384
6251,42385
6251,42386
6251,42387
6251,42388
6251,42389
6251,42390
6251,42391
6251,42392
6251,42393
6251,42394
6251,42395
6251,42396
6251,42397
6251,42398
6251,42399
6251,42400
6251,42401
6251,42402
6251,42403
6251,42404
6251,42405
6251,42406
6251,42407
6251,42408
6251,42409
6251,42410
6251,42411
6251,42412
6251,42413
6251,42414
6251,42415
6251,42416
6251,42417
6251,42418
6251,42419
6251,42420
6251,42421
6251,42422
6251,42423
6251,42424
6251,42425
6251,42426
6251,42427
6251,42428
6251,42429
6251,42430
6251,42431
6251,42432
6251,42433
6251,42434
6251,42435
6251,42436
6251,42437
6251,42438
6251,42439
6251,42440
6251,42441
6251,42442
6251,42443
6251,42444
6251,42445
6251,42446
6251,42447
6251,42448
6251,42449
6251,42450
6251,42451
6251,42452
6251,42453
6251,42454
6251,42455
6251,42456
6251,42457
6251,42458
6251,42459
6251,42460
6251,42461
6251,42462
6251,42463
6251,42464
6251,42465
6251,42466
6251,42467
6251,42468
6251,42469
6251,42470
6251,42471
6251,42472
6251,42473
6251,42474
6251,42475
6251,42476
6251,42477
6251,42478
6251,42479
6251,42480
6251,42481
6251,42482
6251,42483
6251,42484
6251,42485
6251,42486
6251,42487
6251,42488
6251,42489
6251,42490
6251,42491
6251,42492
6251,42526
6251,42527
6251,42528
6251,42529
6251,42530
6251,42531
6251,42532
6251,42533
6251,42534
6251,42535
6251,42536
6251,42537
6251,42538
6251,42539
6251,42540
6251,42541
6251,42542
6252,42358
6252,42359
6252,42360
6252,42361
6252,42362
6252,42363
6252,42364
6252,42365
6252,42366
6252,42367
6252,42368
6252,42369
6252,42370
6252,42371
6252,42372
6252,42373
6252,42374
6252,42375
6252,42376
6252,42377
6252,42378
6252,42379
6252,42380
6252,42381
6252,42382
6252,42383
6252,42384
6252,42385
6252,42386
6252,42387
6252,42388
6252,42389
6252,42390
6252,42391
6252,42392
6252,42393
6252,42394
6252,42395
6252,42396
6252,42397
6252,42398
6252,42399
6252,42400
6252,42401
6252,42402
6252,42403
6252,42404
6252,42405
6252,42406
6252,42407
6252,42408
6252,42409
6252,42410
6252,42411
6252,42412
6252,42413
6252,42414
6252,42415
6252,42416
6252,42417
6252,42418
6252,42419
6252,42420
6252,42421
6252,42422
6252,42423
6252,42424
6252,42425
6252,42426
6252,42427
6252,42428
6252,42429
6252,42430
6252,42431
6252,42432
6252,42433
6252,42434
6252,42435
6252,42436
6252,42437
6252,42438
6252,42439
6252,42440
6252,42441
6252,42442
6252,42443
6252,42444
6252,42445
6252,42446
6252,42447
6252,42448
6252,42449
6252,42450
6252,42451
6252,42452
6252,42453
6252,42454
6252,42455
6252,42456
6252,42457
6252,42458
6252,42459
6252,42460
6252,42461
6252,42462
6252,42463
6252,42464
6252,42465
6252,42466
6252,42467
6252,42468
6252,42469
6252,42470
6252,42471
6252,42472
6252,42473
6252,42474
6252,42475
6252,42476
6252,42477
6252,42478
6252,42479
6252,42480
6252,42481
6252,42482
6252,42483
6252,42484
6252,42485
6252,42486
6252,42487
6252,42488
6252,42489
6252,42490
6252,42491
6252,42492
6252,42526
6252,42527
6252,42528
6252,42529
6252,42530
6252,42531
6252,42532
6252,42533
6252,42534
6252,42535
6252,42536
6252,42537
6252,42538
6252,42539
6252,42540
6252,42541
6252,42542
6252,42543
6253,42357
6253,42358
6253,42359
6253,42360
6253,42361
6253,42362
6253,42363
6253,42364
6253,42365
6253,42366
6253,42367
6253,42368
6253,42369
6253,42370
6253,42371
6253,42372
6253,42373
6253,42374
6253,42375
6253,42376
6253,42377
6253,42378
6253,42379
6253,42380
6253,42381
6253,42382
6253,42383
6253,42384
6253,42385
6253,42386
6253,42387
6253,42388
6253,42389
6253,42390
6253,42391
6253,42392
6253,42393
6253,42394
6253,42395
6253,42396
6253,42397
6253,42398
6253,42399
6253,42400
6253,42401
6253,42402
6253,42403
6253,42404
6253,42405
6253,42406
6253,42407
6253,42408
6253,42409
6253,42410
6253,42411
6253,42412
6253,42413
6253,42414
6253,42415
6253,42416
6253,42417
6253,42418
6253,42419
6253,42420
6253,42421
6253,42422
6253,42423
6253,42424
6253,42425
6253,42426
6253,42427
6253,42428
6253,42429
6253,42430
6253,42431
6253,42432
6253,42433
6253,42434
6253,42435
6253,42436
6253,42437
6253,42438
6253,42439
6253,42440
6253,42441
6253,42442
6253,42443
6253,42444
6253,42445
6253,42446
6253,42447
6253,42448
6253,42449
6253,42450
6253,42451
6253,42452
6253,42453
6253,42454
6253,42455
6253,42456
6253,42457
6253,42458
6253,42459
6253,42460
6253,42461
6253,42462
6253,42463
6253,42464
6253,42465
6253,42466
6253,42467
6253,42468
6253,42469
6253,42470
6253,42471
6253,42472
6253,42473
6253,42474
6253,42475
6253,42476
6253,42477
6253,42478
6253,42479
6253,42480
6253,42481
6253,42482
6253,42483
6253,42484
6253,42485
6253,42486
6253,42487
6253,42488
6253,42489
6253,42490
6253,42491
6253,42492
6253,42493
6253,42526
6253,42527
6253,42528
6253,42529
6253,42530
6253,42531
6253,42532
6253,42533
6253,42534
6253,42535
6253,42536
6253,42537
6253,42538
6253,42539
6253,42540
6253,42541
6253,42542
6253,42543
6253,42544
6253,42545
6254,42357
6254,42358
6254,42359
6254,42360
6254,42361
6254,42362
6254,42363
6254,42364
6254,42365
6254,42366
6254,42367
6254,42368
6254,42369
6254,42370
6254,42371
6254,42372
6254,42373
6254,42374
6254,42375
6254,42376
6254,42377
6254,42378
6254,42379
6254,42380
6254,42381
6254,42382
6254,42383
6254,42384
6254,42385
6254,42386
6254,42387
6254,42388
6254,42389
6254,42390
6254,42391
6254,42392
6254,42393
6254,42394
6254,42395
6254,42396
6254,42397
6254,42398
6254,42399
6254,42400
6254,42401
6254,42402
6254,42403
6254,42404
6254,42405
6254,42406
6254,42407
6254,42408
6254,42409
6254,42410
6254,42411
6254,42412
6254,42413
6254,42414
6254,42415
6254,42416
6254,42417
6254,42418
6254,42419
6254,42420
6254,42421
6254,42422
6254,42423
6254,42424
6254,42425
6254,42426
6254,42427
6254,42428
6254,42429
6254,42430
6254,42431
6254,42432
6254,42433
6254,42434
6254,42435
6254,42436
6254,42437
6254,42438
6254,42439
6254,42440
6254,42441
6254,42442
6254,42443
6254,42444
6254,42445
6254,42446
6254,42447
6254,42448
6254,42449
6254,42450
6254,42451
6254,42452
6254,42453
6254,42454
6254,42455
6254,42456
6254,42457
6254,42458
6254,42459
6254,42460
6254,42461
6254,42462
6254,42463
6254,42464
6254,42465
6254,42466
6254,42467
6254,42468
6254,42469
6254,42470
6254,42471
6254,42472
6254,42473
6254,42474
6254,42475
6254,42476
6254,42477
6254,42478
6254,42479
6254,42480
6254,42481
6254,42482
6254,42483
6254,42484
6254,42485
6254,42486
6254,42487
6254,42488
6254,42489
6254,42490
6254,42491
6254,42492
6254,42512
6254,42513
6254,42525
6254,42526
6254,42527
6254,42528
6254,42529
6254,42530
6254,42531
6254,42532
6254,42533
6254,42534
6254,42535
6254,42536
6254,42537
6254,42538
6254,42539
6254,42540
6254,42541
6254,42542
6254,42543
6254,42544
6254,42545
6254,42546
6254,42547
6254,42548
6255,42357
6255,42358
6255,42359
6255,42360
6255,42361
6255,42362
6255,42363
6255,42364
6255,42365
6255,42366
6255,42367
6255,42368
6255,42369
6255,42370
6255,42371
6255,42372
6255,42373
6255,42374
6255,42375
6255,42376
6255,42377
6255,42378
6255,42379
6255,42380
6255,42381
6255,42382
6255,42383
6255,42384
6255,42385
6255,42386
6255,42387
6255,42388
6255,42389
6255,42390
6255,42391
6255,42392
6255,42393
6255,42394
6255,42395
6255,42396
6255,42397
6255,42398
6255,42399
6255,42400
6255,42401
6255,42402
6255,42403
6255,42404
6255,42405
6255,42406
6255,42407
6255,42408
6255,42409
6255,42410
6255,42411
6255,42412
6255,42413
6255,42414
6255,42415
6255,42416
6255,42417
6255,42418
6255,42419
6255,42420
6255,42421
6255,42422
6255,42423
6255,42424
6255,42425
6255,42426
6255,42427
6255,42428
6255,42429
6255,42430
6255,42431
6255,42432
6255,42433
6255,42434
6255,42435
6255,42436
6255,42437
6255,42438
6255,42439
6255,42440
6255,42441
6255,42442
6255,42443
6255,42444
6255,42445
6255,42446
6255,42447
6255,42448
6255,42449
6255,42450
6255,42451
6255,42452
6255,42453
6255,42454
6255,42455
6255,42456
6255,42457
6255,42458
6255,42459
6255,42460
6255,42461
6255,42462
6255,42463
6255,42464
6255,42465
6255,42466
6255,42467
6255,42468
6255,42469
6255,42470
6255,42471
6255,42472
6255,42473
6255,42474
6255,42475
6255,42476
6255,42477
6255,42478
6255,42479
6255,42480
6255,42481
6255,42482
6255,42483
6255,42484
6255,42485
6255,42486
6255,42487
6255,42488
6255,42489
6255,42490
6255,42491
6255,42492
6255,42497
6255,42500
6255,42509
6255,42510
6255,42511
6255,42512
6255,42513
6255,42514
6255,42515
6255,42516
6255,42517
6255,42518
6255,42524
6255,42525
6255,42526
6255,42527
6255,42528
6255,42529
6255,42530
6255,42531
6255,42532
6255,42533
6255,42534
6255,42535
6255,42536
6255,42537
6255,42538
6255,42539
6255,42540
6255,42541
6255,42542
6255,42543
6255,42544
6255,42545
6255,42546
6255,42547
6255,42548
6255,42549
6255,42553
6255,42555
6256,42356
6256,42357
6256,42358
6256,42359
6256,42360
6256,42361
6256,42362
6256,42363
6256,42364
6256,42365
6256,42366
6256,42367
6256,42368
6256,42369
6256,42370
6256,42371
6256,42372
6256,42373
6256,42374
6256,42375
6256,42376
6256,42377
6256,42378
6256,42379
6256,42380
6256,42381
6256,42382
6256,42383
6256,42384
6256,42385
6256,42386
6256,42387
6256,42388
6256,42389
6256,42390
6256,42391
6256,42392
6256,42393
6256,42394
6256,42395
6256,42396
6256,42397
6256,42398
6256,42399
6256,42400
6256,42401
6256,42402
6256,42403
6256,42404
6256,42405
6256,42406
6256,42407
6256,42408
6256,42409
6256,42410
6256,42411
6256,42412
6256,42413
6256,42414
6256,42415
6256,42416
6256,42417
6256,42418
6256,42419
6256,42420
6256,42421
6256,42422
6256,42423
6256,42424
6256,42425
6256,42426
6256,42427
6256,42428
6256,42429
6256,42430
6256,42431
6256,42432
6256,42433
6256,42434
6256,42435
6256,42436
6256,42437
6256,42438
6256,42439
6256,42440
6256,42441
6256,42442
6256,42443
6256,42444
6256,42445
6256,42446
6256,42447
6256,42448
6256,42449
6256,42450
6256,42451
6256,42452
6256,42453
6256,42454
6256,42455
6256,42456
6256,42457
6256,42458
6256,42459
6256,42460
6256,42461
6256,42462
6256,42463
6256,42464
6256,42465
6256,42466
6256,42467
6256,42468
6256,42469
6256,42470
6256,42471
6256,42472
6256,42473
6256,42474
6256,42475
6256,42476
6256,42477
6256,42478
6256,42479
6256,42480
6256,42481
6256,42482
6256,42483
6256,42484
6256,42485
6256,42486
6256,42487
6256,42488
6256,42489
6256,42490
6256,42491
6256,42492
6256,42493
6256,42494
6256,42495
6256,42496
6256,42497
6256,42498
6256,42499
6256,42500
6256,42501
6256,42502
6256,42503
6256,42507
6256,42508
6256,42509
6256,42510
6256,42511
6256,42512
6256,42513
6256,42514
6256,42515
6256,42516
6256,42517
6256,42518
6256,42519
6256,42520
6256,42521
6256,42522
6256,42523
6256,42524
6256,42525
6256,42526
6256,42527
6256,42528
6256,42529
6256,42530
6256,42531
6256,42532
6256,42533
6256,42534
6256,42535
6256,42536
6256,42537
6256,42538
6256,42539
6256,42540
6256,42541
6256,42542
6256,42543
6256,42544
6256,42545
6256,42546
6256,42547
6256,42548
6256,42549
6256,42550
6256,42551
6256,42552
6256,42553
6256,42554
6256,42555
6256,42556
6256,42557
6256,42558
6257,42356
6257,42357
6257,42358
6257,42359
6257,42360
6257,42361
6257,42362
6257,42363
6257,42364
6257,42365
6257,42366
6257,42367
6257,42368
6257,42369
6257,42370
6257,42371
6257,42372
6257,42373
6257,42374
6257,42375
6257,42376
6257,42377
6257,42378
6257,42379
6257,42380
6257,42381
6257,42382
6257,42383
6257,42384
6257,42385
6257,42386
6257,42387
6257,42388
6257,42389
6257,42390
6257,42391
6257,42392
6257,42393
6257,42394
6257,42395
6257,42396
6257,42397
6257,42398
6257,42399
6257,42400
6257,42401
6257,42402
6257,42403
6257,42404
6257,42405
6257,42406
6257,42407
6257,42408
6257,42409
6257,42410
6257,42411
6257,42412
6257,42413
6257,42414
6257,42415
6257,42416
6257,42417
6257,42418
6257,42419
6257,42420
6257,42421
6257,42422
6257,42423
6257,42424
6257,42425
6257,42426
6257,42427
6257,42428
6257,42429
6257,42430
6257,42431
6257,42432
6257,42433
6257,42434
6257,42435
6257,42436
6257,42437
6257,42438
6257,42439
6257,42440
6257,42441
6257,42442
6257,42443
6257,42444
6257,42445
6257,42446
6257,42447
6257,42448
6257,42449
6257,42450
6257,42451
6257,42452
6257,42453
6257,42454
6257,42455
6257,42456
6257,42457
6257,42458
6257,42459
6257,42460
6257,42461
6257,42462
6257,42463
6257,42464
6257,42465
6257,42466
6257,42467
6257,42468
6257,42469
6257,42470
6257,42471
6257,42472
6257,42473
6257,42474
6257,42475
6257,42476
6257,42477
6257,42478
6257,42479
6257,42480
6257,42481
6257,42482
6257,42483
6257,42484
6257,42485
6257,42486
6257,42487
6257,42488
6257,42489
6257,42490
6257,42491
6257,42492
6257,42493
6257,42494
6257,42495
6257,42496
6257,42497
6257,42498
6257,42499
6257,42500
6257,42501
6257,42502
6257,42503
6257,42504
6257,42505
6257,42506
6257,42507
6257,42508
6257,42509
6257,42510
6257,42511
6257,42512
6257,42513
6257,42514
6257,42515
6257,42516
6257,42517
6257,42518
6257,42519
6257,42520
6257,42521
6257,42522
6257,42523
6257,42524
6257,42525
6257,42526
6257,42527
6257,42528
6257,42529
6257,42530
6257,42531
6257,42532
6257,42533
6257,42534
6257,42535
6257,42536
6257,42537
6257,42538
6257,42539
6257,42540
6257,42541
6257,42542
6257,42543
6257,42544
6257,42545
6257,42546
6257,42547
6257,42548
6257,42549
6257,42550
6257,42551
6257,42552
6257,42553
6257,42554
6257,42555
6257,42556
6257,42557
6257,42558
6257,42559
6258,42356
6258,42357
6258,42358
6258,42359
6258,42360
6258,42361
6258,42362
6258,42363
6258,42364
6258,42365
6258,42366
6258,42367
6258,42368
6258,42369
6258,42370
6258,42371
6258,42372
6258,42373
6258,42374
6258,42375
6258,42376
6258,42377
6258,42378
6258,42379
6258,42380
6258,42381
6258,42382
6258,42383
6258,42384
6258,42385
6258,42386
6258,42387
6258,42388
6258,42389
6258,42390
6258,42391
6258,42392
6258,42393
6258,42394
6258,42395
6258,42396
6258,42397
6258,42398
6258,42399
6258,42400
6258,42401
6258,42402
6258,42403
6258,42404
6258,42405
6258,42406
6258,42407
6258,42408
6258,42409
6258,42410
6258,42411
6258,42412
6258,42413
6258,42414
6258,42415
6258,42416
6258,42417
6258,42418
6258,42419
6258,42420
6258,42421
6258,42422
6258,42423
6258,42424
6258,42425
6258,42426
6258,42427
6258,42428
6258,42429
6258,42430
6258,42431
6258,42432
6258,42433
6258,42434
6258,42435
6258,42436
6258,42437
6258,42438
6258,42439
6258,42440
6258,42441
6258,42442
6258,42443
6258,42444
6258,42445
6258,42446
6258,42447
6258,42448
6258,42449
6258,42450
6258,42451
6258,42452
6258,42453
6258,42454
6258,42455
6258,42456
6258,42457
6258,42458
6258,42459
6258,42460
6258,42461
6258,42462
6258,42463
6258,42464
6258,42465
6258,42466
6258,42467
6258,42468
6258,42469
6258,42470
6258,42471
6258,42472
6258,42473
6258,42474
6258,42475
6258,42476
6258,42477
6258,42478
6258,42479
6258,42480
6258,42481
6258,42482
6258,42483
6258,42484
6258,42485
6258,42486
6258,42487
6258,42488
6258,42489
6258,42490
6258,42491
6258,42492
6258,42493
6258,42494
6258,42495
6258,42496
6258,42497
6258,42498
6258,42499
6258,42500
6258,42501
6258,42502
6258,42503
6258,42504
6258,42505
6258,42506
6258,42507
6258,42508
6258,42509
6258,42510
6258,42511
6258,42512
6258,42513
6258,42514
6258,42515
6258,42516
6258,42517
6258,42518
6258,42519
6258,42520
6258,42521
6258,42522
6258,42523
6258,42524
6258,42525
6258,42526
6258,42527
6258,42528
6258,42529
6258,42530
6258,42531
6258,42532
6258,42533
6258,42534
6258,42535
6258,42536
6258,42537
6258,42538
6258,42539
6258,42540
6258,42541
6258,42542
6258,42543
6258,42544
6258,42545
6258,42546
6258,42547
6258,42548
6258,42549
6258,42550
6258,42551
6258,42552
6258,42553
6258,42554
6258,42555
6258,42556
6258,42557
6258,42558
6258,42559
6258,42560
6259,42356
6259,42357
6259,42358
6259,42359
6259,42360
6259,42361
6259,42362
6259,42363
6259,42364
6259,42365
6259,42366
6259,42367
6259,42368
6259,42369
6259,42370
6259,42371
6259,42372
6259,42373
6259,42374
6259,42375
6259,42376
6259,42377
6259,42378
6259,42379
6259,42380
6259,42381
6259,42382
6259,42383
6259,42384
6259,42385
6259,42386
6259,42387
6259,42388
6259,42389
6259,42390
6259,42391
6259,42392
6259,42393
6259,42394
6259,42395
6259,42396
6259,42397
6259,42398
6259,42399
6259,42400
6259,42401
6259,42402
6259,42403
6259,42404
6259,42405
6259,42406
6259,42407
6259,42408
6259,42409
6259,42410
6259,42411
6259,42412
6259,42413
6259,42414
6259,42415
6259,42416
6259,42417
6259,42418
6259,42419
6259,42420
6259,42421
6259,42422
6259,42423
6259,42424
6259,42425
6259,42426
6259,42427
6259,42428
6259,42429
6259,42430
6259,42431
6259,42432
6259,42433
6259,42434
6259,42435
6259,42436
6259,42437
6259,42438
6259,42439
6259,42440
6259,42441
6259,42442
6259,42443
6259,42444
6259,42445
6259,42446
6259,42447
6259,42448
6259,42449
6259,42450
6259,42451
6259,42452
6259,42453
6259,42454
6259,42455
6259,42456
6259,42457
6259,42458
6259,42459
6259,42460
6259,42461
6259,42462
6259,42463
6259,42464
6259,42465
6259,42466
6259,42467
6259,42468
6259,42469
6259,42470
6259,42471
6259,42472
6259,42473
6259,42474
6259,42475
6259,42476
6259,42477
6259,42478
6259,42479
6259,42480
6259,42481
6259,42482
6259,42483
6259,42484
6259,42485
6259,42486
6259,42487
6259,42488
6259,42489
6259,42490
6259,42491
6259,42492
6259,42493
6259,42494
6259,42495
6259,42496
6259,42497
6259,42498
6259,42499
6259,42500
6259,42501
6259,42502
6259,42503
6259,42504
6259,42505
6259,42506
6259,42507
6259,42508
6259,42509
6259,42510
6259,42511
6259,42512
6259,42513
6259,42514
6259,42515
6259,42516
6259,42517
6259,42518
6259,42519
6259,42520
6259,42521
6259,42522
6259,42523
6259,42524
6259,42525
6259,42526
6259,42527
6259,42528
6259,42529
6259,42530
6259,42531
6259,42532
6259,42533
6259,42534
6259,42535
6259,42536
6259,42537
6259,42538
6259,42539
6259,42540
6259,42541
6259,42542
6259,42543
6259,42544
6259,42545
6259,42546
6259,42547
6259,42548
6259,42549
6259,42550
6259,42551
6259,42552
6259,42553
6259,42554
6259,42555
6259,42556
6259,42557
6259,42558
6259,42559
6259,42560
6259,42561
6260,42356
6260,42357
6260,42358
6260,42359
6260,42360
6260,42361
6260,42362
6260,42363
6260,42364
6260,42365
6260,42366
6260,42367
6260,42368
6260,42369
6260,42370
6260,42371
6260,42372
6260,42373
6260,42374
6260,42375
6260,42376
6260,42377
6260,42378
6260,42379
6260,42380
6260,42381
6260,42382
6260,42383
6260,42384
6260,42385
6260,42386
6260,42387
6260,42388
6260,42389
6260,42390
6260,42391
6260,42392
6260,42393
6260,42394
6260,42395
6260,42396
6260,42397
6260,42398
6260,42399
6260,42400
6260,42401
6260,42402
6260,42403
6260,42404
6260,42405
6260,42406
6260,42407
6260,42408
6260,42409
6260,42410
6260,42411
6260,42412
6260,42413
6260,42414
6260,42415
6260,42416
6260,42417
6260,42418
6260,42419
6260,42420
6260,42421
6260,42422
6260,42423
6260,42424
6260,42425
6260,42426
6260,42427
6260,42428
6260,42429
6260,42430
6260,42431
6260,42432
6260,42433
6260,42434
6260,42435
6260,42436
6260,42437
6260,42438
6260,42439
6260,42440
6260,42441
6260,42442
6260,42443
6260,42444
6260,42445
6260,42446
6260,42447
6260,42448
6260,42449
6260,42450
6260,42451
6260,42452
6260,42453
6260,42454
6260,42455
6260,42456
6260,42457
6260,42458
6260,42459
6260,42460
6260,42461
6260,42462
6260,42463
6260,42464
6260,42465
6260,42466
6260,42467
6260,42468
6260,42469
6260,42470
6260,42471
6260,42472
6260,42473
6260,42474
6260,42475
6260,42476
6260,42477
6260,42478
6260,42479
6260,42480
6260,42481
6260,42482
6260,42483
6260,42484
6260,42485
6260,42486
6260,42487
6260,42488
6260,42489
6260,42490
6260,42491
6260,42492
6260,42493
6260,42494
6260,42495
6260,42496
6260,42497
6260,42498
6260,42499
6260,42500
6260,42501
6260,42502
6260,42503
6260,42504
6260,42505
6260,42506
6260,42507
6260,42508
6260,42509
6260,42510
6260,42511
6260,42512
6260,42513
6260,42514
6260,42515
6260,42516
6260,42517
6260,42518
6260,42519
6260,42520
6260,42521
6260,42522
6260,42523
6260,42524
6260,42525
6260,42526
6260,42527
6260,42528
6260,42529
6260,42530
6260,42531
6260,42532
6260,42533
6260,42534
6260,42535
6260,42536
6260,42537
6260,42538
6260,42539
6260,42540
6260,42541
6260,42542
6260,42543
6260,42544
6260,42545
6260,42546
6260,42547
6260,42548
6260,42549
6260,42550
6260,42551
6260,42552
6260,42553
6260,42554
6260,42555
6260,42556
6260,42557
6260,42558
6260,42559
6260,42560
6260,42561
6261,42357
6261,42358
6261,42359
6261,42360
6261,42361
6261,42362
6261,42363
6261,42364
6261,42365
6261,42366
6261,42367
6261,42368
6261,42369
6261,42370
6261,42371
6261,42372
6261,42373
6261,42374
6261,42375
6261,42376
6261,42377
6261,42378
6261,42379
6261,42380
6261,42381
6261,42382
6261,42383
6261,42384
6261,42385
6261,42386
6261,42387
6261,42388
6261,42389
6261,42390
6261,42391
6261,42392
6261,42393
6261,42394
6261,42395
6261,42396
6261,42397
6261,42398
6261,42399
6261,42400
6261,42401
6261,42402
6261,42403
6261,42404
6261,42405
6261,42406
6261,42407
6261,42408
6261,42409
6261,42410
6261,42411
6261,42412
6261,42413
6261,42414
6261,42415
6261,42416
6261,42417
6261,42418
6261,42419
6261,42420
6261,42421
6261,42422
6261,42423
6261,42424
6261,42425
6261,42426
6261,42427
6261,42428
6261,42429
6261,42430
6261,42431
6261,42432
6261,42433
6261,42434
6261,42435
6261,42436
6261,42437
6261,42438
6261,42439
6261,42440
6261,42441
6261,42442
6261,42443
6261,42444
6261,42445
6261,42446
6261,42447
6261,42448
6261,42449
6261,42450
6261,42451
6261,42452
6261,42453
6261,42454
6261,42455
6261,42456
6261,42457
6261,42458
6261,42459
6261,42460
6261,42461
6261,42462
6261,42463
6261,42464
6261,42465
6261,42466
6261,42467
6261,42468
6261,42469
6261,42470
6261,42471
6261,42472
6261,42473
6261,42474
6261,42475
6261,42476
6261,42477
6261,42478
6261,42479
6261,42480
6261,42481
6261,42482
6261,42483
6261,42484
6261,42485
6261,42486
6261,42487
6261,42488
6261,42489
6261,42490
6261,42491
6261,42492
6261,42493
6261,42494
6261,42495
6261,42496
6261,42497
6261,42498
6261,42499
6261,42500
6261,42501
6261,42502
6261,42503
6261,42504
6261,42505
6261,42506
6261,42507
6261,42508
6261,42509
6261,42510
6261,42511
6261,42512
6261,42513
6261,42514
6261,42515
6261,42516
6261,42517
6261,42518
6261,42519
6261,42520
6261,42521
6261,42522
6261,42523
6261,42524
6261,42525
6261,42526
6261,42527
6261,42528
6261,42529
6261,42530
6261,42531
6261,42532
6261,42533
6261,42534
6261,42535
6261,42536
6261,42537
6261,42538
6261,42539
6261,42540
6261,42541
6261,42542
6261,42543
6261,42544
6261,42545
6261,42546
6261,42547
6261,42548
6261,42549
6261,42550
6261,42551
6261,42552
6261,42553
6261,42554
6261,42555
6261,42556
6261,42557
6261,42558
6261,42559
6261,42560
6261,42561
6261,42570
6262,42357
6262,42358
6262,42359
6262,42360
6262,42361
6262,42362
6262,42363
6262,42364
6262,42365
6262,42366
6262,42367
6262,42368
6262,42369
6262,42370
6262,42371
6262,42372
6262,42373
6262,42374
6262,42375
6262,42376
6262,42377
6262,42378
6262,42379
6262,42380
6262,42381
6262,42382
6262,42383
6262,42384
6262,42385
6262,42386
6262,42387
6262,42388
6262,42389
6262,42390
6262,42391
6262,42392
6262,42393
6262,42394
6262,42395
6262,42396
6262,42397
6262,42398
6262,42399
6262,42400
6262,42401
6262,42402
6262,42403
6262,42404
6262,42405
6262,42406
6262,42407
6262,42408
6262,42409
6262,42410
6262,42411
6262,42412
6262,42413
6262,42414
6262,42415
6262,42416
6262,42417
6262,42418
6262,42419
6262,42420
6262,42421
6262,42422
6262,42423
6262,42424
6262,42425
6262,42426
6262,42427
6262,42428
6262,42429
6262,42430
6262,42431
6262,42432
6262,42433
6262,42434
6262,42435
6262,42436
6262,42437
6262,42438
6262,42439
6262,42440
6262,42441
6262,42442
6262,42443
6262,42444
6262,42445
6262,42446
6262,42447
6262,42448
6262,42449
6262,42450
6262,42451
6262,42452
6262,42453
6262,42454
6262,42455
6262,42456
6262,42457
6262,42458
6262,42459
6262,42460
6262,42461
6262,42462
6262,42463
6262,42464
6262,42465
6262,42466
6262,42467
6262,42468
6262,42469
6262,42470
6262,42471
6262,42472
6262,42473
6262,42474
6262,42475
6262,42476
6262,42477
6262,42478
6262,42479
6262,42480
6262,42481
6262,42482
6262,42483
6262,42484
6262,42485
6262,42486
6262,42487
6262,42488
6262,42489
6262,42490
6262,42491
6262,42492
6262,42493
6262,42494
6262,42495
6262,42496
6262,42497
6262,42498
6262,42499
6262,42500
6262,42501
6262,42502
6262,42503
6262,42504
6262,42505
6262,42506
6262,42507
6262,42508
6262,42509
6262,42510
6262,42511
6262,42512
6262,42513
6262,42514
6262,42515
6262,42516
6262,42517
6262,42518
6262,42519
6262,42520
6262,42521
6262,42522
6262,42523
6262,42524
6262,42525
6262,42526
6262,42527
6262,42528
6262,42529
6262,42530
6262,42531
6262,42532
6262,42533
6262,42534
6262,42535
6262,42536
6262,42537
6262,42538
6262,42539
6262,42540
6262,42541
6262,42542
6262,42543
6262,42544
6262,42545
6262,42546
6262,42547
6262,42548
6262,42549
6262,42550
6262,42551
6262,42552
6262,42553
6262,42554
6262,42555
6262,42556
6262,42557
6262,42558
6262,42559
6262,42560
6262,42561
6262,42562
6262,42568
6262,42569
6262,42570
6262,42571
6262,42572
6263,42357
6263,42358
6263,42359
6263,42360
6263,42361
6263,42362
6263,42363
6263,42364
6263,42365
6263,42366
6263,42367
6263,42368
6263,42369
6263,42370
6263,42371
6263,42372
6263,42373
6263,42374
6263,42375
6263,42376
6263,42377
6263,42378
6263,42379
6263,42380
6263,42381
6263,42382
6263,42383
6263,42384
6263,42385
6263,42386
6263,42387
6263,42388
6263,42389
6263,42390
6263,42391
6263,42392
6263,42393
6263,42394
6263,42395
6263,42396
6263,42397
6263,42398
6263,42399
6263,42400
6263,42401
6263,42402
6263,42403
6263,42404
6263,42405
6263,42406
6263,42407
6263,42408
6263,42409
6263,42410
6263,42411
6263,42412
6263,42413
6263,42414
6263,42415
6263,42416
6263,42417
6263,42418
6263,42419
6263,42420
6263,42421
6263,42422
6263,42423
6263,42424
6263,42425
6263,42426
6263,42427
6263,42428
6263,42429
6263,42430
6263,42431
6263,42432
6263,42433
6263,42434
6263,42435
6263,42436
6263,42437
6263,42438
6263,42439
6263,42440
6263,42441
6263,42442
6263,42443
6263,42444
6263,42445
6263,42446
6263,42447
6263,42448
6263,42449
6263,42450
6263,42451
6263,42452
6263,42453
6263,42454
6263,42455
6263,42456
6263,42457
6263,42458
6263,42459
6263,42460
6263,42461
6263,42462
6263,42463
6263,42464
6263,42465
6263,42466
6263,42467
6263,42468
6263,42469
6263,42470
6263,42471
6263,42472
6263,42473
6263,42474
6263,42475
6263,42476
6263,42477
6263,42478
6263,42479
6263,42480
6263,42481
6263,42482
6263,42483
6263,42484
6263,42485
6263,42486
6263,42487
6263,42488
6263,42489
6263,42490
6263,42491
6263,42492
6263,42493
6263,42494
6263,42495
6263,42496
6263,42497
6263,42498
6263,42499
6263,42500
6263,42501
6263,42502
6263,42503
6263,42504
6263,42505
6263,42506
6263,42507
6263,42508
6263,42509
6263,42510
6263,42511
6263,42512
6263,42513
6263,42514
6263,42515
6263,42516
6263,42517
6263,42518
6263,42519
6263,42520
6263,42521
6263,42522
6263,42523
6263,42524
6263,42525
6263,42526
6263,42527
6263,42528
6263,42529
6263,42530
6263,42531
6263,42532
6263,42533
6263,42534
6263,42535
6263,42536
6263,42537
6263,42538
6263,42539
6263,42540
6263,42541
6263,42542
6263,42543
6263,42544
6263,42545
6263,42546
6263,42547
6263,42548
6263,42549
6263,42550
6263,42551
6263,42552
6263,42553
6263,42554
6263,42555
6263,42556
6263,42557
6263,42558
6263,42559
6263,42560
6263,42561
6263,42562
6263,42567
6263,42568
6263,42569
6263,42570
6263,42571
6263,42572
6263,42573
6264,42346
6264,42357
6264,42358
6264,42359
6264,42360
6264,42361
6264,42362
6264,42363
6264,42364
6264,42365
6264,42366
6264,42367
6264,42368
6264,42369
6264,42370
6264,42371
6264,42372
6264,42373
6264,42374
6264,42375
6264,42376
6264,42377
6264,42378
6264,42379
6264,42380
6264,42381
6264,42382
6264,42383
6264,42384
6264,42385
6264,42386
6264,42387
6264,42388
6264,42389
6264,42390
6264,42391
6264,42392
6264,42393
6264,42394
6264,42395
6264,42396
6264,42397
6264,42398
6264,42399
6264,42400
6264,42401
6264,42402
6264,42403
6264,42404
6264,42405
6264,42406
6264,42407
6264,42408
6264,42409
6264,42410
6264,42411
6264,42412
6264,42413
6264,42414
6264,42415
6264,42416
6264,42417
6264,42418
6264,42419
6264,42420
6264,42421
6264,42422
6264,42423
6264,42424
6264,42425
6264,42426
6264,42427
6264,42428
6264,42429
6264,42430
6264,42431
6264,42432
6264,42433
6264,42434
6264,42435
6264,42436
6264,42437
6264,42438
6264,42439
6264,42440
6264,42441
6264,42442
6264,42443
6264,42444
6264,42445
6264,42446
6264,42447
6264,42448
6264,42449
6264,42450
6264,42451
6264,42452
6264,42453
6264,42454
6264,42455
6264,42456
6264,42457
6264,42458
6264,42459
6264,42460
6264,42461
6264,42462
6264,42463
6264,42464
6264,42465
6264,42466
6264,42467
6264,42468
6264,42469
6264,42470
6264,42471
6264,42472
6264,42473
6264,42474
6264,42475
6264,42476
6264,42477
6264,42478
6264,42479
6264,42480
6264,42481
6264,42482
6264,42483
6264,42484
6264,42485
6264,42486
6264,42487
6264,42488
6264,42489
6264,42490
6264,42491
6264,42492
6264,42493
6264,42494
6264,42495
6264,42496
6264,42497
6264,42498
6264,42499
6264,42500
6264,42501
6264,42502
6264,42503
6264,42504
6264,42505
6264,42506
6264,42507
6264,42508
6264,42509
6264,42510
6264,42511
6264,42512
6264,42513
6264,42514
6264,42515
6264,42516
6264,42517
6264,42518
6264,42519
6264,42520
6264,42521
6264,42522
6264,42523
6264,42524
6264,42525
6264,42526
6264,42527
6264,42528
6264,42529
6264,42530
6264,42531
6264,42532
6264,42533
6264,42534
6264,42535
6264,42536
6264,42537
6264,42538
6264,42539
6264,42540
6264,42541
6264,42542
6264,42543
6264,42544
6264,42545
6264,42546
6264,42547
6264,42548
6264,42549
6264,42550
6264,42551
6264,42552
6264,42553
6264,42554
6264,42555
6264,42556
6264,42557
6264,42558
6264,42559
6264,42560
6264,42561
6264,42562
6264,42566
6264,42567
6264,42568
6264,42569
6264,42570
6264,42571
6264,42572
6264,42573
6264,42574
6265,42344
6265,42345
6265,42346
6265,42347
6265,42348
6265,42349
6265,42356
6265,42357
6265,42358
6265,42359
6265,42360
6265,42361
6265,42362
6265,42363
6265,42364
6265,42365
6265,42366
6265,42367
6265,42368
6265,42369
6265,42370
6265,42371
6265,42372
6265,42373
6265,42374
6265,42375
6265,42376
6265,42377
6265,42378
6265,42379
6265,42380
6265,42381
6265,42382
6265,42383
6265,42384
6265,42385
6265,42386
6265,42387
6265,42388
6265,42389
6265,42390
6265,42391
6265,42392
6265,42393
6265,42394
6265,42395
6265,42396
6265,42397
6265,42398
6265,42399
6265,42400
6265,42401
6265,42402
6265,42403
6265,42404
6265,42405
6265,42406
6265,42407
6265,42408
6265,42409
6265,42410
6265,42411
6265,42412
6265,42413
6265,42414
6265,42415
6265,42416
6265,42417
6265,42418
6265,42419
6265,42420
6265,42421
6265,42422
6265,42423
6265,42424
6265,42425
6265,42426
6265,42427
6265,42428
6265,42429
6265,42430
6265,42431
6265,42432
6265,42433
6265,42434
6265,42435
6265,42436
6265,42437
6265,42438
6265,42439
6265,42440
6265,42441
6265,42442
6265,42443
6265,42444
6265,42445
6265,42446
6265,42447
6265,42448
6265,42449
6265,42450
6265,42451
6265,42452
6265,42453
6265,42454
6265,42455
6265,42456
6265,42457
6265,42458
6265,42459
6265,42460
6265,42461
6265,42462
6265,42463
6265,42464
6265,42465
6265,42466
6265,42467
6265,42468
6265,42469
6265,42470
6265,42471
6265,42472
6265,42473
6265,42474
6265,42475
6265,42476
6265,42477
6265,42478
6265,42479
6265,42480
6265,42481
6265,42482
6265,42483
6265,42484
6265,42485
6265,42486
6265,42487
6265,42488
6265,42489
6265,42490
6265,42491
6265,42492
6265,42493
6265,42494
6265,42495
6265,42496
6265,42497
6265,42498
6265,42499
6265,42500
6265,42501
6265,42502
6265,42503
6265,42504
6265,42505
6265,42506
6265,42507
6265,42508
6265,42509
6265,42510
6265,42511
6265,42512
6265,42513
6265,42514
6265,42515
6265,42516
6265,42517
6265,42518
6265,42519
6265,42520
6265,42521
6265,42522
6265,42523
6265,42524
6265,42525
6265,42526
6265,42527
6265,42528
6265,42529
6265,42530
6265,42531
6265,42532
6265,42533
6265,42534
6265,42535
6265,42536
6265,42537
6265,42538
6265,42539
6265,42540
6265,42541
6265,42542
6265,42543
6265,42544
6265,42545
6265,42546
6265,42547
6265,42548
6265,42549
6265,42550
6265,42551
6265,42552
6265,42553
6265,42554
6265,42555
6265,42556
6265,42557
6265,42558
6265,42559
6265,42560
6265,42561
6265,42562
6265,42565
6265,42566
6265,42567
6265,42568
6265,42569
6265,42570
6265,42571
6265,42572
6265,42573
6265,42574
6266,42343
6266,42344
6266,42345
6266,42346
6266,42347
6266,42348
6266,42349
6266,42350
6266,42351
6266,42356
6266,42357
6266,42358
6266,42359
6266,42360
6266,42361
6266,42362
6266,42363
6266,42364
6266,42365
6266,42366
6266,42367
6266,42368
6266,42369
6266,42370
6266,42371
6266,42372
6266,42373
6266,42374
6266,42375
6266,42376
6266,42377
6266,42378
6266,42379
6266,42380
6266,42381
6266,42382
6266,42383
6266,42384
6266,42385
6266,42386
6266,42387
6266,42388
6266,42389
6266,42390
6266,42391
6266,42392
6266,42393
6266,42394
6266,42395
6266,42396
6266,42397
6266,42398
6266,42399
6266,42400
6266,42401
6266,42402
6266,42403
6266,42404
6266,42405
6266,42406
6266,42407
6266,42408
6266,42409
6266,42410
6266,42411
6266,42412
6266,42413
6266,42414
6266,42415
6266,42416
6266,42417
6266,42418
6266,42419
6266,42420
6266,42421
6266,42422
6266,42423
6266,42424
6266,42425
6266,42426
6266,42427
6266,42428
6266,42429
6266,42430
6266,42431
6266,42432
6266,42433
6266,42434
6266,42435
6266,42436
6266,42437
6266,42438
6266,42439
6266,42440
6266,42441
6266,42442
6266,42443
6266,42444
6266,42445
6266,42446
6266,42447
6266,42448
6266,42449
6266,42450
6266,42451
6266,42452
6266,42453
6266,42454
6266,42455
6266,42456
6266,42457
6266,42458
6266,42459
6266,42460
6266,42461
6266,42462
6266,42463
6266,42464
6266,42465
6266,42466
6266,42467
6266,42468
6266,42469
6266,42470
6266,42471
6266,42472
6266,42473
6266,42474
6266,42475
6266,42476
6266,42477
6266,42478
6266,42479
6266,42480
6266,42481
6266,42482
6266,42483
6266,42484
6266,42485
6266,42486
6266,42487
6266,42488
6266,42489
6266,42490
6266,42491
6266,42492
6266,42493
6266,42494
6266,42495
6266,42496
6266,42497
6266,42498
6266,42499
6266,42500
6266,42501
6266,42502
6266,42503
6266,42504
6266,42505
6266,42506
6266,42507
6266,42508
6266,42509
6266,42510
6266,42511
6266,42512
6266,42513
6266,42514
6266,42515
6266,42516
6266,42517
6266,42518
6266,42519
6266,42520
6266,42521
6266,42522
6266,42523
6266,42524
6266,42525
6266,42526
6266,42527
6266,42528
6266,42529
6266,42530
6266,42531
6266,42532
6266,42533
6266,42534
6266,42535
6266,42536
6266,42537
6266,42538
6266,42539
6266,42540
6266,42541
6266,42542
6266,42543
6266,42544
6266,42545
6266,42546
6266,42547
6266,42548
6266,42549
6266,42550
6266,42551
6266,42552
6266,42553
6266,42554
6266,42555
6266,42556
6266,42557
6266,42558
6266,42559
6266,42560
6266,42561
6266,42562
6266,42563
6266,42564
6266,42565
6266,42566
6266,42567
6266,42568
6266,42569
6266,42570
6266,42571
6266,42572
6266,42573
6266,42574
6266,42575
6267,42342
6267,42343
6267,42344
6267,42345
6267,42346
6267,42347
6267,42348
6267,42349
6267,42350
6267,42351
6267,42352
6267,42356
6267,42357
6267,42358
6267,42359
6267,42360
6267,42361
6267,42362
6267,42363
6267,42364
6267,42365
6267,42366
6267,42367
6267,42368
6267,42369
6267,42370
6267,42371
6267,42372
6267,42373
6267,42374
6267,42375
6267,42376
6267,42377
6267,42378
6267,42379
6267,42380
6267,42381
6267,42382
6267,42383
6267,42384
6267,42385
6267,42386
6267,42387
6267,42388
6267,42389
6267,42390
6267,42391
6267,42392
6267,42393
6267,42394
6267,42395
6267,42396
6267,42397
6267,42398
6267,42399
6267,42400
6267,42401
6267,42402
6267,42403
6267,42404
6267,42405
6267,42406
6267,42407
6267,42408
6267,42409
6267,42410
6267,42411
6267,42412
6267,42413
6267,42414
6267,42415
6267,42416
6267,42417
6267,42418
6267,42419
6267,42420
6267,42421
6267,42422
6267,42423
6267,42424
6267,42425
6267,42426
6267,42427
6267,42428
6267,42429
6267,42430
6267,42431
6267,42432
6267,42433
6267,42434
6267,42435
6267,42436
6267,42437
6267,42438
6267,42439
6267,42440
6267,42441
6267,42442
6267,42443
6267,42444
6267,42445
6267,42446
6267,42447
6267,42448
6267,42449
6267,42450
6267,42451
6267,42452
6267,42453
6267,42454
6267,42455
6267,42456
6267,42457
6267,42458
6267,42459
6267,42460
6267,42461
6267,42462
6267,42463
6267,42464
6267,42465
6267,42466
6267,42467
6267,42468
6267,42469
6267,42470
6267,42471
6267,42472
6267,42473
6267,42474
6267,42475
6267,42476
6267,42477
6267,42478
6267,42479
6267,42480
6267,42481
6267,42482
6267,42483
6267,42484
6267,42485
6267,42486
6267,42487
6267,42488
6267,42489
6267,42490
6267,42491
6267,42492
6267,42493
6267,42494
6267,42495
6267,42496
6267,42497
6267,42498
6267,42499
6267,42500
6267,42501
6267,42502
6267,42503
6267,42504
6267,42505
6267,42506
6267,42507
6267,42508
6267,42509
6267,42510
6267,42511
6267,42512
6267,42513
6267,42514
6267,42515
6267,42516
6267,42517
6267,42518
6267,42519
6267,42520
6267,42521
6267,42522
6267,42523
6267,42524
6267,42525
6267,42526
6267,42527
6267,42528
6267,42529
6267,42530
6267,42531
6267,42532
6267,42533
6267,42534
6267,42535
6267,42536
6267,42537
6267,42538
6267,42539
6267,42540
6267,42541
6267,42542
6267,42543
6267,42544
6267,42545
6267,42546
6267,42547
6267,42548
6267,42549
6267,42550
6267,42551
6267,42552
6267,42553
6267,42554
6267,42555
6267,42556
6267,42557
6267,42558
6267,42559
6267,42560
6267,42561
6267,42562
6267,42563
6267,42564
6267,42565
6267,42566
6267,42567
6267,42568
6267,42569
6267,42570
6267,42571
6267,42572
6267,42573
6267,42574
6267,42575
6268,42341
6268,42342
6268,42343
6268,42344
6268,42345
6268,42346
6268,42347
6268,42348
6268,42349
6268,42350
6268,42351
6268,42352
6268,42353
6268,42354
6268,42355
6268,42356
6268,42357
6268,42358
6268,42359
6268,42360
6268,42361
6268,42362
6268,42363
6268,42364
6268,42365
6268,42366
6268,42367
6268,42368
6268,42369
6268,42370
6268,42371
6268,42372
6268,42373
6268,42374
6268,42375
6268,42376
6268,42377
6268,42378
6268,42379
6268,42380
6268,42381
6268,42382
6268,42383
6268,42384
6268,42385
6268,42386
6268,42387
6268,42388
6268,42389
6268,42390
6268,42391
6268,42392
6268,42393
6268,42394
6268,42395
6268,42396
6268,42397
6268,42398
6268,42399
6268,42400
6268,42401
6268,42402
6268,42403
6268,42404
6268,42405
6268,42406
6268,42407
6268,42408
6268,42409
6268,42410
6268,42411
6268,42412
6268,42413
6268,42414
6268,42415
6268,42416
6268,42417
6268,42418
6268,42419
6268,42420
6268,42421
6268,42422
6268,42423
6268,42424
6268,42425
6268,42426
6268,42427
6268,42428
6268,42429
6268,42430
6268,42431
6268,42432
6268,42433
6268,42434
6268,42435
6268,42436
6268,42437
6268,42438
6268,42439
6268,42440
6268,42441
6268,42442
6268,42443
6268,42444
6268,42445
6268,42446
6268,42447
6268,42448
6268,42449
6268,42450
6268,42451
6268,42452
6268,42453
6268,42454
6268,42455
6268,42456
6268,42457
6268,42458
6268,42459
6268,42460
6268,42461
6268,42462
6268,42463
6268,42464
6268,42465
6268,42466
6268,42467
6268,42468
6268,42469
6268,42470
6268,42471
6268,42472
6268,42473
6268,42474
6268,42475
6268,42476
6268,42477
6268,42478
6268,42479
6268,42480
6268,42481
6268,42482
6268,42483
6268,42484
6268,42485
6268,42486
6268,42487
6268,42488
6268,42489
6268,42490
6268,42491
6268,42492
6268,42493
6268,42494
6268,42495
6268,42496
6268,42497
6268,42498
6268,42499
6268,42500
6268,42501
6268,42502
6268,42503
6268,42504
6268,42505
6268,42506
6268,42507
6268,42508
6268,42509
6268,42510
6268,42511
6268,42512
6268,42513
6268,42514
6268,42515
6268,42516
6268,42517
6268,42518
6268,42519
6268,42520
6268,42521
6268,42522
6268,42523
6268,42524
6268,42525
6268,42526
6268,42527
6268,42528
6268,42529
6268,42530
6268,42531
6268,42532
6268,42533
6268,42534
6268,42535
6268,42536
6268,42537
6268,42538
6268,42539
6268,42540
6268,42541
6268,42542
6268,42543
6268,42544
6268,42545
6268,42546
6268,42547
6268,42548
6268,42549
6268,42550
6268,42551
6268,42552
6268,42553
6268,42554
6268,42555
6268,42556
6268,42557
6268,42558
6268,42559
6268,42560
6268,42561
6268,42562
6268,42563
6268,42564
6268,42565
6268,42566
6268,42567
6268,42568
6268,42569
6268,42570
6268,42571
6268,42572
6268,42573
6268,42574
6269,42341
6269,42342
6269,42343
6269,42344
6269,42345
6269,42346
6269,42347
6269,42348
6269,42349
6269,42350
6269,42351
6269,42352
6269,42353
6269,42354
6269,42355
6269,42356
6269,42357
6269,42358
6269,42359
6269,42360
6269,42361
6269,42362
6269,42363
6269,42364
6269,42365
6269,42366
6269,42367
6269,42368
6269,42369
6269,42370
6269,42371
6269,42372
6269,42373
6269,42374
6269,42375
6269,42376
6269,42377
6269,42378
6269,42379
6269,42380
6269,42381
6269,42382
6269,42383
6269,42384
6269,42385
6269,42386
6269,42387
6269,42388
6269,42389
6269,42390
6269,42391
6269,42392
6269,42393
6269,42394
6269,42395
6269,42396
6269,42397
6269,42398
6269,42399
6269,42400
6269,42401
6269,42402
6269,42403
6269,42404
6269,42405
6269,42406
6269,42407
6269,42408
6269,42409
6269,42410
6269,42411
6269,42412
6269,42413
6269,42414
6269,42415
6269,42416
6269,42417
6269,42418
6269,42419
6269,42420
6269,42421
6269,42422
6269,42423
6269,42424
6269,42425
6269,42426
6269,42427
6269,42428
6269,42429
6269,42430
6269,42431
6269,42432
6269,42433
6269,42434
6269,42435
6269,42436
6269,42437
6269,42438
6269,42439
6269,42440
6269,42441
6269,42442
6269,42443
6269,42444
6269,42445
6269,42446
6269,42447
6269,42448
6269,42449
6269,42450
6269,42451
6269,42452
6269,42453
6269,42454
6269,42455
6269,42456
6269,42457
6269,42458
6269,42459
6269,42460
6269,42461
6269,42462
6269,42463
6269,42464
6269,42465
6269,42466
6269,42467
6269,42468
6269,42469
6269,42470
6269,42471
6269,42472
6269,42473
6269,42474
6269,42475
6269,42476
6269,42477
6269,42478
6269,42479
6269,42480
6269,42481
6269,42482
6269,42483
6269,42484
6269,42485
6269,42486
6269,42487
6269,42488
6269,42489
6269,42490
6269,42491
6269,42492
6269,42493
6269,42494
6269,42495
6269,42496
6269,42497
6269,42498
6269,42499
6269,42500
6269,42501
6269,42502
6269,42503
6269,42504
6269,42505
6269,42506
6269,42507
6269,42508
6269,42509
6269,42510
6269,42511
6269,42512
6269,42513
6269,42514
6269,42515
6269,42516
6269,42517
6269,42518
6269,42519
6269,42520
6269,42521
6269,42522
6269,42523
6269,42524
6269,42525
6269,42526
6269,42527
6269,42528
6269,42529
6269,42530
6269,42531
6269,42532
6269,42533
6269,42534
6269,42535
6269,42536
6269,42537
6269,42538
6269,42539
6269,42540
6269,42541
6269,42542
6269,42543
6269,42544
6269,42545
6269,42546
6269,42547
6269,42548
6269,42549
6269,42550
6269,42551
6269,42552
6269,42553
6269,42554
6269,42555
6269,42556
6269,42557
6269,42558
6269,42559
6269,42560
6269,42561
6269,42562
6269,42563
6269,42564
6269,42565
6269,42566
6269,42567
6269,42568
6269,42569
6269,42570
6269,42571
6269,42572
6269,42573
6269,42574
6270,42341
6270,42342
6270,42343
6270,42344
6270,42345
6270,42346
6270,42347
6270,42348
6270,42349
6270,42350
6270,42351
6270,42352
6270,42353
6270,42354
6270,42355
6270,42356
6270,42357
6270,42358
6270,42359
6270,42360
6270,42361
6270,42362
6270,42363
6270,42364
6270,42365
6270,42366
6270,42367
6270,42368
6270,42369
6270,42370
6270,42371
6270,42372
6270,42373
6270,42374
6270,42375
6270,42376
6270,42377
6270,42378
6270,42379
6270,42380
6270,42381
6270,42382
6270,42383
6270,42384
6270,42385
6270,42386
6270,42387
6270,42388
6270,42389
6270,42390
6270,42391
6270,42392
6270,42393
6270,42394
6270,42395
6270,42396
6270,42397
6270,42398
6270,42399
6270,42400
6270,42401
6270,42402
6270,42403
6270,42404
6270,42405
6270,42406
6270,42407
6270,42408
6270,42409
6270,42410
6270,42411
6270,42412
6270,42413
6270,42414
6270,42415
6270,42416
6270,42417
6270,42418
6270,42419
6270,42420
6270,42421
6270,42422
6270,42423
6270,42424
6270,42425
6270,42426
6270,42427
6270,42428
6270,42429
6270,42430
6270,42431
6270,42432
6270,42433
6270,42434
6270,42435
6270,42436
6270,42437
6270,42438
6270,42439
6270,42440
6270,42441
6270,42442
6270,42443
6270,42444
6270,42445
6270,42446
6270,42447
6270,42448
6270,42449
6270,42450
6270,42451
6270,42452
6270,42453
6270,42454
6270,42455
6270,42456
6270,42457
6270,42458
6270,42459
6270,42460
6270,42461
6270,42462
6270,42463
6270,42464
6270,42465
6270,42466
6270,42467
6270,42468
6270,42469
6270,42470
6270,42471
6270,42472
6270,42473
6270,42474
6270,42475
6270,42476
6270,42477
6270,42478
6270,42479
6270,42480
6270,42481
6270,42482
6270,42483
6270,42484
6270,42485
6270,42486
6270,42487
6270,42488
6270,42489
6270,42490
6270,42491
6270,42492
6270,42493
6270,42494
6270,42495
6270,42496
6270,42497
6270,42498
6270,42499
6270,42500
6270,42501
6270,42502
6270,42503
6270,42504
6270,42505
6270,42506
6270,42507
6270,42508
6270,42509
6270,42510
6270,42511
6270,42512
6270,42513
6270,42514
6270,42515
6270,42516
6270,42517
6270,42518
6270,42519
6270,42520
6270,42521
6270,42522
6270,42523
6270,42524
6270,42525
6270,42526
6270,42527
6270,42528
6270,42529
6270,42530
6270,42531
6270,42532
6270,42533
6270,42534
6270,42535
6270,42536
6270,42537
6270,42538
6270,42539
6270,42540
6270,42541
6270,42542
6270,42543
6270,42544
6270,42545
6270,42546
6270,42547
6270,42548
6270,42549
6270,42550
6270,42551
6270,42552
6270,42553
6270,42554
6270,42555
6270,42556
6270,42557
6270,42558
6270,42559
6270,42560
6270,42561
6270,42562
6270,42563
6270,42564
6270,42565
6270,42566
6270,42567
6270,42568
6270,42569
6270,42570
6270,42571
6270,42572
6270,42573
6270,42574
6271,42340
6271,42341
6271,42342
6271,42343
6271,42344
6271,42345
6271,42346
6271,42347
6271,42348
6271,42349
6271,42350
6271,42351
6271,42352
6271,42353
6271,42354
6271,42355
6271,42356
6271,42357
6271,42358
6271,42359
6271,42360
6271,42361
6271,42362
6271,42363
6271,42364
6271,42365
6271,42366
6271,42367
6271,42368
6271,42369
6271,42370
6271,42371
6271,42372
6271,42373
6271,42374
6271,42375
6271,42376
6271,42377
6271,42378
6271,42379
6271,42380
6271,42381
6271,42382
6271,42383
6271,42384
6271,42385
6271,42386
6271,42387
6271,42388
6271,42389
6271,42390
6271,42391
6271,42392
6271,42393
6271,42394
6271,42395
6271,42396
6271,42397
6271,42398
6271,42399
6271,42400
6271,42401
6271,42402
6271,42403
6271,42404
6271,42405
6271,42406
6271,42407
6271,42408
6271,42409
6271,42410
6271,42411
6271,42412
6271,42413
6271,42414
6271,42415
6271,42416
6271,42417
6271,42418
6271,42419
6271,42420
6271,42421
6271,42422
6271,42423
6271,42424
6271,42425
6271,42426
6271,42427
6271,42428
6271,42429
6271,42430
6271,42431
6271,42432
6271,42433
6271,42434
6271,42435
6271,42436
6271,42437
6271,42438
6271,42439
6271,42440
6271,42441
6271,42442
6271,42443
6271,42444
6271,42445
6271,42446
6271,42447
6271,42448
6271,42449
6271,42450
6271,42451
6271,42452
6271,42453
6271,42454
6271,42455
6271,42456
6271,42457
6271,42458
6271,42459
6271,42460
6271,42461
6271,42462
6271,42463
6271,42464
6271,42465
6271,42466
6271,42467
6271,42468
6271,42469
6271,42470
6271,42471
6271,42472
6271,42473
6271,42474
6271,42475
6271,42476
6271,42477
6271,42478
6271,42479
6271,42480
6271,42481
6271,42482
6271,42483
6271,42484
6271,42485
6271,42486
6271,42487
6271,42488
6271,42489
6271,42490
6271,42491
6271,42492
6271,42493
6271,42494
6271,42495
6271,42496
6271,42497
6271,42498
6271,42499
6271,42500
6271,42501
6271,42502
6271,42503
6271,42504
6271,42505
6271,42506
6271,42507
6271,42508
6271,42509
6271,42510
6271,42511
6271,42512
6271,42513
6271,42514
6271,42515
6271,42516
6271,42517
6271,42518
6271,42519
6271,42520
6271,42521
6271,42522
6271,42523
6271,42524
6271,42525
6271,42526
6271,42527
6271,42528
6271,42529
6271,42530
6271,42531
6271,42532
6271,42533
6271,42534
6271,42535
6271,42536
6271,42537
6271,42538
6271,42539
6271,42540
6271,42541
6271,42542
6271,42543
6271,42544
6271,42545
6271,42546
6271,42547
6271,42548
6271,42549
6271,42550
6271,42551
6271,42552
6271,42553
6271,42554
6271,42555
6271,42556
6271,42557
6271,42558
6271,42559
6271,42560
6271,42561
6271,42562
6271,42563
6271,42564
6271,42565
6271,42566
6271,42567
6271,42568
6271,42569
6271,42570
6271,42571
6271,42572
6271,42573
6271,42574
6271,42575
6272,42340
6272,42341
6272,42342
6272,42343
6272,42344
6272,42345
6272,42346
6272,42347
6272,42348
6272,42349
6272,42350
6272,42351
6272,42352
6272,42353
6272,42354
6272,42355
6272,42356
6272,42357
6272,42358
6272,42359
6272,42360
6272,42361
6272,42362
6272,42363
6272,42364
6272,42365
6272,42366
6272,42367
6272,42368
6272,42369
6272,42370
6272,42371
6272,42372
6272,42373
6272,42374
6272,42375
6272,42376
6272,42377
6272,42378
6272,42379
6272,42380
6272,42381
6272,42382
6272,42383
6272,42384
6272,42385
6272,42386
6272,42387
6272,42388
6272,42389
6272,42390
6272,42391
6272,42392
6272,42393
6272,42394
6272,42395
6272,42396
6272,42397
6272,42398
6272,42399
6272,42400
6272,42401
6272,42402
6272,42403
6272,42404
6272,42405
6272,42406
6272,42407
6272,42408
6272,42409
6272,42410
6272,42411
6272,42412
6272,42413
6272,42414
6272,42415
6272,42416
6272,42417
6272,42418
6272,42419
6272,42420
6272,42421
6272,42422
6272,42423
6272,42424
6272,42425
6272,42426
6272,42427
6272,42428
6272,42429
6272,42430
6272,42431
6272,42432
6272,42433
6272,42434
6272,42435
6272,42436
6272,42437
6272,42438
6272,42439
6272,42440
6272,42441
6272,42442
6272,42443
6272,42444
6272,42445
6272,42446
6272,42447
6272,42448
6272,42449
6272,42450
6272,42451
6272,42452
6272,42453
6272,42454
6272,42455
6272,42456
6272,42457
6272,42458
6272,42459
6272,42460
6272,42461
6272,42462
6272,42463
6272,42464
6272,42465
6272,42466
6272,42467
6272,42468
6272,42469
6272,42470
6272,42471
6272,42472
6272,42473
6272,42474
6272,42475
6272,42476
6272,42477
6272,42478
6272,42479
6272,42480
6272,42481
6272,42482
6272,42483
6272,42484
6272,42485
6272,42486
6272,42487
6272,42488
6272,42489
6272,42490
6272,42491
6272,42492
6272,42493
6272,42494
6272,42495
6272,42496
6272,42497
6272,42498
6272,42499
6272,42500
6272,42501
6272,42502
6272,42503
6272,42504
6272,42505
6272,42506
6272,42507
6272,42508
6272,42509
6272,42510
6272,42511
6272,42512
6272,42513
6272,42514
6272,42515
6272,42516
6272,42517
6272,42518
6272,42519
6272,42520
6272,42521
6272,42522
6272,42523
6272,42524
6272,42525
6272,42526
6272,42527
6272,42528
6272,42529
6272,42530
6272,42531
6272,42532
6272,42533
6272,42534
6272,42535
6272,42536
6272,42537
6272,42538
6272,42539
6272,42540
6272,42541
6272,42542
6272,42543
6272,42544
6272,42545
6272,42546
6272,42547
6272,42548
6272,42549
6272,42550
6272,42551
6272,42552
6272,42553
6272,42554
6272,42555
6272,42556
6272,42557
6272,42558
6272,42559
6272,42560
6272,42561
6272,42562
6272,42563
6272,42564
6272,42565
6272,42566
6272,42567
6272,42568
6272,42569
6272,42570
6272,42571
6272,42572
6272,42573
6272,42574
6273,42340
6273,42341
6273,42342
6273,42343
6273,42344
6273,42345
6273,42346
6273,42347
6273,42348
6273,42349
6273,42350
6273,42351
6273,42352
6273,42353
6273,42354
6273,42355
6273,42356
6273,42357
6273,42358
6273,42359
6273,42360
6273,42361
6273,42362
6273,42363
6273,42364
6273,42365
6273,42366
6273,42367
6273,42368
6273,42369
6273,42370
6273,42371
6273,42372
6273,42373
6273,42374
6273,42375
6273,42376
6273,42377
6273,42378
6273,42379
6273,42380
6273,42381
6273,42382
6273,42383
6273,42384
6273,42385
6273,42386
6273,42387
6273,42388
6273,42389
6273,42390
6273,42391
6273,42392
6273,42393
6273,42394
6273,42395
6273,42396
6273,42397
6273,42398
6273,42399
6273,42400
6273,42401
6273,42402
6273,42403
6273,42404
6273,42405
6273,42406
6273,42407
6273,42408
6273,42409
6273,42410
6273,42411
6273,42412
6273,42413
6273,42414
6273,42415
6273,42416
6273,42417
6273,42418
6273,42419
6273,42420
6273,42421
6273,42422
6273,42423
6273,42424
6273,42425
6273,42426
6273,42427
6273,42428
6273,42429
6273,42430
6273,42431
6273,42432
6273,42433
6273,42434
6273,42435
6273,42436
6273,42437
6273,42438
6273,42439
6273,42440
6273,42441
6273,42442
6273,42443
6273,42444
6273,42445
6273,42446
6273,42447
6273,42448
6273,42449
6273,42450
6273,42451
6273,42452
6273,42453
6273,42454
6273,42455
6273,42456
6273,42457
6273,42458
6273,42459
6273,42460
6273,42461
6273,42462
6273,42463
6273,42464
6273,42465
6273,42466
6273,42467
6273,42468
6273,42469
6273,42470
6273,42471
6273,42472
6273,42473
6273,42474
6273,42475
6273,42476
6273,42477
6273,42478
6273,42479
6273,42480
6273,42481
6273,42482
6273,42483
6273,42484
6273,42485
6273,42486
6273,42487
6273,42488
6273,42489
6273,42490
6273,42491
6273,42492
6273,42493
6273,42494
6273,42495
6273,42496
6273,42497
6273,42498
6273,42499
6273,42500
6273,42501
6273,42502
6273,42503
6273,42504
6273,42505
6273,42506
6273,42507
6273,42508
6273,42509
6273,42510
6273,42511
6273,42512
6273,42513
6273,42514
6273,42515
6273,42516
6273,42517
6273,42518
6273,42519
6273,42520
6273,42521
6273,42522
6273,42523
6273,42524
6273,42525
6273,42526
6273,42527
6273,42528
6273,42529
6273,42530
6273,42531
6273,42532
6273,42533
6273,42534
6273,42535
6273,42536
6273,42537
6273,42538
6273,42539
6273,42540
6273,42541
6273,42542
6273,42543
6273,42544
6273,42545
6273,42546
6273,42547
6273,42548
6273,42549
6273,42550
6273,42551
6273,42552
6273,42553
6273,42554
6273,42555
6273,42556
6273,42557
6273,42558
6273,42559
6273,42560
6273,42561
6273,42562
6273,42563
6273,42564
6273,42565
6273,42566
6273,42567
6273,42568
6273,42569
6273,42570
6273,42571
6273,42572
6273,42573
6273,42574
6273,42575
6274,42341
6274,42342
6274,42343
6274,42344
6274,42345
6274,42346
6274,42347
6274,42348
6274,42349
6274,42350
6274,42351
6274,42352
6274,42353
6274,42354
6274,42355
6274,42356
6274,42357
6274,42358
6274,42359
6274,42360
6274,42361
6274,42362
6274,42363
6274,42364
6274,42365
6274,42366
6274,42367
6274,42368
6274,42369
6274,42370
6274,42371
6274,42372
6274,42373
6274,42374
6274,42375
6274,42376
6274,42377
6274,42378
6274,42379
6274,42380
6274,42381
6274,42382
6274,42383
6274,42384
6274,42385
6274,42386
6274,42387
6274,42388
6274,42389
6274,42390
6274,42391
6274,42392
6274,42393
6274,42394
6274,42395
6274,42396
6274,42397
6274,42398
6274,42399
6274,42400
6274,42401
6274,42402
6274,42403
6274,42404
6274,42405
6274,42406
6274,42407
6274,42408
6274,42409
6274,42410
6274,42411
6274,42412
6274,42413
6274,42414
6274,42415
6274,42416
6274,42417
6274,42418
6274,42419
6274,42420
6274,42421
6274,42422
6274,42423
6274,42424
6274,42425
6274,42426
6274,42427
6274,42428
6274,42429
6274,42430
6274,42431
6274,42432
6274,42433
6274,42434
6274,42435
6274,42436
6274,42437
6274,42438
6274,42439
6274,42440
6274,42441
6274,42442
6274,42443
6274,42444
6274,42445
6274,42446
6274,42447
6274,42448
6274,42449
6274,42450
6274,42451
6274,42452
6274,42453
6274,42454
6274,42455
6274,42456
6274,42457
6274,42458
6274,42459
6274,42460
6274,42461
6274,42462
6274,42463
6274,42464
6274,42465
6274,42466
6274,42467
6274,42468
6274,42469
6274,42470
6274,42471
6274,42472
6274,42473
6274,42474
6274,42475
6274,42476
6274,42477
6274,42478
6274,42479
6274,42480
6274,42481
6274,42482
6274,42483
6274,42484
6274,42485
6274,42486
6274,42487
6274,42488
6274,42489
6274,42490
6274,42491
6274,42492
6274,42493
6274,42494
6274,42495
6274,42496
6274,42497
6274,42498
6274,42499
6274,42500
6274,42501
6274,42502
6274,42503
6274,42504
6274,42505
6274,42506
6274,42507
6274,42508
6274,42509
6274,42510
6274,42511
6274,42512
6274,42513
6274,42514
6274,42515
6274,42516
6274,42517
6274,42518
6274,42519
6274,42520
6274,42521
6274,42522
6274,42523
6274,42524
6274,42525
6274,42526
6274,42527
6274,42528
6274,42529
6274,42530
6274,42531
6274,42532
6274,42533
6274,42534
6274,42535
6274,42536
6274,42537
6274,42538
6274,42539
6274,42540
6274,42541
6274,42542
6274,42543
6274,42544
6274,42545
6274,42546
6274,42547
6274,42548
6274,42549
6274,42550
6274,42551
6274,42552
6274,42553
6274,42554
6274,42555
6274,42556
6274,42557
6274,42558
6274,42559
6274,42560
6274,42561
6274,42562
6274,42563
6274,42564
6274,42565
6274,42566
6274,42567
6274,42568
6274,42569
6274,42570
6274,42571
6274,42572
6274,42573
6274,42574
6275,42341
6275,42342
6275,42343
6275,42344
6275,42345
6275,42346
6275,42347
6275,42348
6275,42349
6275,42350
6275,42351
6275,42352
6275,42353
6275,42354
6275,42355
6275,42356
6275,42357
6275,42358
6275,42359
6275,42360
6275,42361
6275,42362
6275,42363
6275,42364
6275,42365
6275,42366
6275,42367
6275,42368
6275,42369
6275,42370
6275,42371
6275,42372
6275,42373
6275,42374
6275,42375
6275,42376
6275,42377
6275,42378
6275,42379
6275,42380
6275,42381
6275,42382
6275,42383
6275,42384
6275,42385
6275,42386
6275,42387
6275,42388
6275,42389
6275,42390
6275,42391
6275,42392
6275,42393
6275,42394
6275,42395
6275,42396
6275,42397
6275,42398
6275,42399
6275,42400
6275,42401
6275,42402
6275,42403
6275,42404
6275,42405
6275,42406
6275,42407
6275,42408
6275,42409
6275,42410
6275,42411
6275,42412
6275,42413
6275,42414
6275,42415
6275,42416
6275,42417
6275,42418
6275,42419
6275,42420
6275,42421
6275,42422
6275,42423
6275,42424
6275,42425
6275,42426
6275,42427
6275,42428
6275,42429
6275,42430
6275,42431
6275,42432
6275,42433
6275,42434
6275,42435
6275,42436
6275,42437
6275,42438
6275,42439
6275,42440
6275,42441
6275,42442
6275,42443
6275,42444
6275,42445
6275,42446
6275,42447
6275,42448
6275,42449
6275,42450
6275,42451
6275,42452
6275,42453
6275,42454
6275,42455
6275,42456
6275,42457
6275,42458
6275,42459
6275,42460
6275,42461
6275,42462
6275,42463
6275,42464
6275,42465
6275,42466
6275,42467
6275,42468
6275,42469
6275,42470
6275,42471
6275,42472
6275,42473
6275,42474
6275,42475
6275,42476
6275,42477
6275,42478
6275,42479
6275,42480
6275,42481
6275,42482
6275,42483
6275,42484
6275,42485
6275,42486
6275,42487
6275,42488
6275,42489
6275,42490
6275,42491
6275,42492
6275,42493
6275,42494
6275,42495
6275,42496
6275,42497
6275,42498
6275,42499
6275,42500
6275,42501
6275,42502
6275,42503
6275,42504
6275,42505
6275,42506
6275,42507
6275,42508
6275,42509
6275,42510
6275,42511
6275,42512
6275,42513
6275,42514
6275,42515
6275,42516
6275,42517
6275,42518
6275,42519
6275,42520
6275,42521
6275,42522
6275,42523
6275,42524
6275,42525
6275,42526
6275,42527
6275,42528
6275,42529
6275,42530
6275,42531
6275,42532
6275,42533
6275,42534
6275,42535
6275,42536
6275,42537
6275,42538
6275,42539
6275,42540
6275,42541
6275,42542
6275,42543
6275,42544
6275,42545
6275,42546
6275,42547
6275,42548
6275,42549
6275,42550
6275,42551
6275,42552
6275,42553
6275,42554
6275,42555
6275,42556
6275,42557
6275,42558
6275,42559
6275,42560
6275,42561
6275,42562
6275,42563
6275,42564
6275,42565
6275,42566
6275,42567
6275,42568
6275,42569
6275,42570
6275,42571
6275,42572
6275,42573
6275,42574
6276,42341
6276,42342
6276,42343
6276,42344
6276,42345
6276,42346
6276,42347
6276,42348
6276,42349
6276,42350
6276,42351
6276,42352
6276,42353
6276,42354
6276,42355
6276,42356
6276,42357
6276,42358
6276,42359
6276,42360
6276,42361
6276,42362
6276,42363
6276,42364
6276,42365
6276,42366
6276,42367
6276,42368
6276,42369
6276,42370
6276,42371
6276,42372
6276,42373
6276,42374
6276,42375
6276,42376
6276,42377
6276,42378
6276,42379
6276,42380
6276,42381
6276,42382
6276,42383
6276,42384
6276,42385
6276,42386
6276,42387
6276,42388
6276,42389
6276,42390
6276,42391
6276,42392
6276,42393
6276,42394
6276,42395
6276,42396
6276,42397
6276,42398
6276,42399
6276,42400
6276,42401
6276,42402
6276,42403
6276,42404
6276,42405
6276,42406
6276,42407
6276,42408
6276,42409
6276,42410
6276,42411
6276,42412
6276,42413
6276,42414
6276,42415
6276,42416
6276,42417
6276,42418
6276,42419
6276,42420
6276,42421
6276,42422
6276,42423
6276,42424
6276,42425
6276,42426
6276,42427
6276,42428
6276,42429
6276,42430
6276,42431
6276,42432
6276,42433
6276,42434
6276,42435
6276,42436
6276,42437
6276,42438
6276,42439
6276,42440
6276,42441
6276,42442
6276,42443
6276,42444
6276,42445
6276,42446
6276,42447
6276,42448
6276,42449
6276,42450
6276,42451
6276,42452
6276,42453
6276,42454
6276,42455
6276,42456
6276,42457
6276,42458
6276,42459
6276,42460
6276,42461
6276,42462
6276,42463
6276,42464
6276,42465
6276,42466
6276,42467
6276,42468
6276,42469
6276,42470
6276,42471
6276,42472
6276,42473
6276,42474
6276,42475
6276,42476
6276,42477
6276,42478
6276,42479
6276,42480
6276,42481
6276,42482
6276,42483
6276,42484
6276,42485
6276,42486
6276,42487
6276,42488
6276,42489
6276,42490
6276,42491
6276,42492
6276,42493
6276,42494
6276,42495
6276,42496
6276,42497
6276,42498
6276,42499
6276,42500
6276,42501
6276,42502
6276,42503
6276,42504
6276,42505
6276,42506
6276,42507
6276,42508
6276,42509
6276,42510
6276,42511
6276,42512
6276,42513
6276,42514
6276,42515
6276,42516
6276,42517
6276,42518
6276,42519
6276,42520
6276,42521
6276,42522
6276,42523
6276,42524
6276,42525
6276,42526
6276,42527
6276,42528
6276,42529
6276,42530
6276,42531
6276,42532
6276,42533
6276,42534
6276,42535
6276,42536
6276,42537
6276,42538
6276,42539
6276,42540
6276,42541
6276,42542
6276,42543
6276,42544
6276,42545
6276,42546
6276,42547
6276,42548
6276,42549
6276,42550
6276,42551
6276,42552
6276,42553
6276,42554
6276,42555
6276,42556
6276,42557
6276,42558
6276,42559
6276,42560
6276,42561
6276,42562
6276,42563
6276,42564
6276,42565
6276,42566
6276,42567
6276,42568
6276,42569
6276,42570
6276,42571
6276,42572
6276,42573
6276,42574
6276,42575
6277,42342
6277,42343
6277,42344
6277,42345
6277,42346
6277,42347
6277,42348
6277,42349
6277,42350
6277,42351
6277,42352
6277,42353
6277,42354
6277,42355
6277,42356
6277,42357
6277,42358
6277,42359
6277,42360
6277,42361
6277,42362
6277,42363
6277,42364
6277,42365
6277,42366
6277,42367
6277,42368
6277,42369
6277,42370
6277,42371
6277,42372
6277,42373
6277,42374
6277,42375
6277,42376
6277,42377
6277,42378
6277,42379
6277,42380
6277,42381
6277,42382
6277,42383
6277,42384
6277,42385
6277,42386
6277,42387
6277,42388
6277,42389
6277,42390
6277,42391
6277,42392
6277,42393
6277,42394
6277,42395
6277,42396
6277,42397
6277,42398
6277,42399
6277,42400
6277,42401
6277,42402
6277,42403
6277,42404
6277,42405
6277,42406
6277,42407
6277,42408
6277,42409
6277,42410
6277,42411
6277,42412
6277,42413
6277,42414
6277,42415
6277,42416
6277,42417
6277,42418
6277,42419
6277,42420
6277,42421
6277,42422
6277,42423
6277,42424
6277,42425
6277,42426
6277,42427
6277,42428
6277,42429
6277,42430
6277,42431
6277,42432
6277,42433
6277,42434
6277,42435
6277,42436
6277,42437
6277,42438
6277,42439
6277,42440
6277,42441
6277,42442
6277,42443
6277,42444
6277,42445
6277,42446
6277,42447
6277,42448
6277,42449
6277,42450
6277,42451
6277,42452
6277,42453
6277,42454
6277,42455
6277,42456
6277,42457
6277,42458
6277,42459
6277,42460
6277,42461
6277,42462
6277,42463
6277,42464
6277,42465
6277,42466
6277,42467
6277,42468
6277,42469
6277,42470
6277,42471
6277,42472
6277,42473
6277,42474
6277,42475
6277,42476
6277,42477
6277,42478
6277,42479
6277,42480
6277,42481
6277,42482
6277,42483
6277,42484
6277,42485
6277,42486
6277,42487
6277,42488
6277,42489
6277,42490
6277,42491
6277,42492
6277,42493
6277,42494
6277,42495
6277,42496
6277,42497
6277,42498
6277,42499
6277,42500
6277,42501
6277,42502
6277,42503
6277,42504
6277,42505
6277,42506
6277,42507
6277,42508
6277,42509
6277,42510
6277,42511
6277,42512
6277,42513
6277,42514
6277,42515
6277,42516
6277,42517
6277,42518
6277,42519
6277,42520
6277,42521
6277,42522
6277,42523
6277,42524
6277,42525
6277,42526
6277,42527
6277,42528
6277,42529
6277,42530
6277,42531
6277,42532
6277,42533
6277,42534
6277,42535
6277,42536
6277,42537
6277,42538
6277,42539
6277,42540
6277,42541
6277,42542
6277,42543
6277,42544
6277,42545
6277,42546
6277,42547
6277,42548
6277,42549
6277,42550
6277,42551
6277,42552
6277,42553
6277,42554
6277,42555
6277,42556
6277,42557
6277,42558
6277,42559
6277,42560
6277,42561
6277,42562
6277,42563
6277,42564
6277,42565
6277,42566
6277,42567
6277,42568
6277,42569
6277,42570
6277,42571
6277,42572
6277,42573
6277,42574
6278,42343
6278,42344
6278,42345
6278,42346
6278,42347
6278,42348
6278,42349
6278,42350
6278,42351
6278,42352
6278,42353
6278,42354
6278,42355
6278,42356
6278,42357
6278,42358
6278,42359
6278,42360
6278,42361
6278,42362
6278,42363
6278,42364
6278,42365
6278,42366
6278,42367
6278,42368
6278,42369
6278,42370
6278,42371
6278,42372
6278,42373
6278,42374
6278,42375
6278,42376
6278,42377
6278,42378
6278,42379
6278,42380
6278,42381
6278,42382
6278,42383
6278,42384
6278,42385
6278,42386
6278,42387
6278,42388
6278,42389
6278,42390
6278,42391
6278,42392
6278,42393
6278,42394
6278,42395
6278,42396
6278,42397
6278,42398
6278,42399
6278,42400
6278,42401
6278,42402
6278,42403
6278,42404
6278,42405
6278,42406
6278,42407
6278,42408
6278,42409
6278,42410
6278,42411
6278,42412
6278,42413
6278,42414
6278,42415
6278,42416
6278,42417
6278,42418
6278,42419
6278,42420
6278,42421
6278,42422
6278,42423
6278,42424
6278,42425
6278,42426
6278,42427
6278,42428
6278,42429
6278,42430
6278,42431
6278,42432
6278,42433
6278,42434
6278,42435
6278,42436
6278,42437
6278,42438
6278,42439
6278,42440
6278,42441
6278,42442
6278,42443
6278,42444
6278,42445
6278,42446
6278,42447
6278,42448
6278,42449
6278,42450
6278,42451
6278,42452
6278,42453
6278,42454
6278,42455
6278,42456
6278,42457
6278,42458
6278,42459
6278,42460
6278,42461
6278,42462
6278,42463
6278,42464
6278,42465
6278,42466
6278,42467
6278,42468
6278,42469
6278,42470
6278,42471
6278,42472
6278,42473
6278,42474
6278,42475
6278,42476
6278,42477
6278,42478
6278,42479
6278,42480
6278,42481
6278,42482
6278,42483
6278,42484
6278,42485
6278,42486
6278,42487
6278,42488
6278,42489
6278,42490
6278,42491
6278,42492
6278,42493
6278,42494
6278,42495
6278,42496
6278,42497
6278,42498
6278,42499
6278,42500
6278,42501
6278,42502
6278,42503
6278,42504
6278,42505
6278,42506
6278,42507
6278,42508
6278,42509
6278,42510
6278,42511
6278,42512
6278,42513
6278,42514
6278,42515
6278,42516
6278,42517
6278,42518
6278,42519
6278,42520
6278,42521
6278,42522
6278,42523
6278,42524
6278,42525
6278,42526
6278,42527
6278,42528
6278,42529
6278,42530
6278,42531
6278,42532
6278,42533
6278,42534
6278,42535
6278,42536
6278,42537
6278,42538
6278,42539
6278,42540
6278,42541
6278,42542
6278,42543
6278,42544
6278,42545
6278,42546
6278,42547
6278,42548
6278,42549
6278,42550
6278,42551
6278,42552
6278,42553
6278,42554
6278,42555
6278,42556
6278,42557
6278,42558
6278,42559
6278,42560
6278,42561
6278,42562
6278,42563
6278,42564
6278,42565
6278,42566
6278,42567
6278,42568
6278,42569
6278,42570
6278,42571
6278,42572
6278,42573
6278,42574
6278,42575
6279,42346
6279,42347
6279,42348
6279,42349
6279,42350
6279,42351
6279,42352
6279,42353
6279,42354
6279,42355
6279,42356
6279,42357
6279,42358
6279,42359
6279,42360
6279,42361
6279,42362
6279,42363
6279,42364
6279,42365
6279,42366
6279,42367
6279,42368
6279,42369
6279,42370
6279,42371
6279,42372
6279,42373
6279,42374
6279,42375
6279,42376
6279,42377
6279,42378
6279,42379
6279,42380
6279,42381
6279,42382
6279,42383
6279,42384
6279,42385
6279,42386
6279,42387
6279,42388
6279,42389
6279,42390
6279,42391
6279,42392
6279,42393
6279,42394
6279,42395
6279,42396
6279,42397
6279,42398
6279,42399
6279,42400
6279,42401
6279,42402
6279,42403
6279,42404
6279,42405
6279,42406
6279,42407
6279,42408
6279,42409
6279,42410
6279,42411
6279,42412
6279,42413
6279,42414
6279,42415
6279,42416
6279,42417
6279,42418
6279,42419
6279,42420
6279,42421
6279,42422
6279,42423
6279,42424
6279,42425
6279,42426
6279,42427
6279,42428
6279,42429
6279,42430
6279,42431
6279,42432
6279,42433
6279,42434
6279,42435
6279,42436
6279,42437
6279,42438
6279,42439
6279,42440
6279,42441
6279,42442
6279,42443
6279,42444
6279,42445
6279,42446
6279,42447
6279,42448
6279,42449
6279,42450
6279,42451
6279,42452
6279,42453
6279,42454
6279,42455
6279,42456
6279,42457
6279,42458
6279,42459
6279,42460
6279,42461
6279,42462
6279,42463
6279,42464
6279,42465
6279,42466
6279,42467
6279,42468
6279,42469
6279,42470
6279,42471
6279,42472
6279,42473
6279,42474
6279,42475
6279,42476
6279,42477
6279,42478
6279,42479
6279,42480
6279,42481
6279,42482
6279,42483
6279,42484
6279,42485
6279,42486
6279,42487
6279,42488
6279,42489
6279,42490
6279,42491
6279,42492
6279,42493
6279,42494
6279,42495
6279,42496
6279,42497
6279,42498
6279,42499
6279,42500
6279,42501
6279,42502
6279,42503
6279,42504
6279,42505
6279,42506
6279,42507
6279,42508
6279,42509
6279,42510
6279,42511
6279,42512
6279,42513
6279,42514
6279,42515
6279,42516
6279,42517
6279,42518
6279,42519
6279,42520
6279,42521
6279,42522
6279,42523
6279,42524
6279,42525
6279,42526
6279,42527
6279,42528
6279,42529
6279,42530
6279,42531
6279,42532
6279,42533
6279,42534
6279,42535
6279,42536
6279,42537
6279,42538
6279,42539
6279,42540
6279,42541
6279,42542
6279,42543
6279,42544
6279,42545
6279,42546
6279,42547
6279,42548
6279,42549
6279,42550
6279,42551
6279,42552
6279,42553
6279,42554
6279,42555
6279,42556
6279,42557
6279,42558
6279,42559
6279,42560
6279,42561
6279,42562
6279,42563
6279,42564
6279,42565
6279,42566
6279,42567
6279,42568
6279,42569
6279,42570
6279,42571
6279,42572
6279,42573
6279,42574
6279,42575
6280,42347
6280,42348
6280,42349
6280,42350
6280,42351
6280,42352
6280,42353
6280,42354
6280,42355
6280,42356
6280,42357
6280,42358
6280,42359
6280,42360
6280,42361
6280,42362
6280,42363
6280,42364
6280,42365
6280,42366
6280,42367
6280,42368
6280,42369
6280,42370
6280,42371
6280,42372
6280,42373
6280,42374
6280,42375
6280,42376
6280,42377
6280,42378
6280,42379
6280,42380
6280,42381
6280,42382
6280,42383
6280,42384
6280,42385
6280,42386
6280,42387
6280,42388
6280,42389
6280,42390
6280,42391
6280,42392
6280,42393
6280,42394
6280,42395
6280,42396
6280,42397
6280,42398
6280,42399
6280,42400
6280,42401
6280,42402
6280,42403
6280,42404
6280,42405
6280,42406
6280,42407
6280,42408
6280,42409
6280,42410
6280,42411
6280,42412
6280,42413
6280,42414
6280,42415
6280,42416
6280,42417
6280,42418
6280,42419
6280,42420
6280,42421
6280,42422
6280,42423
6280,42424
6280,42425
6280,42426
6280,42427
6280,42428
6280,42429
6280,42430
6280,42431
6280,42432
6280,42433
6280,42434
6280,42435
6280,42436
6280,42437
6280,42438
6280,42439
6280,42440
6280,42441
6280,42442
6280,42443
6280,42444
6280,42445
6280,42446
6280,42447
6280,42448
6280,42449
6280,42450
6280,42451
6280,42452
6280,42453
6280,42454
6280,42455
6280,42456
6280,42457
6280,42458
6280,42459
6280,42460
6280,42461
6280,42462
6280,42463
6280,42464
6280,42465
6280,42466
6280,42467
6280,42468
6280,42469
6280,42470
6280,42471
6280,42472
6280,42473
6280,42474
6280,42475
6280,42476
6280,42477
6280,42478
6280,42479
6280,42480
6280,42481
6280,42482
6280,42483
6280,42484
6280,42485
6280,42486
6280,42487
6280,42488
6280,42489
6280,42490
6280,42491
6280,42492
6280,42493
6280,42494
6280,42495
6280,42496
6280,42497
6280,42498
6280,42499
6280,42500
6280,42501
6280,42502
6280,42503
6280,42504
6280,42505
6280,42506
6280,42507
6280,42508
6280,42509
6280,42510
6280,42511
6280,42512
6280,42513
6280,42514
6280,42515
6280,42516
6280,42517
6280,42518
6280,42519
6280,42520
6280,42521
6280,42522
6280,42523
6280,42524
6280,42525
6280,42526
6280,42527
6280,42528
6280,42529
6280,42530
6280,42531
6280,42532
6280,42533
6280,42534
6280,42535
6280,42536
6280,42537
6280,42538
6280,42539
6280,42540
6280,42541
6280,42542
6280,42543
6280,42544
6280,42545
6280,42546
6280,42547
6280,42548
6280,42549
6280,42550
6280,42551
6280,42552
6280,42553
6280,42554
6280,42555
6280,42556
6280,42557
6280,42558
6280,42559
6280,42560
6280,42561
6280,42562
6280,42563
6280,42564
6280,42565
6280,42566
6280,42567
6280,42568
6280,42569
6280,42570
6280,42571
6280,42572
6280,42573
6280,42574
6280,42575
6280,42576
6281,42347
6281,42348
6281,42349
6281,42350
6281,42351
6281,42352
6281,42353
6281,42354
6281,42355
6281,42356
6281,42357
6281,42358
6281,42359
6281,42360
6281,42361
6281,42362
6281,42363
6281,42364
6281,42365
6281,42366
6281,42367
6281,42368
6281,42369
6281,42370
6281,42371
6281,42372
6281,42373
6281,42374
6281,42375
6281,42376
6281,42377
6281,42378
6281,42379
6281,42380
6281,42381
6281,42382
6281,42383
6281,42384
6281,42385
6281,42386
6281,42387
6281,42388
6281,42389
6281,42390
6281,42391
6281,42392
6281,42393
6281,42394
6281,42395
6281,42396
6281,42397
6281,42398
6281,42399
6281,42400
6281,42401
6281,42402
6281,42403
6281,42404
6281,42405
6281,42406
6281,42407
6281,42408
6281,42409
6281,42410
6281,42411
6281,42412
6281,42413
6281,42414
6281,42415
6281,42416
6281,42417
6281,42418
6281,42419
6281,42420
6281,42421
6281,42422
6281,42423
6281,42424
6281,42425
6281,42426
6281,42427
6281,42428
6281,42429
6281,42430
6281,42431
6281,42432
6281,42433
6281,42434
6281,42435
6281,42436
6281,42437
6281,42438
6281,42439
6281,42440
6281,42441
6281,42442
6281,42443
6281,42444
6281,42445
6281,42446
6281,42447
6281,42448
6281,42449
6281,42450
6281,42451
6281,42452
6281,42453
6281,42454
6281,42455
6281,42456
6281,42457
6281,42458
6281,42459
6281,42460
6281,42461
6281,42462
6281,42463
6281,42464
6281,42465
6281,42466
6281,42467
6281,42468
6281,42469
6281,42470
6281,42471
6281,42472
6281,42473
6281,42474
6281,42475
6281,42476
6281,42477
6281,42478
6281,42479
6281,42480
6281,42481
6281,42482
6281,42483
6281,42484
6281,42485
6281,42486
6281,42487
6281,42488
6281,42489
6281,42490
6281,42491
6281,42492
6281,42493
6281,42494
6281,42495
6281,42496
6281,42497
6281,42498
6281,42499
6281,42500
6281,42501
6281,42502
6281,42503
6281,42504
6281,42505
6281,42506
6281,42507
6281,42508
6281,42509
6281,42510
6281,42511
6281,42512
6281,42513
6281,42514
6281,42515
6281,42516
6281,42517
6281,42518
6281,42519
6281,42520
6281,42521
6281,42522
6281,42523
6281,42524
6281,42525
6281,42526
6281,42527
6281,42528
6281,42529
6281,42530
6281,42531
6281,42532
6281,42533
6281,42534
6281,42535
6281,42536
6281,42537
6281,42538
6281,42539
6281,42540
6281,42541
6281,42542
6281,42543
6281,42544
6281,42545
6281,42546
6281,42547
6281,42548
6281,42549
6281,42550
6281,42551
6281,42552
6281,42553
6281,42554
6281,42555
6281,42556
6281,42557
6281,42558
6281,42559
6281,42560
6281,42561
6281,42562
6281,42563
6281,42564
6281,42565
6281,42566
6281,42567
6281,42568
6281,42569
6281,42570
6281,42571
6281,42572
6281,42573
6281,42574
6281,42575
6281,42576
6282,42347
6282,42348
6282,42349
6282,42350
6282,42351
6282,42352
6282,42353
6282,42354
6282,42355
6282,42356
6282,42357
6282,42358
6282,42359
6282,42360
6282,42361
6282,42362
6282,42363
6282,42364
6282,42365
6282,42366
6282,42367
6282,42368
6282,42369
6282,42370
6282,42371
6282,42372
6282,42373
6282,42374
6282,42375
6282,42376
6282,42377
6282,42378
6282,42379
6282,42380
6282,42381
6282,42382
6282,42383
6282,42384
6282,42385
6282,42386
6282,42387
6282,42388
6282,42389
6282,42390
6282,42391
6282,42392
6282,42393
6282,42394
6282,42395
6282,42396
6282,42397
6282,42398
6282,42399
6282,42400
6282,42401
6282,42402
6282,42403
6282,42404
6282,42405
6282,42406
6282,42407
6282,42408
6282,42409
6282,42410
6282,42411
6282,42412
6282,42413
6282,42414
6282,42415
6282,42416
6282,42417
6282,42418
6282,42419
6282,42420
6282,42421
6282,42422
6282,42423
6282,42424
6282,42425
6282,42426
6282,42427
6282,42428
6282,42429
6282,42430
6282,42431
6282,42432
6282,42433
6282,42434
6282,42435
6282,42436
6282,42437
6282,42438
6282,42439
6282,42440
6282,42441
6282,42442
6282,42443
6282,42444
6282,42445
6282,42446
6282,42447
6282,42448
6282,42449
6282,42450
6282,42451
6282,42452
6282,42453
6282,42454
6282,42455
6282,42456
6282,42457
6282,42458
6282,42459
6282,42460
6282,42461
6282,42462
6282,42463
6282,42464
6282,42465
6282,42466
6282,42467
6282,42468
6282,42469
6282,42470
6282,42471
6282,42472
6282,42473
6282,42474
6282,42475
6282,42476
6282,42477
6282,42478
6282,42479
6282,42480
6282,42481
6282,42482
6282,42483
6282,42484
6282,42485
6282,42486
6282,42487
6282,42488
6282,42489
6282,42490
6282,42491
6282,42492
6282,42493
6282,42494
6282,42495
6282,42496
6282,42497
6282,42498
6282,42499
6282,42500
6282,42501
6282,42502
6282,42503
6282,42504
6282,42505
6282,42506
6282,42507
6282,42508
6282,42509
6282,42510
6282,42511
6282,42512
6282,42513
6282,42514
6282,42515
6282,42516
6282,42517
6282,42518
6282,42519
6282,42520
6282,42521
6282,42522
6282,42523
6282,42524
6282,42525
6282,42526
6282,42527
6282,42528
6282,42529
6282,42530
6282,42531
6282,42532
6282,42533
6282,42534
6282,42535
6282,42536
6282,42537
6282,42538
6282,42539
6282,42540
6282,42541
6282,42542
6282,42543
6282,42544
6282,42545
6282,42546
6282,42547
6282,42548
6282,42549
6282,42550
6282,42551
6282,42552
6282,42553
6282,42554
6282,42555
6282,42556
6282,42557
6282,42558
6282,42559
6282,42560
6282,42561
6282,42562
6282,42563
6282,42564
6282,42565
6282,42566
6282,42567
6282,42568
6282,42569
6282,42570
6282,42571
6282,42572
6282,42573
6282,42574
6282,42575
6282,42576
6282,42577
6283,42347
6283,42348
6283,42349
6283,42350
6283,42351
6283,42352
6283,42353
6283,42354
6283,42355
6283,42356
6283,42357
6283,42358
6283,42359
6283,42360
6283,42361
6283,42362
6283,42363
6283,42364
6283,42365
6283,42366
6283,42367
6283,42368
6283,42369
6283,42370
6283,42371
6283,42372
6283,42373
6283,42374
6283,42375
6283,42376
6283,42377
6283,42378
6283,42379
6283,42380
6283,42381
6283,42382
6283,42383
6283,42384
6283,42385
6283,42386
6283,42387
6283,42388
6283,42389
6283,42390
6283,42391
6283,42392
6283,42393
6283,42394
6283,42395
6283,42396
6283,42397
6283,42398
6283,42399
6283,42400
6283,42401
6283,42402
6283,42403
6283,42404
6283,42405
6283,42406
6283,42407
6283,42408
6283,42409
6283,42410
6283,42411
6283,42412
6283,42413
6283,42414
6283,42415
6283,42416
6283,42417
6283,42418
6283,42419
6283,42420
6283,42421
6283,42422
6283,42423
6283,42424
6283,42425
6283,42426
6283,42427
6283,42428
6283,42429
6283,42430
6283,42431
6283,42432
6283,42433
6283,42434
6283,42435
6283,42436
6283,42437
6283,42438
6283,42439
6283,42440
6283,42441
6283,42442
6283,42443
6283,42444
6283,42445
6283,42446
6283,42447
6283,42448
6283,42449
6283,42450
6283,42451
6283,42452
6283,42453
6283,42454
6283,42455
6283,42456
6283,42457
6283,42458
6283,42459
6283,42460
6283,42461
6283,42462
6283,42463
6283,42464
6283,42465
6283,42466
6283,42467
6283,42468
6283,42469
6283,42470
6283,42471
6283,42472
6283,42473
6283,42474
6283,42475
6283,42476
6283,42477
6283,42478
6283,42479
6283,42480
6283,42481
6283,42482
6283,42483
6283,42484
6283,42485
6283,42486
6283,42487
6283,42488
6283,42489
6283,42490
6283,42491
6283,42492
6283,42493
6283,42494
6283,42495
6283,42496
6283,42497
6283,42498
6283,42499
6283,42500
6283,42501
6283,42502
6283,42503
6283,42504
6283,42505
6283,42506
6283,42507
6283,42508
6283,42509
6283,42510
6283,42511
6283,42512
6283,42513
6283,42514
6283,42515
6283,42516
6283,42517
6283,42518
6283,42519
6283,42520
6283,42521
6283,42522
6283,42523
6283,42524
6283,42525
6283,42526
6283,42527
6283,42528
6283,42529
6283,42530
6283,42531
6283,42532
6283,42533
6283,42534
6283,42535
6283,42536
6283,42537
6283,42538
6283,42539
6283,42540
6283,42541
6283,42542
6283,42543
6283,42544
6283,42545
6283,42546
6283,42547
6283,42548
6283,42549
6283,42550
6283,42551
6283,42552
6283,42553
6283,42554
6283,42555
6283,42556
6283,42557
6283,42558
6283,42559
6283,42560
6283,42561
6283,42562
6283,42563
6283,42564
6283,42565
6283,42566
6283,42567
6283,42568
6283,42569
6283,42570
6283,42571
6283,42572
6283,42573
6283,42574
6283,42575
6283,42576
6283,42577
6283,42578
6284,42348
6284,42349
6284,42350
6284,42351
6284,42352
6284,42353
6284,42354
6284,42355
6284,42356
6284,42357
6284,42358
6284,42359
6284,42360
6284,42361
6284,42362
6284,42363
6284,42364
6284,42365
6284,42366
6284,42367
6284,42368
6284,42369
6284,42370
6284,42371
6284,42372
6284,42373
6284,42374
6284,42375
6284,42376
6284,42377
6284,42378
6284,42379
6284,42380
6284,42381
6284,42382
6284,42383
6284,42384
6284,42385
6284,42386
6284,42387
6284,42388
6284,42389
6284,42390
6284,42391
6284,42392
6284,42393
6284,42394
6284,42395
6284,42396
6284,42397
6284,42398
6284,42399
6284,42400
6284,42401
6284,42402
6284,42403
6284,42404
6284,42405
6284,42406
6284,42407
6284,42408
6284,42409
6284,42410
6284,42411
6284,42412
6284,42413
6284,42414
6284,42415
6284,42416
6284,42417
6284,42418
6284,42419
6284,42420
6284,42421
6284,42422
6284,42423
6284,42424
6284,42425
6284,42426
6284,42427
6284,42428
6284,42429
6284,42430
6284,42431
6284,42432
6284,42433
6284,42434
6284,42435
6284,42436
6284,42437
6284,42438
6284,42439
6284,42440
6284,42441
6284,42442
6284,42443
6284,42444
6284,42445
6284,42446
6284,42447
6284,42448
6284,42449
6284,42450
6284,42451
6284,42452
6284,42453
6284,42454
6284,42455
6284,42456
6284,42457
6284,42458
6284,42459
6284,42460
6284,42461
6284,42462
6284,42463
6284,42464
6284,42465
6284,42466
6284,42467
6284,42468
6284,42469
6284,42470
6284,42471
6284,42472
6284,42473
6284,42474
6284,42475
6284,42476
6284,42477
6284,42478
6284,42479
6284,42480
6284,42481
6284,42482
6284,42483
6284,42484
6284,42485
6284,42486
6284,42487
6284,42488
6284,42489
6284,42490
6284,42491
6284,42492
6284,42493
6284,42494
6284,42495
6284,42496
6284,42497
6284,42498
6284,42499
6284,42500
6284,42501
6284,42502
6284,42503
6284,42504
6284,42505
6284,42506
6284,42507
6284,42508
6284,42509
6284,42510
6284,42511
6284,42512
6284,42513
6284,42514
6284,42515
6284,42516
6284,42517
6284,42518
6284,42519
6284,42520
6284,42521
6284,42522
6284,42523
6284,42524
6284,42525
6284,42526
6284,42527
6284,42528
6284,42529
6284,42530
6284,42531
6284,42532
6284,42533
6284,42534
6284,42535
6284,42536
6284,42537
6284,42538
6284,42539
6284,42540
6284,42541
6284,42542
6284,42543
6284,42544
6284,42545
6284,42546
6284,42547
6284,42548
6284,42549
6284,42550
6284,42551
6284,42552
6284,42553
6284,42554
6284,42555
6284,42556
6284,42557
6284,42558
6284,42559
6284,42560
6284,42561
6284,42562
6284,42563
6284,42564
6284,42565
6284,42566
6284,42567
6284,42568
6284,42569
6284,42570
6284,42571
6284,42572
6284,42573
6284,42574
6284,42575
6284,42576
6284,42577
6284,42578
6285,42348
6285,42349
6285,42350
6285,42351
6285,42352
6285,42353
6285,42354
6285,42355
6285,42356
6285,42357
6285,42358
6285,42359
6285,42360
6285,42361
6285,42362
6285,42363
6285,42364
6285,42365
6285,42366
6285,42367
6285,42368
6285,42369
6285,42370
6285,42371
6285,42372
6285,42373
6285,42374
6285,42375
6285,42376
6285,42377
6285,42378
6285,42379
6285,42380
6285,42381
6285,42382
6285,42383
6285,42384
6285,42385
6285,42386
6285,42387
6285,42388
6285,42389
6285,42390
6285,42391
6285,42392
6285,42393
6285,42394
6285,42395
6285,42396
6285,42397
6285,42398
6285,42399
6285,42400
6285,42401
6285,42402
6285,42403
6285,42404
6285,42405
6285,42406
6285,42407
6285,42408
6285,42409
6285,42410
6285,42411
6285,42412
6285,42413
6285,42414
6285,42415
6285,42416
6285,42417
6285,42418
6285,42419
6285,42420
6285,42421
6285,42422
6285,42423
6285,42424
6285,42425
6285,42426
6285,42427
6285,42428
6285,42429
6285,42430
6285,42431
6285,42432
6285,42433
6285,42434
6285,42435
6285,42436
6285,42437
6285,42438
6285,42439
6285,42440
6285,42441
6285,42442
6285,42443
6285,42444
6285,42445
6285,42446
6285,42447
6285,42448
6285,42449
6285,42450
6285,42451
6285,42452
6285,42453
6285,42454
6285,42455
6285,42456
6285,42457
6285,42458
6285,42459
6285,42460
6285,42461
6285,42462
6285,42463
6285,42464
6285,42465
6285,42466
6285,42467
6285,42468
6285,42469
6285,42470
6285,42471
6285,42472
6285,42473
6285,42474
6285,42475
6285,42476
6285,42477
6285,42478
6285,42479
6285,42480
6285,42481
6285,42482
6285,42483
6285,42484
6285,42485
6285,42486
6285,42487
6285,42488
6285,42489
6285,42490
6285,42491
6285,42492
6285,42493
6285,42494
6285,42495
6285,42496
6285,42497
6285,42498
6285,42499
6285,42500
6285,42501
6285,42502
6285,42503
6285,42504
6285,42505
6285,42506
6285,42507
6285,42508
6285,42509
6285,42510
6285,42511
6285,42512
6285,42513
6285,42514
6285,42515
6285,42516
6285,42517
6285,42518
6285,42519
6285,42520
6285,42521
6285,42522
6285,42523
6285,42524
6285,42525
6285,42526
6285,42527
6285,42528
6285,42529
6285,42530
6285,42531
6285,42532
6285,42533
6285,42534
6285,42535
6285,42536
6285,42537
6285,42538
6285,42539
6285,42540
6285,42541
6285,42542
6285,42543
6285,42544
6285,42545
6285,42546
6285,42547
6285,42548
6285,42549
6285,42550
6285,42551
6285,42552
6285,42553
6285,42554
6285,42555
6285,42556
6285,42557
6285,42558
6285,42559
6285,42560
6285,42561
6285,42562
6285,42563
6285,42564
6285,42565
6285,42566
6285,42567
6285,42568
6285,42569
6285,42570
6285,42571
6285,42572
6285,42573
6285,42574
6285,42575
6285,42576
6285,42577
6285,42578
6286,42348
6286,42349
6286,42350
6286,42351
6286,42352
6286,42353
6286,42354
6286,42355
6286,42356
6286,42357
6286,42358
6286,42359
6286,42360
6286,42361
6286,42362
6286,42363
6286,42364
6286,42365
6286,42366
6286,42367
6286,42368
6286,42369
6286,42370
6286,42371
6286,42372
6286,42373
6286,42374
6286,42375
6286,42376
6286,42377
6286,42378
6286,42379
6286,42380
6286,42381
6286,42382
6286,42383
6286,42384
6286,42385
6286,42386
6286,42387
6286,42388
6286,42389
6286,42390
6286,42391
6286,42392
6286,42393
6286,42394
6286,42395
6286,42396
6286,42397
6286,42398
6286,42399
6286,42400
6286,42401
6286,42402
6286,42403
6286,42404
6286,42405
6286,42406
6286,42407
6286,42408
6286,42409
6286,42410
6286,42411
6286,42412
6286,42413
6286,42414
6286,42415
6286,42416
6286,42417
6286,42418
6286,42419
6286,42420
6286,42421
6286,42422
6286,42423
6286,42424
6286,42425
6286,42426
6286,42427
6286,42428
6286,42429
6286,42430
6286,42431
6286,42432
6286,42433
6286,42434
6286,42435
6286,42436
6286,42437
6286,42438
6286,42439
6286,42440
6286,42441
6286,42442
6286,42443
6286,42444
6286,42445
6286,42446
6286,42447
6286,42448
6286,42449
6286,42450
6286,42451
6286,42452
6286,42453
6286,42454
6286,42455
6286,42456
6286,42457
6286,42458
6286,42459
6286,42460
6286,42461
6286,42462
6286,42463
6286,42464
6286,42465
6286,42466
6286,42467
6286,42468
6286,42469
6286,42470
6286,42471
6286,42472
6286,42473
6286,42474
6286,42475
6286,42476
6286,42477
6286,42478
6286,42479
6286,42480
6286,42481
6286,42482
6286,42483
6286,42484
6286,42485
6286,42486
6286,42487
6286,42488
6286,42489
6286,42490
6286,42491
6286,42492
6286,42493
6286,42494
6286,42495
6286,42496
6286,42497
6286,42498
6286,42499
6286,42500
6286,42501
6286,42502
6286,42503
6286,42504
6286,42505
6286,42506
6286,42507
6286,42508
6286,42509
6286,42510
6286,42511
6286,42512
6286,42513
6286,42514
6286,42515
6286,42516
6286,42517
6286,42518
6286,42519
6286,42520
6286,42521
6286,42522
6286,42523
6286,42524
6286,42525
6286,42526
6286,42527
6286,42528
6286,42529
6286,42530
6286,42531
6286,42532
6286,42533
6286,42534
6286,42535
6286,42536
6286,42537
6286,42538
6286,42539
6286,42540
6286,42541
6286,42542
6286,42543
6286,42544
6286,42545
6286,42546
6286,42547
6286,42548
6286,42549
6286,42550
6286,42551
6286,42552
6286,42553
6286,42554
6286,42555
6286,42556
6286,42557
6286,42558
6286,42559
6286,42560
6286,42561
6286,42562
6286,42563
6286,42564
6286,42565
6286,42566
6286,42567
6286,42568
6286,42569
6286,42570
6286,42571
6286,42572
6286,42573
6286,42574
6286,42575
6286,42576
6286,42577
6286,42578
6286,42579
6287,42349
6287,42350
6287,42351
6287,42352
6287,42353
6287,42354
6287,42355
6287,42356
6287,42357
6287,42358
6287,42359
6287,42360
6287,42361
6287,42362
6287,42363
6287,42364
6287,42365
6287,42366
6287,42367
6287,42368
6287,42369
6287,42370
6287,42371
6287,42372
6287,42373
6287,42374
6287,42375
6287,42376
6287,42377
6287,42378
6287,42379
6287,42380
6287,42381
6287,42382
6287,42383
6287,42384
6287,42385
6287,42386
6287,42387
6287,42388
6287,42389
6287,42390
6287,42391
6287,42392
6287,42393
6287,42394
6287,42395
6287,42396
6287,42397
6287,42398
6287,42399
6287,42400
6287,42401
6287,42402
6287,42403
6287,42404
6287,42405
6287,42406
6287,42407
6287,42408
6287,42409
6287,42410
6287,42411
6287,42412
6287,42413
6287,42414
6287,42415
6287,42416
6287,42417
6287,42418
6287,42419
6287,42420
6287,42421
6287,42422
6287,42423
6287,42424
6287,42425
6287,42426
6287,42427
6287,42428
6287,42429
6287,42430
6287,42431
6287,42432
6287,42433
6287,42434
6287,42435
6287,42436
6287,42437
6287,42438
6287,42439
6287,42440
6287,42441
6287,42442
6287,42443
6287,42444
6287,42445
6287,42446
6287,42447
6287,42448
6287,42449
6287,42450
6287,42451
6287,42452
6287,42453
6287,42454
6287,42455
6287,42456
6287,42457
6287,42458
6287,42459
6287,42460
6287,42461
6287,42462
6287,42463
6287,42464
6287,42465
6287,42466
6287,42467
6287,42468
6287,42469
6287,42470
6287,42471
6287,42472
6287,42473
6287,42474
6287,42475
6287,42476
6287,42477
6287,42478
6287,42479
6287,42480
6287,42481
6287,42482
6287,42483
6287,42484
6287,42485
6287,42486
6287,42487
6287,42488
6287,42489
6287,42490
6287,42491
6287,42492
6287,42493
6287,42494
6287,42495
6287,42496
6287,42497
6287,42498
6287,42499
6287,42500
6287,42501
6287,42502
6287,42503
6287,42504
6287,42505
6287,42506
6287,42507
6287,42508
6287,42509
6287,42510
6287,42511
6287,42512
6287,42513
6287,42514
6287,42515
6287,42516
6287,42517
6287,42518
6287,42519
6287,42520
6287,42521
6287,42522
6287,42523
6287,42524
6287,42525
6287,42526
6287,42527
6287,42528
6287,42529
6287,42530
6287,42531
6287,42532
6287,42533
6287,42534
6287,42535
6287,42536
6287,42537
6287,42538
6287,42539
6287,42540
6287,42541
6287,42542
6287,42543
6287,42544
6287,42545
6287,42546
6287,42547
6287,42548
6287,42549
6287,42550
6287,42551
6287,42552
6287,42553
6287,42554
6287,42555
6287,42556
6287,42557
6287,42558
6287,42559
6287,42560
6287,42561
6287,42562
6287,42563
6287,42564
6287,42565
6287,42566
6287,42567
6287,42568
6287,42569
6287,42570
6287,42571
6287,42572
6287,42573
6287,42574
6287,42575
6287,42576
6287,42577
6287,42578
6287,42579
6288,42350
6288,42351
6288,42352
6288,42353
6288,42354
6288,42355
6288,42356
6288,42357
6288,42358
6288,42359
6288,42360
6288,42361
6288,42362
6288,42363
6288,42364
6288,42365
6288,42366
6288,42367
6288,42368
6288,42369
6288,42370
6288,42371
6288,42372
6288,42373
6288,42374
6288,42375
6288,42376
6288,42377
6288,42378
6288,42379
6288,42380
6288,42381
6288,42382
6288,42383
6288,42384
6288,42385
6288,42386
6288,42387
6288,42388
6288,42389
6288,42390
6288,42391
6288,42392
6288,42393
6288,42394
6288,42395
6288,42396
6288,42397
6288,42398
6288,42399
6288,42400
6288,42401
6288,42402
6288,42403
6288,42404
6288,42405
6288,42406
6288,42407
6288,42408
6288,42409
6288,42410
6288,42411
6288,42412
6288,42413
6288,42414
6288,42415
6288,42416
6288,42417
6288,42418
6288,42419
6288,42420
6288,42421
6288,42422
6288,42423
6288,42424
6288,42425
6288,42426
6288,42427
6288,42428
6288,42429
6288,42430
6288,42431
6288,42432
6288,42433
6288,42434
6288,42435
6288,42436
6288,42437
6288,42438
6288,42439
6288,42440
6288,42441
6288,42442
6288,42443
6288,42444
6288,42445
6288,42446
6288,42447
6288,42448
6288,42449
6288,42450
6288,42451
6288,42452
6288,42453
6288,42454
6288,42455
6288,42456
6288,42457
6288,42458
6288,42459
6288,42460
6288,42461
6288,42462
6288,42463
6288,42464
6288,42465
6288,42466
6288,42467
6288,42468
6288,42469
6288,42470
6288,42471
6288,42472
6288,42473
6288,42474
6288,42475
6288,42476
6288,42477
6288,42478
6288,42479
6288,42480
6288,42481
6288,42482
6288,42483
6288,42484
6288,42485
6288,42486
6288,42487
6288,42488
6288,42489
6288,42490
6288,42491
6288,42492
6288,42493
6288,42494
6288,42495
6288,42496
6288,42497
6288,42498
6288,42499
6288,42500
6288,42501
6288,42502
6288,42503
6288,42504
6288,42505
6288,42506
6288,42507
6288,42508
6288,42509
6288,42510
6288,42511
6288,42512
6288,42513
6288,42514
6288,42515
6288,42516
6288,42517
6288,42518
6288,42519
6288,42520
6288,42521
6288,42522
6288,42523
6288,42524
6288,42525
6288,42526
6288,42527
6288,42528
6288,42529
6288,42530
6288,42531
6288,42532
6288,42533
6288,42534
6288,42535
6288,42536
6288,42537
6288,42538
6288,42539
6288,42540
6288,42541
6288,42542
6288,42543
6288,42544
6288,42545
6288,42546
6288,42547
6288,42548
6288,42549
6288,42550
6288,42551
6288,42552
6288,42553
6288,42554
6288,42555
6288,42556
6288,42557
6288,42558
6288,42559
6288,42560
6288,42561
6288,42562
6288,42563
6288,42564
6288,42565
6288,42566
6288,42567
6288,42568
6288,42569
6288,42570
6288,42571
6288,42572
6288,42573
6288,42574
6288,42575
6288,42576
6288,42577
6288,42578
6288,42579
6289,42351
6289,42352
6289,42353
6289,42354
6289,42355
6289,42356
6289,42357
6289,42358
6289,42359
6289,42360
6289,42361
6289,42362
6289,42363
6289,42364
6289,42365
6289,42366
6289,42367
6289,42368
6289,42369
6289,42370
6289,42371
6289,42372
6289,42373
6289,42374
6289,42375
6289,42377
6289,42378
6289,42379
6289,42380
6289,42381
6289,42382
6289,42383
6289,42384
6289,42385
6289,42386
6289,42387
6289,42388
6289,42389
6289,42390
6289,42391
6289,42392
6289,42393
6289,42394
6289,42395
6289,42396
6289,42397
6289,42398
6289,42399
6289,42400
6289,42401
6289,42402
6289,42403
6289,42404
6289,42405
6289,42406
6289,42407
6289,42408
6289,42409
6289,42410
6289,42411
6289,42412
6289,42413
6289,42414
6289,42415
6289,42416
6289,42417
6289,42418
6289,42419
6289,42420
6289,42421
6289,42422
6289,42423
6289,42424
6289,42425
6289,42426
6289,42427
6289,42428
6289,42429
6289,42430
6289,42431
6289,42432
6289,42433
6289,42434
6289,42435
6289,42436
6289,42437
6289,42438
6289,42439
6289,42440
6289,42441
6289,42442
6289,42443
6289,42444
6289,42445
6289,42446
6289,42447
6289,42448
6289,42449
6289,42450
6289,42451
6289,42452
6289,42453
6289,42454
6289,42455
6289,42456
6289,42457
6289,42458
6289,42459
6289,42460
6289,42461
6289,42462
6289,42463
6289,42464
6289,42465
6289,42466
6289,42467
6289,42468
6289,42469
6289,42470
6289,42471
6289,42472
6289,42473
6289,42474
6289,42475
6289,42476
6289,42477
6289,42478
6289,42479
6289,42480
6289,42481
6289,42482
6289,42483
6289,42484
6289,42485
6289,42486
6289,42487
6289,42488
6289,42489
6289,42490
6289,42491
6289,42492
6289,42493
6289,42494
6289,42495
6289,42496
6289,42497
6289,42498
6289,42499
6289,42500
6289,42501
6289,42502
6289,42503
6289,42504
6289,42505
6289,42506
6289,42507
6289,42508
6289,42509
6289,42510
6289,42511
6289,42512
6289,42513
6289,42514
6289,42515
6289,42516
6289,42517
6289,42518
6289,42519
6289,42520
6289,42521
6289,42522
6289,42523
6289,42524
6289,42525
6289,42526
6289,42527
6289,42528
6289,42529
6289,42530
6289,42531
6289,42532
6289,42533
6289,42534
6289,42535
6289,42536
6289,42537
6289,42538
6289,42539
6289,42540
6289,42541
6289,42542
6289,42543
6289,42544
6289,42545
6289,42546
6289,42547
6289,42548
6289,42549
6289,42550
6289,42551
6289,42552
6289,42553
6289,42554
6289,42555
6289,42556
6289,42557
6289,42558
6289,42559
6289,42560
6289,42561
6289,42562
6289,42563
6289,42564
6289,42565
6289,42566
6289,42567
6289,42568
6289,42569
6289,42570
6289,42571
6289,42572
6289,42573
6289,42574
6289,42575
6289,42576
6289,42577
6289,42578
6290,42354
6290,42358
6290,42359
6290,42360
6290,42361
6290,42362
6290,42363
6290,42364
6290,42365
6290,42366
6290,42367
6290,42368
6290,42369
6290,42370
6290,42371
6290,42372
6290,42373
6290,42380
6290,42381
6290,42382
6290,42383
6290,42384
6290,42385
6290,42386
6290,42387
6290,42388
6290,42389
6290,42390
6290,42391
6290,42392
6290,42393
6290,42394
6290,42395
6290,42396
6290,42397
6290,42398
6290,42399
6290,42400
6290,42401
6290,42402
6290,42403
6290,42404
6290,42405
6290,42406
6290,42407
6290,42408
6290,42409
6290,42410
6290,42411
6290,42412
6290,42413
6290,42414
6290,42415
6290,42416
6290,42417
6290,42418
6290,42419
6290,42420
6290,42421
6290,42422
6290,42423
6290,42424
6290,42425
6290,42426
6290,42427
6290,42428
6290,42429
6290,42430
6290,42431
6290,42432
6290,42433
6290,42434
6290,42435
6290,42436
6290,42437
6290,42438
6290,42439
6290,42440
6290,42441
6290,42442
6290,42443
6290,42444
6290,42445
6290,42446
6290,42447
6290,42448
6290,42449
6290,42450
6290,42451
6290,42452
6290,42453
6290,42454
6290,42455
6290,42456
6290,42457
6290,42458
6290,42459
6290,42460
6290,42461
6290,42462
6290,42463
6290,42464
6290,42465
6290,42466
6290,42467
6290,42468
6290,42469
6290,42470
6290,42471
6290,42472
6290,42473
6290,42474
6290,42475
6290,42476
6290,42477
6290,42478
6290,42479
6290,42480
6290,42481
6290,42482
6290,42483
6290,42484
6290,42485
6290,42486
6290,42487
6290,42488
6290,42489
6290,42490
6290,42491
6290,42492
6290,42493
6290,42494
6290,42495
6290,42496
6290,42497
6290,42498
6290,42499
6290,42500
6290,42501
6290,42502
6290,42503
6290,42504
6290,42505
6290,42506
6290,42507
6290,42508
6290,42509
6290,42510
6290,42511
6290,42512
6290,42513
6290,42514
6290,42515
6290,42516
6290,42517
6290,42518
6290,42519
6290,42520
6290,42521
6290,42522
6290,42523
6290,42524
6290,42525
6290,42526
6290,42527
6290,42528
6290,42529
6290,42530
6290,42531
6290,42532
6290,42533
6290,42534
6290,42535
6290,42536
6290,42537
6290,42538
6290,42539
6290,42540
6290,42541
6290,42542
6290,42543
6290,42544
6290,42545
6290,42546
6290,42547
6290,42548
6290,42549
6290,42550
6290,42551
6290,42552
6290,42553
6290,42554
6290,42555
6290,42556
6290,42557
6290,42558
6290,42559
6290,42560
6290,42561
6290,42562
6290,42563
6290,42564
6290,42565
6290,42566
6290,42567
6290,42568
6290,42569
6290,42570
6290,42571
6290,42572
6290,42573
6290,42574
6290,42575
6290,42576
6290,42577
6290,42578
6291,42358
6291,42359
6291,42360
6291,42361
6291,42362
6291,42363
6291,42364
6291,42365
6291,42366
6291,42367
6291,42368
6291,42369
6291,42370
6291,42371
6291,42372
6291,42382
6291,42383
6291,42384
6291,42385
6291,42386
6291,42387
6291,42388
6291,42389
6291,42390
6291,42391
6291,42392
6291,42393
6291,42394
6291,42395
6291,42396
6291,42397
6291,42398
6291,42399
6291,42400
6291,42401
6291,42402
6291,42403
6291,42404
6291,42405
6291,42406
6291,42407
6291,42408
6291,42409
6291,42410
6291,42411
6291,42412
6291,42413
6291,42414
6291,42415
6291,42416
6291,42417
6291,42418
6291,42419
6291,42420
6291,42421
6291,42422
6291,42423
6291,42424
6291,42425
6291,42426
6291,42427
6291,42428
6291,42429
6291,42430
6291,42431
6291,42432
6291,42433
6291,42434
6291,42435
6291,42436
6291,42437
6291,42438
6291,42439
6291,42440
6291,42441
6291,42442
6291,42443
6291,42444
6291,42445
6291,42446
6291,42447
6291,42448
6291,42449
6291,42450
6291,42451
6291,42452
6291,42453
6291,42454
6291,42455
6291,42456
6291,42457
6291,42458
6291,42459
6291,42460
6291,42461
6291,42462
6291,42463
6291,42464
6291,42465
6291,42466
6291,42467
6291,42468
6291,42469
6291,42470
6291,42471
6291,42472
6291,42473
6291,42474
6291,42475
6291,42476
6291,42477
6291,42478
6291,42479
6291,42480
6291,42481
6291,42482
6291,42483
6291,42484
6291,42485
6291,42486
6291,42487
6291,42488
6291,42489
6291,42490
6291,42491
6291,42492
6291,42493
6291,42494
6291,42495
6291,42496
6291,42497
6291,42498
6291,42499
6291,42500
6291,42501
6291,42502
6291,42503
6291,42504
6291,42505
6291,42506
6291,42507
6291,42508
6291,42509
6291,42510
6291,42511
6291,42512
6291,42513
6291,42514
6291,42515
6291,42516
6291,42517
6291,42518
6291,42519
6291,42520
6291,42521
6291,42522
6291,42523
6291,42524
6291,42525
6291,42526
6291,42527
6291,42528
6291,42529
6291,42530
6291,42531
6291,42532
6291,42533
6291,42534
6291,42535
6291,42536
6291,42537
6291,42538
6291,42539
6291,42540
6291,42541
6291,42542
6291,42543
6291,42544
6291,42545
6291,42546
6291,42547
6291,42548
6291,42549
6291,42550
6291,42551
6291,42552
6291,42553
6291,42554
6291,42555
6291,42556
6291,42557
6291,42558
6291,42559
6291,42560
6291,42561
6291,42562
6291,42563
6291,42564
6291,42565
6291,42566
6291,42567
6291,42568
6291,42569
6291,42570
6291,42571
6291,42572
6291,42573
6291,42574
6291,42575
6291,42576
6291,42577
6291,42578
6292,42359
6292,42360
6292,42361
6292,42362
6292,42363
6292,42364
6292,42365
6292,42366
6292,42367
6292,42368
6292,42369
6292,42370
6292,42371
6292,42372
6292,42382
6292,42383
6292,42384
6292,42385
6292,42386
6292,42387
6292,42388
6292,42389
6292,42390
6292,42391
6292,42392
6292,42393
6292,42394
6292,42395
6292,42396
6292,42397
6292,42398
6292,42399
6292,42400
6292,42401
6292,42402
6292,42403
6292,42404
6292,42405
6292,42406
6292,42407
6292,42408
6292,42409
6292,42410
6292,42411
6292,42412
6292,42413
6292,42414
6292,42415
6292,42416
6292,42417
6292,42418
6292,42419
6292,42420
6292,42421
6292,42422
6292,42423
6292,42424
6292,42425
6292,42426
6292,42427
6292,42428
6292,42429
6292,42430
6292,42431
6292,42432
6292,42433
6292,42434
6292,42435
6292,42436
6292,42437
6292,42438
6292,42439
6292,42440
6292,42441
6292,42442
6292,42443
6292,42444
6292,42445
6292,42446
6292,42447
6292,42448
6292,42449
6292,42450
6292,42451
6292,42452
6292,42453
6292,42454
6292,42455
6292,42456
6292,42457
6292,42458
6292,42459
6292,42460
6292,42461
6292,42462
6292,42463
6292,42464
6292,42465
6292,42466
6292,42467
6292,42468
6292,42469
6292,42470
6292,42471
6292,42472
6292,42473
6292,42474
6292,42475
6292,42476
6292,42477
6292,42478
6292,42479
6292,42480
6292,42481
6292,42482
6292,42483
6292,42484
6292,42485
6292,42486
6292,42487
6292,42488
6292,42489
6292,42490
6292,42491
6292,42492
6292,42493
6292,42494
6292,42495
6292,42496
6292,42497
6292,42498
6292,42499
6292,42500
6292,42501
6292,42502
6292,42503
6292,42504
6292,42505
6292,42506
6292,42507
6292,42508
6292,42509
6292,42510
6292,42511
6292,42512
6292,42513
6292,42514
6292,42515
6292,42516
6292,42517
6292,42518
6292,42519
6292,42520
6292,42521
6292,42522
6292,42523
6292,42524
6292,42525
6292,42526
6292,42527
6292,42528
6292,42529
6292,42530
6292,42531
6292,42532
6292,42533
6292,42534
6292,42535
6292,42536
6292,42537
6292,42538
6292,42539
6292,42540
6292,42541
6292,42542
6292,42543
6292,42544
6292,42545
6292,42546
6292,42547
6292,42548
6292,42549
6292,42550
6292,42551
6292,42552
6292,42553
6292,42554
6292,42555
6292,42556
6292,42557
6292,42558
6292,42559
6292,42560
6292,42561
6292,42562
6292,42563
6292,42564
6292,42565
6292,42566
6292,42567
6292,42568
6292,42569
6292,42570
6292,42571
6292,42572
6292,42573
6292,42574
6292,42575
6292,42576
6292,42577
6292,42578
6293,42360
6293,42361
6293,42362
6293,42363
6293,42364
6293,42365
6293,42366
6293,42367
6293,42368
6293,42369
6293,42370
6293,42371
6293,42381
6293,42382
6293,42383
6293,42384
6293,42385
6293,42386
6293,42387
6293,42388
6293,42389
6293,42390
6293,42391
6293,42392
6293,42393
6293,42394
6293,42395
6293,42396
6293,42397
6293,42398
6293,42399
6293,42400
6293,42401
6293,42402
6293,42403
6293,42404
6293,42405
6293,42406
6293,42407
6293,42408
6293,42409
6293,42410
6293,42411
6293,42412
6293,42413
6293,42414
6293,42415
6293,42416
6293,42417
6293,42418
6293,42419
6293,42420
6293,42421
6293,42422
6293,42423
6293,42424
6293,42425
6293,42426
6293,42427
6293,42428
6293,42429
6293,42430
6293,42431
6293,42432
6293,42433
6293,42434
6293,42435
6293,42436
6293,42437
6293,42438
6293,42439
6293,42440
6293,42441
6293,42442
6293,42443
6293,42444
6293,42445
6293,42446
6293,42447
6293,42448
6293,42449
6293,42450
6293,42451
6293,42452
6293,42453
6293,42454
6293,42455
6293,42456
6293,42457
6293,42458
6293,42459
6293,42460
6293,42461
6293,42462
6293,42463
6293,42464
6293,42465
6293,42466
6293,42467
6293,42468
6293,42469
6293,42470
6293,42471
6293,42472
6293,42473
6293,42474
6293,42475
6293,42476
6293,42477
6293,42478
6293,42479
6293,42480
6293,42481
6293,42482
6293,42483
6293,42484
6293,42485
6293,42486
6293,42487
6293,42488
6293,42489
6293,42490
6293,42491
6293,42492
6293,42493
6293,42494
6293,42495
6293,42496
6293,42497
6293,42498
6293,42499
6293,42500
6293,42501
6293,42502
6293,42503
6293,42504
6293,42505
6293,42506
6293,42507
6293,42508
6293,42509
6293,42510
6293,42511
6293,42512
6293,42513
6293,42514
6293,42515
6293,42516
6293,42517
6293,42518
6293,42519
6293,42520
6293,42521
6293,42522
6293,42523
6293,42524
6293,42525
6293,42526
6293,42527
6293,42528
6293,42529
6293,42530
6293,42531
6293,42532
6293,42533
6293,42534
6293,42535
6293,42536
6293,42537
6293,42538
6293,42539
6293,42540
6293,42541
6293,42542
6293,42543
6293,42544
6293,42545
6293,42546
6293,42547
6293,42548
6293,42549
6293,42550
6293,42551
6293,42552
6293,42553
6293,42554
6293,42555
6293,42556
6293,42557
6293,42558
6293,42559
6293,42560
6293,42561
6293,42562
6293,42563
6293,42564
6293,42565
6293,42566
6293,42567
6293,42568
6293,42569
6293,42570
6293,42571
6293,42572
6293,42573
6293,42574
6293,42575
6293,42576
6293,42577
6293,42578
6293,42579
6294,42362
6294,42363
6294,42364
6294,42365
6294,42366
6294,42367
6294,42368
6294,42369
6294,42370
6294,42381
6294,42382
6294,42383
6294,42384
6294,42385
6294,42386
6294,42387
6294,42388
6294,42389
6294,42390
6294,42391
6294,42392
6294,42393
6294,42394
6294,42395
6294,42396
6294,42397
6294,42398
6294,42399
6294,42400
6294,42401
6294,42402
6294,42403
6294,42404
6294,42405
6294,42406
6294,42407
6294,42408
6294,42409
6294,42410
6294,42411
6294,42412
6294,42413
6294,42414
6294,42415
6294,42416
6294,42417
6294,42418
6294,42419
6294,42420
6294,42421
6294,42422
6294,42423
6294,42424
6294,42425
6294,42426
6294,42427
6294,42428
6294,42429
6294,42430
6294,42431
6294,42432
6294,42433
6294,42434
6294,42435
6294,42436
6294,42437
6294,42438
6294,42439
6294,42440
6294,42441
6294,42442
6294,42443
6294,42444
6294,42445
6294,42446
6294,42447
6294,42448
6294,42449
6294,42450
6294,42451
6294,42452
6294,42453
6294,42454
6294,42455
6294,42456
6294,42457
6294,42458
6294,42459
6294,42460
6294,42461
6294,42462
6294,42463
6294,42464
6294,42465
6294,42466
6294,42467
6294,42468
6294,42469
6294,42470
6294,42471
6294,42472
6294,42473
6294,42474
6294,42475
6294,42476
6294,42477
6294,42478
6294,42479
6294,42480
6294,42481
6294,42482
6294,42483
6294,42484
6294,42485
6294,42486
6294,42487
6294,42488
6294,42489
6294,42490
6294,42491
6294,42492
6294,42493
6294,42494
6294,42495
6294,42496
6294,42497
6294,42498
6294,42499
6294,42500
6294,42501
6294,42502
6294,42503
6294,42504
6294,42505
6294,42506
6294,42507
6294,42508
6294,42509
6294,42510
6294,42511
6294,42512
6294,42513
6294,42514
6294,42515
6294,42516
6294,42517
6294,42518
6294,42519
6294,42520
6294,42521
6294,42522
6294,42523
6294,42524
6294,42525
6294,42526
6294,42527
6294,42528
6294,42529
6294,42530
6294,42531
6294,42532
6294,42533
6294,42534
6294,42535
6294,42536
6294,42537
6294,42538
6294,42539
6294,42540
6294,42541
6294,42542
6294,42543
6294,42544
6294,42545
6294,42546
6294,42547
6294,42548
6294,42549
6294,42550
6294,42551
6294,42552
6294,42553
6294,42554
6294,42555
6294,42556
6294,42557
6294,42558
6294,42559
6294,42560
6294,42561
6294,42562
6294,42563
6294,42564
6294,42565
6294,42566
6294,42567
6294,42568
6294,42569
6294,42570
6294,42571
6294,42572
6294,42573
6294,42574
6294,42575
6294,42576
6294,42577
6294,42578
6295,42366
6295,42367
6295,42368
6295,42381
6295,42382
6295,42383
6295,42384
6295,42385
6295,42386
6295,42387
6295,42388
6295,42389
6295,42390
6295,42391
6295,42392
6295,42393
6295,42394
6295,42395
6295,42396
6295,42397
6295,42398
6295,42399
6295,42400
6295,42401
6295,42402
6295,42403
6295,42404
6295,42405
6295,42406
6295,42407
6295,42408
6295,42409
6295,42410
6295,42411
6295,42412
6295,42413
6295,42414
6295,42415
6295,42416
6295,42417
6295,42418
6295,42419
6295,42420
6295,42421
6295,42422
6295,42423
6295,42424
6295,42425
6295,42426
6295,42427
6295,42428
6295,42429
6295,42430
6295,42431
6295,42432
6295,42433
6295,42434
6295,42435
6295,42436
6295,42437
6295,42438
6295,42439
6295,42440
6295,42441
6295,42442
6295,42443
6295,42444
6295,42445
6295,42446
6295,42447
6295,42448
6295,42449
6295,42450
6295,42451
6295,42452
6295,42453
6295,42454
6295,42455
6295,42456
6295,42457
6295,42458
6295,42459
6295,42460
6295,42461
6295,42462
6295,42463
6295,42464
6295,42465
6295,42466
6295,42467
6295,42468
6295,42469
6295,42470
6295,42471
6295,42472
6295,42473
6295,42474
6295,42475
6295,42476
6295,42477
6295,42478
6295,42479
6295,42480
6295,42481
6295,42482
6295,42483
6295,42484
6295,42485
6295,42486
6295,42487
6295,42488
6295,42489
6295,42490
6295,42491
6295,42492
6295,42493
6295,42494
6295,42495
6295,42496
6295,42497
6295,42498
6295,42499
6295,42500
6295,42501
6295,42502
6295,42503
6295,42504
6295,42505
6295,42506
6295,42507
6295,42508
6295,42509
6295,42510
6295,42511
6295,42512
6295,42513
6295,42514
6295,42515
6295,42516
6295,42517
6295,42518
6295,42519
6295,42520
6295,42521
6295,42522
6295,42523
6295,42524
6295,42525
6295,42526
6295,42527
6295,42528
6295,42529
6295,42530
6295,42531
6295,42532
6295,42533
6295,42534
6295,42535
6295,42536
6295,42537
6295,42538
6295,42539
6295,42540
6295,42541
6295,42542
6295,42543
6295,42544
6295,42545
6295,42546
6295,42547
6295,42548
6295,42549
6295,42550
6295,42551
6295,42552
6295,42553
6295,42554
6295,42555
6295,42556
6295,42557
6295,42558
6295,42559
6295,42560
6295,42561
6295,42562
6295,42563
6295,42564
6295,42565
6295,42566
6295,42567
6295,42568
6295,42569
6295,42570
6295,42571
6295,42572
6295,42573
6295,42574
6295,42575
6295,42576
6295,42577
6295,42578
6296,42380
6296,42381
6296,42382
6296,42383
6296,42384
6296,42385
6296,42386
6296,42387
6296,42388
6296,42389
6296,42390
6296,42391
6296,42392
6296,42393
6296,42394
6296,42395
6296,42396
6296,42397
6296,42398
6296,42399
6296,42400
6296,42401
6296,42402
6296,42403
6296,42404
6296,42405
6296,42406
6296,42407
6296,42408
6296,42409
6296,42410
6296,42411
6296,42412
6296,42413
6296,42414
6296,42415
6296,42416
6296,42417
6296,42418
6296,42419
6296,42420
6296,42421
6296,42422
6296,42423
6296,42424
6296,42425
6296,42426
6296,42427
6296,42428
6296,42429
6296,42430
6296,42431
6296,42432
6296,42433
6296,42434
6296,42435
6296,42436
6296,42437
6296,42438
6296,42439
6296,42440
6296,42441
6296,42442
6296,42443
6296,42444
6296,42445
6296,42446
6296,42447
6296,42448
6296,42449
6296,42450
6296,42451
6296,42452
6296,42453
6296,42454
6296,42455
6296,42456
6296,42457
6296,42458
6296,42459
6296,42460
6296,42461
6296,42462
6296,42463
6296,42464
6296,42465
6296,42466
6296,42467
6296,42468
6296,42469
6296,42470
6296,42471
6296,42472
6296,42473
6296,42474
6296,42475
6296,42476
6296,42477
6296,42478
6296,42479
6296,42480
6296,42481
6296,42482
6296,42483
6296,42484
6296,42485
6296,42486
6296,42487
6296,42488
6296,42489
6296,42490
6296,42491
6296,42492
6296,42493
6296,42494
6296,42495
6296,42496
6296,42497
6296,42498
6296,42499
6296,42500
6296,42501
6296,42502
6296,42503
6296,42504
6296,42505
6296,42506
6296,42507
6296,42508
6296,42509
6296,42510
6296,42511
6296,42512
6296,42513
6296,42514
6296,42515
6296,42516
6296,42517
6296,42518
6296,42519
6296,42520
6296,42521
6296,42522
6296,42523
6296,42524
6296,42525
6296,42526
6296,42527
6296,42528
6296,42529
6296,42530
6296,42531
6296,42532
6296,42533
6296,42534
6296,42535
6296,42536
6296,42537
6296,42538
6296,42539
6296,42540
6296,42541
6296,42542
6296,42543
6296,42544
6296,42545
6296,42546
6296,42547
6296,42548
6296,42549
6296,42550
6296,42551
6296,42552
6296,42553
6296,42554
6296,42555
6296,42556
6296,42557
6296,42558
6296,42559
6296,42560
6296,42561
6296,42562
6296,42563
6296,42564
6296,42565
6296,42566
6296,42567
6296,42568
6296,42569
6296,42570
6296,42571
6296,42572
6296,42573
6296,42574
6296,42575
6296,42576
6296,42577
6296,42578
6297,42379
6297,42380
6297,42381
6297,42382
6297,42383
6297,42384
6297,42385
6297,42386
6297,42387
6297,42388
6297,42389
6297,42390
6297,42391
6297,42392
6297,42393
6297,42394
6297,42395
6297,42396
6297,42397
6297,42398
6297,42399
6297,42400
6297,42401
6297,42402
6297,42403
6297,42404
6297,42405
6297,42406
6297,42407
6297,42408
6297,42409
6297,42410
6297,42411
6297,42412
6297,42413
6297,42414
6297,42415
6297,42416
6297,42417
6297,42418
6297,42419
6297,42420
6297,42421
6297,42422
6297,42423
6297,42424
6297,42425
6297,42426
6297,42427
6297,42428
6297,42429
6297,42430
6297,42431
6297,42432
6297,42433
6297,42434
6297,42435
6297,42436
6297,42437
6297,42438
6297,42439
6297,42440
6297,42441
6297,42442
6297,42443
6297,42444
6297,42445
6297,42446
6297,42447
6297,42448
6297,42449
6297,42450
6297,42451
6297,42452
6297,42453
6297,42454
6297,42455
6297,42456
6297,42457
6297,42458
6297,42459
6297,42460
6297,42461
6297,42462
6297,42463
6297,42464
6297,42465
6297,42466
6297,42467
6297,42468
6297,42469
6297,42470
6297,42471
6297,42472
6297,42473
6297,42474
6297,42475
6297,42476
6297,42477
6297,42478
6297,42479
6297,42480
6297,42481
6297,42482
6297,42483
6297,42484
6297,42485
6297,42486
6297,42487
6297,42488
6297,42489
6297,42490
6297,42491
6297,42492
6297,42493
6297,42494
6297,42495
6297,42496
6297,42497
6297,42498
6297,42499
6297,42500
6297,42501
6297,42502
6297,42503
6297,42504
6297,42505
6297,42506
6297,42507
6297,42508
6297,42509
6297,42510
6297,42511
6297,42512
6297,42513
6297,42514
6297,42515
6297,42516
6297,42517
6297,42518
6297,42519
6297,42520
6297,42521
6297,42522
6297,42523
6297,42524
6297,42525
6297,42526
6297,42527
6297,42528
6297,42529
6297,42530
6297,42531
6297,42532
6297,42533
6297,42534
6297,42535
6297,42536
6297,42537
6297,42538
6297,42539
6297,42540
6297,42541
6297,42542
6297,42543
6297,42544
6297,42545
6297,42546
6297,42547
6297,42548
6297,42549
6297,42550
6297,42551
6297,42552
6297,42553
6297,42554
6297,42555
6297,42556
6297,42557
6297,42558
6297,42559
6297,42560
6297,42561
6297,42562
6297,42563
6297,42564
6297,42565
6297,42566
6297,42567
6297,42568
6297,42569
6297,42570
6297,42571
6297,42572
6297,42573
6297,42574
6297,42575
6297,42576
6297,42577
6298,42379
6298,42380
6298,42381
6298,42382
6298,42383
6298,42384
6298,42385
6298,42386
6298,42387
6298,42388
6298,42389
6298,42390
6298,42391
6298,42392
6298,42393
6298,42394
6298,42395
6298,42396
6298,42397
6298,42398
6298,42399
6298,42400
6298,42401
6298,42402
6298,42403
6298,42404
6298,42405
6298,42406
6298,42407
6298,42408
6298,42409
6298,42410
6298,42411
6298,42412
6298,42413
6298,42414
6298,42415
6298,42416
6298,42417
6298,42418
6298,42419
6298,42420
6298,42421
6298,42422
6298,42423
6298,42424
6298,42425
6298,42426
6298,42427
6298,42428
6298,42429
6298,42430
6298,42431
6298,42432
6298,42433
6298,42434
6298,42435
6298,42436
6298,42437
6298,42438
6298,42439
6298,42440
6298,42441
6298,42442
6298,42443
6298,42444
6298,42445
6298,42446
6298,42447
6298,42448
6298,42449
6298,42450
6298,42451
6298,42452
6298,42453
6298,42454
6298,42455
6298,42456
6298,42457
6298,42458
6298,42459
6298,42460
6298,42461
6298,42462
6298,42463
6298,42464
6298,42465
6298,42466
6298,42467
6298,42468
6298,42469
6298,42470
6298,42471
6298,42472
6298,42473
6298,42474
6298,42475
6298,42476
6298,42477
6298,42478
6298,42479
6298,42480
6298,42481
6298,42482
6298,42483
6298,42484
6298,42485
6298,42486
6298,42487
6298,42488
6298,42489
6298,42490
6298,42491
6298,42492
6298,42493
6298,42494
6298,42495
6298,42496
6298,42497
6298,42498
6298,42499
6298,42500
6298,42501
6298,42502
6298,42503
6298,42504
6298,42505
6298,42506
6298,42507
6298,42508
6298,42509
6298,42510
6298,42511
6298,42512
6298,42513
6298,42514
6298,42515
6298,42516
6298,42517
6298,42518
6298,42519
6298,42520
6298,42521
6298,42522
6298,42523
6298,42524
6298,42525
6298,42526
6298,42527
6298,42528
6298,42529
6298,42530
6298,42531
6298,42532
6298,42533
6298,42534
6298,42535
6298,42536
6298,42537
6298,42538
6298,42539
6298,42540
6298,42541
6298,42542
6298,42543
6298,42544
6298,42545
6298,42546
6298,42547
6298,42548
6298,42549
6298,42550
6298,42551
6298,42552
6298,42553
6298,42554
6298,42555
6298,42556
6298,42557
6298,42558
6298,42559
6298,42560
6298,42561
6298,42562
6298,42563
6298,42564
6298,42565
6298,42566
6298,42567
6298,42568
6298,42569
6298,42570
6298,42571
6298,42572
6298,42573
6298,42574
6298,42575
6298,42576
6299,42378
6299,42379
6299,42380
6299,42381
6299,42382
6299,42383
6299,42384
6299,42385
6299,42386
6299,42387
6299,42388
6299,42389
6299,42390
6299,42391
6299,42392
6299,42393
6299,42394
6299,42395
6299,42396
6299,42397
6299,42398
6299,42399
6299,42400
6299,42401
6299,42402
6299,42403
6299,42404
6299,42405
6299,42406
6299,42407
6299,42408
6299,42409
6299,42410
6299,42411
6299,42412
6299,42413
6299,42414
6299,42415
6299,42416
6299,42417
6299,42418
6299,42419
6299,42420
6299,42421
6299,42422
6299,42423
6299,42424
6299,42425
6299,42426
6299,42427
6299,42428
6299,42429
6299,42430
6299,42431
6299,42432
6299,42433
6299,42434
6299,42435
6299,42436
6299,42437
6299,42438
6299,42439
6299,42440
6299,42441
6299,42442
6299,42443
6299,42444
6299,42445
6299,42446
6299,42447
6299,42448
6299,42449
6299,42450
6299,42451
6299,42452
6299,42453
6299,42454
6299,42455
6299,42456
6299,42457
6299,42458
6299,42459
6299,42460
6299,42461
6299,42462
6299,42463
6299,42464
6299,42465
6299,42466
6299,42467
6299,42468
6299,42469
6299,42470
6299,42471
6299,42472
6299,42473
6299,42474
6299,42475
6299,42476
6299,42477
6299,42478
6299,42479
6299,42480
6299,42481
6299,42482
6299,42483
6299,42484
6299,42485
6299,42486
6299,42487
6299,42488
6299,42489
6299,42490
6299,42491
6299,42492
6299,42493
6299,42494
6299,42495
6299,42496
6299,42497
6299,42498
6299,42499
6299,42500
6299,42501
6299,42502
6299,42503
6299,42504
6299,42505
6299,42506
6299,42507
6299,42508
6299,42509
6299,42510
6299,42511
6299,42512
6299,42513
6299,42514
6299,42515
6299,42516
6299,42517
6299,42518
6299,42519
6299,42520
6299,42521
6299,42522
6299,42523
6299,42524
6299,42525
6299,42526
6299,42527
6299,42528
6299,42529
6299,42530
6299,42531
6299,42532
6299,42533
6299,42534
6299,42535
6299,42536
6299,42537
6299,42538
6299,42539
6299,42540
6299,42541
6299,42542
6299,42543
6299,42544
6299,42545
6299,42546
6299,42547
6299,42548
6299,42549
6299,42550
6299,42551
6299,42552
6299,42553
6299,42554
6299,42555
6299,42556
6299,42557
6299,42558
6299,42559
6299,42560
6299,42561
6299,42562
6299,42563
6299,42564
6299,42565
6299,42566
6299,42567
6299,42568
6299,42569
6299,42570
6299,42571
6299,42572
6299,42573
6299,42574
6300,42378
6300,42379
6300,42380
6300,42381
6300,42382
6300,42383
6300,42384
6300,42385
6300,42386
6300,42387
6300,42388
6300,42389
6300,42390
6300,42391
6300,42392
6300,42393
6300,42394
6300,42395
6300,42396
6300,42397
6300,42398
6300,42399
6300,42400
6300,42401
6300,42402
6300,42403
6300,42404
6300,42405
6300,42406
6300,42407
6300,42408
6300,42409
6300,42410
6300,42411
6300,42412
6300,42413
6300,42414
6300,42415
6300,42416
6300,42417
6300,42418
6300,42419
6300,42420
6300,42421
6300,42422
6300,42423
6300,42424
6300,42425
6300,42426
6300,42427
6300,42428
6300,42429
6300,42430
6300,42431
6300,42432
6300,42433
6300,42434
6300,42435
6300,42436
6300,42437
6300,42438
6300,42439
6300,42440
6300,42441
6300,42442
6300,42443
6300,42444
6300,42445
6300,42446
6300,42447
6300,42448
6300,42449
6300,42450
6300,42451
6300,42452
6300,42453
6300,42454
6300,42455
6300,42456
6300,42457
6300,42458
6300,42459
6300,42460
6300,42461
6300,42462
6300,42463
6300,42464
6300,42465
6300,42466
6300,42467
6300,42468
6300,42469
6300,42470
6300,42471
6300,42472
6300,42473
6300,42474
6300,42475
6300,42476
6300,42477
6300,42478
6300,42479
6300,42480
6300,42481
6300,42482
6300,42483
6300,42484
6300,42485
6300,42486
6300,42487
6300,42488
6300,42489
6300,42490
6300,42491
6300,42492
6300,42493
6300,42494
6300,42495
6300,42496
6300,42497
6300,42498
6300,42499
6300,42500
6300,42501
6300,42502
6300,42503
6300,42504
6300,42505
6300,42506
6300,42507
6300,42508
6300,42509
6300,42510
6300,42511
6300,42512
6300,42513
6300,42514
6300,42515
6300,42516
6300,42517
6300,42518
6300,42519
6300,42520
6300,42521
6300,42522
6300,42523
6300,42524
6300,42525
6300,42526
6300,42527
6300,42528
6300,42529
6300,42530
6300,42531
6300,42532
6300,42533
6300,42534
6300,42535
6300,42536
6300,42537
6300,42538
6300,42539
6300,42540
6300,42541
6300,42542
6300,42543
6300,42544
6300,42545
6300,42546
6300,42547
6300,42548
6300,42549
6300,42550
6300,42551
6300,42552
6300,42553
6300,42554
6300,42555
6300,42556
6300,42557
6300,42558
6300,42559
6300,42560
6300,42561
6300,42562
6300,42563
6300,42564
6300,42565
6300,42566
6300,42567
6300,42568
6300,42569
6300,42570
6300,42571
6300,42572
6300,42573
6300,42574
6301,42376
6301,42377
6301,42378
6301,42379
6301,42380
6301,42381
6301,42382
6301,42383
6301,42384
6301,42385
6301,42386
6301,42387
6301,42388
6301,42389
6301,42390
6301,42391
6301,42392
6301,42393
6301,42394
6301,42395
6301,42396
6301,42397
6301,42398
6301,42399
6301,42400
6301,42401
6301,42402
6301,42403
6301,42404
6301,42405
6301,42406
6301,42407
6301,42408
6301,42409
6301,42410
6301,42411
6301,42412
6301,42413
6301,42414
6301,42415
6301,42416
6301,42417
6301,42418
6301,42419
6301,42420
6301,42421
6301,42422
6301,42423
6301,42424
6301,42425
6301,42426
6301,42427
6301,42428
6301,42429
6301,42430
6301,42431
6301,42432
6301,42433
6301,42434
6301,42435
6301,42436
6301,42437
6301,42438
6301,42439
6301,42440
6301,42441
6301,42442
6301,42443
6301,42444
6301,42445
6301,42446
6301,42447
6301,42448
6301,42449
6301,42450
6301,42451
6301,42452
6301,42453
6301,42454
6301,42455
6301,42456
6301,42457
6301,42458
6301,42459
6301,42460
6301,42461
6301,42462
6301,42463
6301,42464
6301,42465
6301,42466
6301,42467
6301,42468
6301,42469
6301,42470
6301,42471
6301,42472
6301,42473
6301,42474
6301,42475
6301,42476
6301,42477
6301,42478
6301,42479
6301,42480
6301,42481
6301,42482
6301,42483
6301,42484
6301,42485
6301,42486
6301,42487
6301,42488
6301,42489
6301,42490
6301,42491
6301,42492
6301,42493
6301,42494
6301,42495
6301,42496
6301,42497
6301,42498
6301,42499
6301,42500
6301,42501
6301,42502
6301,42503
6301,42504
6301,42505
6301,42506
6301,42507
6301,42508
6301,42509
6301,42510
6301,42511
6301,42512
6301,42513
6301,42514
6301,42515
6301,42516
6301,42517
6301,42518
6301,42519
6301,42520
6301,42521
6301,42522
6301,42523
6301,42524
6301,42525
6301,42526
6301,42527
6301,42528
6301,42529
6301,42530
6301,42531
6301,42532
6301,42533
6301,42534
6301,42535
6301,42536
6301,42537
6301,42538
6301,42539
6301,42540
6301,42541
6301,42542
6301,42543
6301,42544
6301,42545
6301,42546
6301,42547
6301,42548
6301,42549
6301,42550
6301,42551
6301,42552
6301,42553
6301,42554
6301,42555
6301,42556
6301,42557
6301,42558
6301,42559
6301,42560
6301,42561
6301,42562
6301,42563
6301,42564
6301,42565
6301,42566
6301,42567
6301,42568
6301,42569
6301,42570
6301,42571
6301,42572
6301,42573
6301,42574
6302,42375
6302,42376
6302,42377
6302,42378
6302,42379
6302,42380
6302,42381
6302,42382
6302,42383
6302,42384
6302,42385
6302,42386
6302,42387
6302,42388
6302,42389
6302,42390
6302,42391
6302,42392
6302,42393
6302,42394
6302,42395
6302,42396
6302,42397
6302,42398
6302,42399
6302,42400
6302,42401
6302,42402
6302,42403
6302,42404
6302,42405
6302,42406
6302,42407
6302,42408
6302,42409
6302,42410
6302,42411
6302,42412
6302,42413
6302,42414
6302,42415
6302,42416
6302,42417
6302,42418
6302,42419
6302,42420
6302,42421
6302,42422
6302,42423
6302,42424
6302,42425
6302,42426
6302,42427
6302,42428
6302,42429
6302,42430
6302,42431
6302,42432
6302,42433
6302,42434
6302,42435
6302,42436
6302,42437
6302,42438
6302,42439
6302,42440
6302,42441
6302,42442
6302,42443
6302,42444
6302,42445
6302,42446
6302,42447
6302,42448
6302,42449
6302,42450
6302,42451
6302,42452
6302,42453
6302,42454
6302,42455
6302,42456
6302,42457
6302,42458
6302,42459
6302,42460
6302,42461
6302,42462
6302,42463
6302,42464
6302,42465
6302,42466
6302,42467
6302,42468
6302,42469
6302,42470
6302,42471
6302,42472
6302,42473
6302,42474
6302,42475
6302,42476
6302,42477
6302,42478
6302,42479
6302,42480
6302,42481
6302,42482
6302,42483
6302,42484
6302,42485
6302,42486
6302,42487
6302,42488
6302,42489
6302,42490
6302,42491
6302,42492
6302,42493
6302,42494
6302,42495
6302,42496
6302,42497
6302,42498
6302,42499
6302,42500
6302,42501
6302,42502
6302,42503
6302,42504
6302,42505
6302,42506
6302,42507
6302,42508
6302,42509
6302,42510
6302,42511
6302,42512
6302,42513
6302,42514
6302,42515
6302,42516
6302,42517
6302,42518
6302,42519
6302,42520
6302,42521
6302,42522
6302,42523
6302,42524
6302,42525
6302,42526
6302,42527
6302,42528
6302,42529
6302,42530
6302,42531
6302,42532
6302,42533
6302,42534
6302,42535
6302,42536
6302,42537
6302,42538
6302,42539
6302,42540
6302,42541
6302,42542
6302,42543
6302,42544
6302,42545
6302,42546
6302,42547
6302,42548
6302,42549
6302,42550
6302,42551
6302,42552
6302,42553
6302,42554
6302,42555
6302,42556
6302,42557
6302,42558
6302,42559
6302,42560
6302,42561
6302,42562
6302,42563
6302,42564
6302,42565
6302,42566
6302,42567
6302,42568
6302,42569
6302,42570
6302,42571
6302,42572
6302,42573
6303,42374
6303,42375
6303,42376
6303,42377
6303,42378
6303,42379
6303,42380
6303,42381
6303,42382
6303,42383
6303,42384
6303,42385
6303,42386
6303,42387
6303,42388
6303,42389
6303,42390
6303,42391
6303,42392
6303,42393
6303,42394
6303,42395
6303,42396
6303,42397
6303,42398
6303,42399
6303,42400
6303,42401
6303,42402
6303,42403
6303,42404
6303,42405
6303,42406
6303,42407
6303,42408
6303,42409
6303,42410
6303,42411
6303,42412
6303,42413
6303,42414
6303,42415
6303,42416
6303,42417
6303,42418
6303,42419
6303,42420
6303,42421
6303,42422
6303,42423
6303,42424
6303,42425
6303,42426
6303,42427
6303,42428
6303,42429
6303,42430
6303,42431
6303,42432
6303,42433
6303,42434
6303,42435
6303,42436
6303,42437
6303,42438
6303,42439
6303,42440
6303,42441
6303,42442
6303,42443
6303,42444
6303,42445
6303,42446
6303,42447
6303,42448
6303,42449
6303,42450
6303,42451
6303,42452
6303,42453
6303,42454
6303,42455
6303,42456
6303,42457
6303,42458
6303,42459
6303,42460
6303,42461
6303,42462
6303,42463
6303,42464
6303,42465
6303,42466
6303,42467
6303,42468
6303,42469
6303,42470
6303,42471
6303,42472
6303,42473
6303,42474
6303,42475
6303,42476
6303,42477
6303,42478
6303,42479
6303,42480
6303,42481
6303,42482
6303,42483
6303,42484
6303,42485
6303,42486
6303,42487
6303,42488
6303,42489
6303,42490
6303,42491
6303,42492
6303,42493
6303,42494
6303,42495
6303,42496
6303,42497
6303,42498
6303,42499
6303,42500
6303,42501
6303,42502
6303,42503
6303,42504
6303,42505
6303,42506
6303,42507
6303,42508
6303,42509
6303,42510
6303,42511
6303,42512
6303,42513
6303,42514
6303,42515
6303,42516
6303,42517
6303,42518
6303,42519
6303,42520
6303,42521
6303,42522
6303,42523
6303,42524
6303,42525
6303,42526
6303,42527
6303,42528
6303,42529
6303,42530
6303,42531
6303,42532
6303,42533
6303,42534
6303,42535
6303,42536
6303,42537
6303,42538
6303,42539
6303,42540
6303,42541
6303,42542
6303,42543
6303,42544
6303,42545
6303,42546
6303,42547
6303,42548
6303,42549
6303,42550
6303,42551
6303,42552
6303,42553
6303,42554
6303,42555
6303,42556
6303,42557
6303,42558
6303,42559
6303,42560
6303,42561
6303,42562
6303,42563
6303,42564
6303,42565
6303,42566
6303,42567
6303,42568
6303,42569
6303,42570
6303,42571
6303,42572
6303,42573
6304,42374
6304,42375
6304,42376
6304,42377
6304,42378
6304,42379
6304,42380
6304,42381
6304,42382
6304,42383
6304,42384
6304,42385
6304,42386
6304,42387
6304,42388
6304,42389
6304,42390
6304,42391
6304,42392
6304,42393
6304,42394
6304,42395
6304,42396
6304,42397
6304,42398
6304,42399
6304,42400
6304,42401
6304,42402
6304,42403
6304,42404
6304,42405
6304,42406
6304,42407
6304,42408
6304,42409
6304,42410
6304,42411
6304,42412
6304,42413
6304,42414
6304,42415
6304,42416
6304,42417
6304,42418
6304,42419
6304,42420
6304,42421
6304,42422
6304,42423
6304,42424
6304,42425
6304,42426
6304,42427
6304,42428
6304,42429
6304,42430
6304,42431
6304,42432
6304,42433
6304,42434
6304,42435
6304,42436
6304,42437
6304,42438
6304,42439
6304,42440
6304,42441
6304,42442
6304,42443
6304,42444
6304,42445
6304,42446
6304,42447
6304,42448
6304,42449
6304,42450
6304,42451
6304,42452
6304,42453
6304,42454
6304,42455
6304,42456
6304,42457
6304,42458
6304,42459
6304,42460
6304,42461
6304,42462
6304,42463
6304,42464
6304,42465
6304,42466
6304,42467
6304,42468
6304,42469
6304,42470
6304,42471
6304,42472
6304,42473
6304,42474
6304,42475
6304,42476
6304,42477
6304,42478
6304,42479
6304,42480
6304,42481
6304,42482
6304,42483
6304,42484
6304,42485
6304,42486
6304,42487
6304,42488
6304,42489
6304,42490
6304,42491
6304,42492
6304,42493
6304,42494
6304,42495
6304,42496
6304,42497
6304,42498
6304,42499
6304,42500
6304,42501
6304,42502
6304,42503
6304,42504
6304,42505
6304,42506
6304,42507
6304,42508
6304,42509
6304,42510
6304,42511
6304,42512
6304,42513
6304,42514
6304,42515
6304,42516
6304,42517
6304,42518
6304,42519
6304,42520
6304,42521
6304,42522
6304,42523
6304,42524
6304,42525
6304,42526
6304,42527
6304,42528
6304,42529
6304,42530
6304,42531
6304,42532
6304,42533
6304,42534
6304,42535
6304,42536
6304,42537
6304,42538
6304,42539
6304,42540
6304,42541
6304,42542
6304,42543
6304,42544
6304,42545
6304,42546
6304,42547
6304,42548
6304,42549
6304,42550
6304,42551
6304,42552
6304,42553
6304,42554
6304,42555
6304,42556
6304,42557
6304,42558
6304,42559
6304,42560
6304,42561
6304,42562
6304,42563
6304,42564
6304,42565
6304,42566
6304,42567
6304,42568
6304,42569
6304,42570
6304,42571
6304,42572
6304,42573
6305,42374
6305,42375
6305,42376
6305,42377
6305,42378
6305,42379
6305,42380
6305,42381
6305,42382
6305,42383
6305,42384
6305,42385
6305,42386
6305,42387
6305,42388
6305,42389
6305,42390
6305,42391
6305,42392
6305,42393
6305,42394
6305,42395
6305,42396
6305,42397
6305,42398
6305,42399
6305,42400
6305,42401
6305,42402
6305,42403
6305,42404
6305,42405
6305,42406
6305,42407
6305,42408
6305,42409
6305,42410
6305,42411
6305,42412
6305,42413
6305,42414
6305,42415
6305,42416
6305,42417
6305,42418
6305,42419
6305,42420
6305,42421
6305,42422
6305,42423
6305,42424
6305,42425
6305,42426
6305,42427
6305,42428
6305,42429
6305,42430
6305,42431
6305,42432
6305,42433
6305,42434
6305,42435
6305,42436
6305,42437
6305,42438
6305,42439
6305,42440
6305,42441
6305,42442
6305,42443
6305,42444
6305,42445
6305,42446
6305,42447
6305,42448
6305,42449
6305,42450
6305,42451
6305,42452
6305,42453
6305,42454
6305,42455
6305,42456
6305,42457
6305,42458
6305,42459
6305,42460
6305,42461
6305,42462
6305,42463
6305,42464
6305,42465
6305,42466
6305,42467
6305,42468
6305,42469
6305,42470
6305,42471
6305,42472
6305,42473
6305,42474
6305,42475
6305,42476
6305,42477
6305,42478
6305,42479
6305,42480
6305,42481
6305,42482
6305,42483
6305,42484
6305,42485
6305,42486
6305,42487
6305,42488
6305,42489
6305,42490
6305,42491
6305,42492
6305,42493
6305,42494
6305,42495
6305,42496
6305,42497
6305,42498
6305,42499
6305,42500
6305,42501
6305,42502
6305,42503
6305,42504
6305,42505
6305,42506
6305,42507
6305,42508
6305,42509
6305,42510
6305,42511
6305,42512
6305,42513
6305,42514
6305,42515
6305,42516
6305,42517
6305,42518
6305,42519
6305,42520
6305,42521
6305,42522
6305,42523
6305,42524
6305,42525
6305,42526
6305,42527
6305,42528
6305,42529
6305,42530
6305,42531
6305,42532
6305,42533
6305,42534
6305,42535
6305,42536
6305,42537
6305,42538
6305,42539
6305,42540
6305,42541
6305,42542
6305,42543
6305,42544
6305,42545
6305,42546
6305,42547
6305,42548
6305,42549
6305,42550
6305,42551
6305,42552
6305,42553
6305,42554
6305,42555
6305,42556
6305,42557
6305,42558
6305,42559
6305,42560
6305,42561
6305,42562
6305,42563
6305,42564
6305,42565
6305,42566
6305,42567
6305,42568
6305,42569
6305,42570
6305,42571
6305,42572
6306,42373
6306,42374
6306,42375
6306,42376
6306,42377
6306,42378
6306,42379
6306,42380
6306,42381
6306,42382
6306,42383
6306,42384
6306,42385
6306,42386
6306,42387
6306,42388
6306,42389
6306,42390
6306,42391
6306,42392
6306,42393
6306,42394
6306,42395
6306,42396
6306,42397
6306,42398
6306,42399
6306,42400
6306,42401
6306,42402
6306,42403
6306,42404
6306,42405
6306,42406
6306,42407
6306,42408
6306,42409
6306,42410
6306,42411
6306,42412
6306,42413
6306,42414
6306,42415
6306,42416
6306,42417
6306,42418
6306,42419
6306,42420
6306,42421
6306,42422
6306,42423
6306,42424
6306,42425
6306,42426
6306,42427
6306,42428
6306,42429
6306,42430
6306,42431
6306,42432
6306,42433
6306,42434
6306,42435
6306,42436
6306,42437
6306,42438
6306,42439
6306,42440
6306,42441
6306,42442
6306,42443
6306,42444
6306,42445
6306,42446
6306,42447
6306,42448
6306,42449
6306,42450
6306,42451
6306,42452
6306,42453
6306,42454
6306,42455
6306,42456
6306,42457
6306,42458
6306,42459
6306,42460
6306,42461
6306,42462
6306,42463
6306,42464
6306,42465
6306,42466
6306,42467
6306,42468
6306,42469
6306,42470
6306,42471
6306,42472
6306,42473
6306,42474
6306,42475
6306,42476
6306,42477
6306,42478
6306,42479
6306,42480
6306,42481
6306,42482
6306,42483
6306,42484
6306,42485
6306,42486
6306,42487
6306,42488
6306,42489
6306,42490
6306,42491
6306,42492
6306,42493
6306,42494
6306,42495
6306,42496
6306,42497
6306,42498
6306,42499
6306,42500
6306,42501
6306,42502
6306,42503
6306,42504
6306,42505
6306,42506
6306,42507
6306,42508
6306,42509
6306,42510
6306,42511
6306,42512
6306,42513
6306,42514
6306,42515
6306,42516
6306,42517
6306,42518
6306,42519
6306,42520
6306,42521
6306,42522
6306,42523
6306,42524
6306,42525
6306,42526
6306,42527
6306,42528
6306,42529
6306,42530
6306,42531
6306,42532
6306,42533
6306,42534
6306,42535
6306,42536
6306,42537
6306,42538
6306,42539
6306,42540
6306,42541
6306,42542
6306,42543
6306,42544
6306,42545
6306,42546
6306,42547
6306,42548
6306,42549
6306,42550
6306,42551
6306,42552
6306,42553
6306,42554
6306,42555
6306,42556
6306,42557
6306,42558
6306,42559
6306,42560
6306,42561
6306,42562
6306,42563
6306,42564
6306,42565
6306,42566
6306,42567
6306,42568
6306,42569
6306,42570
6306,42571
6306,42572
6307,42373
6307,42374
6307,42375
6307,42376
6307,42377
6307,42378
6307,42379
6307,42380
6307,42381
6307,42382
6307,42383
6307,42384
6307,42385
6307,42386
6307,42387
6307,42388
6307,42389
6307,42390
6307,42391
6307,42392
6307,42393
6307,42394
6307,42395
6307,42396
6307,42397
6307,42398
6307,42399
6307,42400
6307,42401
6307,42402
6307,42403
6307,42404
6307,42405
6307,42406
6307,42407
6307,42408
6307,42409
6307,42410
6307,42411
6307,42412
6307,42413
6307,42414
6307,42415
6307,42416
6307,42417
6307,42418
6307,42419
6307,42420
6307,42421
6307,42422
6307,42423
6307,42424
6307,42425
6307,42426
6307,42427
6307,42428
6307,42429
6307,42430
6307,42431
6307,42432
6307,42433
6307,42434
6307,42435
6307,42436
6307,42437
6307,42438
6307,42439
6307,42440
6307,42441
6307,42442
6307,42443
6307,42444
6307,42445
6307,42446
6307,42447
6307,42448
6307,42449
6307,42450
6307,42451
6307,42452
6307,42453
6307,42454
6307,42455
6307,42456
6307,42457
6307,42458
6307,42459
6307,42460
6307,42461
6307,42462
6307,42463
6307,42464
6307,42465
6307,42466
6307,42467
6307,42468
6307,42469
6307,42470
6307,42471
6307,42472
6307,42473
6307,42474
6307,42475
6307,42476
6307,42477
6307,42478
6307,42479
6307,42480
6307,42481
6307,42482
6307,42483
6307,42484
6307,42485
6307,42486
6307,42487
6307,42488
6307,42489
6307,42490
6307,42491
6307,42492
6307,42493
6307,42494
6307,42495
6307,42496
6307,42497
6307,42498
6307,42499
6307,42500
6307,42501
6307,42502
6307,42503
6307,42504
6307,42505
6307,42506
6307,42507
6307,42508
6307,42509
6307,42510
6307,42511
6307,42512
6307,42513
6307,42514
6307,42515
6307,42516
6307,42517
6307,42518
6307,42519
6307,42520
6307,42521
6307,42522
6307,42523
6307,42524
6307,42525
6307,42526
6307,42527
6307,42528
6307,42529
6307,42530
6307,42531
6307,42532
6307,42533
6307,42534
6307,42535
6307,42536
6307,42537
6307,42538
6307,42539
6307,42540
6307,42541
6307,42542
6307,42543
6307,42544
6307,42545
6307,42546
6307,42547
6307,42548
6307,42549
6307,42550
6307,42551
6307,42552
6307,42553
6307,42554
6307,42555
6307,42556
6307,42557
6307,42558
6307,42559
6307,42560
6307,42561
6307,42562
6307,42563
6307,42564
6307,42565
6307,42566
6307,42567
6307,42568
6307,42569
6307,42570
6307,42571
6308,42373
6308,42374
6308,42375
6308,42376
6308,42377
6308,42378
6308,42379
6308,42380
6308,42381
6308,42382
6308,42383
6308,42384
6308,42385
6308,42386
6308,42387
6308,42388
6308,42389
6308,42390
6308,42391
6308,42392
6308,42393
6308,42394
6308,42395
6308,42396
6308,42397
6308,42398
6308,42399
6308,42400
6308,42401
6308,42402
6308,42403
6308,42404
6308,42405
6308,42406
6308,42407
6308,42408
6308,42409
6308,42410
6308,42411
6308,42412
6308,42413
6308,42414
6308,42415
6308,42416
6308,42417
6308,42418
6308,42419
6308,42420
6308,42421
6308,42422
6308,42423
6308,42424
6308,42425
6308,42426
6308,42427
6308,42428
6308,42429
6308,42430
6308,42431
6308,42432
6308,42433
6308,42434
6308,42435
6308,42436
6308,42437
6308,42438
6308,42439
6308,42440
6308,42441
6308,42442
6308,42443
6308,42444
6308,42445
6308,42446
6308,42447
6308,42448
6308,42449
6308,42450
6308,42451
6308,42452
6308,42453
6308,42454
6308,42455
6308,42456
6308,42457
6308,42458
6308,42459
6308,42460
6308,42461
6308,42462
6308,42463
6308,42464
6308,42465
6308,42466
6308,42467
6308,42468
6308,42469
6308,42470
6308,42471
6308,42472
6308,42473
6308,42474
6308,42475
6308,42476
6308,42477
6308,42478
6308,42479
6308,42480
6308,42481
6308,42482
6308,42483
6308,42484
6308,42485
6308,42486
6308,42487
6308,42488
6308,42489
6308,42490
6308,42491
6308,42492
6308,42493
6308,42494
6308,42495
6308,42496
6308,42497
6308,42498
6308,42499
6308,42500
6308,42501
6308,42502
6308,42503
6308,42504
6308,42505
6308,42506
6308,42507
6308,42508
6308,42509
6308,42510
6308,42511
6308,42512
6308,42513
6308,42514
6308,42515
6308,42516
6308,42517
6308,42518
6308,42519
6308,42520
6308,42521
6308,42522
6308,42523
6308,42524
6308,42525
6308,42526
6308,42527
6308,42528
6308,42529
6308,42530
6308,42531
6308,42532
6308,42533
6308,42534
6308,42535
6308,42536
6308,42537
6308,42538
6308,42539
6308,42540
6308,42541
6308,42542
6308,42543
6308,42544
6308,42545
6308,42546
6308,42547
6308,42548
6308,42549
6308,42550
6308,42551
6308,42552
6308,42553
6308,42554
6308,42555
6308,42556
6308,42557
6308,42558
6308,42559
6308,42560
6308,42561
6308,42562
6308,42563
6308,42564
6308,42565
6308,42566
6308,42567
6308,42568
6308,42569
6308,42570
6309,42372
6309,42373
6309,42374
6309,42375
6309,42376
6309,42377
6309,42378
6309,42379
6309,42380
6309,42381
6309,42382
6309,42383
6309,42384
6309,42385
6309,42386
6309,42387
6309,42388
6309,42389
6309,42390
6309,42391
6309,42392
6309,42393
6309,42394
6309,42395
6309,42396
6309,42397
6309,42398
6309,42399
6309,42400
6309,42401
6309,42402
6309,42403
6309,42404
6309,42405
6309,42406
6309,42407
6309,42408
6309,42409
6309,42410
6309,42411
6309,42412
6309,42413
6309,42414
6309,42415
6309,42416
6309,42417
6309,42418
6309,42419
6309,42420
6309,42421
6309,42422
6309,42423
6309,42424
6309,42425
6309,42426
6309,42427
6309,42428
6309,42429
6309,42430
6309,42431
6309,42432
6309,42433
6309,42434
6309,42435
6309,42436
6309,42437
6309,42438
6309,42439
6309,42440
6309,42441
6309,42442
6309,42443
6309,42444
6309,42445
6309,42446
6309,42447
6309,42448
6309,42449
6309,42450
6309,42451
6309,42452
6309,42453
6309,42454
6309,42455
6309,42456
6309,42457
6309,42458
6309,42459
6309,42460
6309,42461
6309,42462
6309,42463
6309,42464
6309,42465
6309,42466
6309,42467
6309,42468
6309,42469
6309,42470
6309,42471
6309,42472
6309,42473
6309,42474
6309,42475
6309,42476
6309,42477
6309,42478
6309,42479
6309,42480
6309,42481
6309,42482
6309,42483
6309,42484
6309,42485
6309,42486
6309,42487
6309,42488
6309,42489
6309,42490
6309,42491
6309,42492
6309,42493
6309,42494
6309,42495
6309,42496
6309,42497
6309,42498
6309,42499
6309,42500
6309,42501
6309,42502
6309,42503
6309,42504
6309,42505
6309,42506
6309,42507
6309,42508
6309,42509
6309,42510
6309,42511
6309,42512
6309,42513
6309,42514
6309,42515
6309,42516
6309,42517
6309,42518
6309,42519
6309,42520
6309,42521
6309,42522
6309,42523
6309,42524
6309,42525
6309,42526
6309,42527
6309,42528
6309,42529
6309,42530
6309,42531
6309,42532
6309,42533
6309,42534
6309,42535
6309,42536
6309,42537
6309,42538
6309,42539
6309,42540
6309,42541
6309,42542
6309,42543
6309,42544
6309,42545
6309,42546
6309,42547
6309,42548
6309,42549
6309,42550
6309,42551
6309,42552
6309,42553
6309,42554
6309,42555
6309,42556
6309,42557
6309,42558
6309,42559
6309,42560
6309,42561
6309,42562
6309,42563
6309,42564
6309,42565
6309,42566
6309,42567
6309,42568
6309,42569
6310,42372
6310,42373
6310,42374
6310,42375
6310,42376
6310,42377
6310,42378
6310,42379
6310,42380
6310,42381
6310,42382
6310,42383
6310,42384
6310,42385
6310,42386
6310,42387
6310,42388
6310,42389
6310,42390
6310,42391
6310,42392
6310,42393
6310,42394
6310,42395
6310,42396
6310,42397
6310,42398
6310,42399
6310,42400
6310,42401
6310,42402
6310,42403
6310,42404
6310,42405
6310,42406
6310,42407
6310,42408
6310,42409
6310,42410
6310,42411
6310,42412
6310,42413
6310,42414
6310,42415
6310,42416
6310,42417
6310,42418
6310,42419
6310,42420
6310,42421
6310,42422
6310,42423
6310,42424
6310,42425
6310,42426
6310,42427
6310,42428
6310,42429
6310,42430
6310,42431
6310,42432
6310,42433
6310,42434
6310,42435
6310,42436
6310,42437
6310,42438
6310,42439
6310,42440
6310,42441
6310,42442
6310,42443
6310,42444
6310,42445
6310,42446
6310,42447
6310,42448
6310,42449
6310,42450
6310,42451
6310,42452
6310,42453
6310,42454
6310,42455
6310,42456
6310,42457
6310,42458
6310,42459
6310,42460
6310,42461
6310,42462
6310,42463
6310,42464
6310,42465
6310,42466
6310,42467
6310,42468
6310,42469
6310,42470
6310,42471
6310,42472
6310,42473
6310,42474
6310,42475
6310,42476
6310,42477
6310,42478
6310,42479
6310,42480
6310,42481
6310,42482
6310,42483
6310,42484
6310,42485
6310,42486
6310,42487
6310,42488
6310,42489
6310,42490
6310,42491
6310,42492
6310,42493
6310,42494
6310,42495
6310,42496
6310,42497
6310,42498
6310,42499
6310,42500
6310,42501
6310,42502
6310,42503
6310,42504
6310,42505
6310,42506
6310,42507
6310,42508
6310,42509
6310,42510
6310,42511
6310,42512
6310,42513
6310,42514
6310,42515
6310,42516
6310,42517
6310,42518
6310,42519
6310,42520
6310,42521
6310,42522
6310,42523
6310,42524
6310,42525
6310,42526
6310,42527
6310,42528
6310,42529
6310,42530
6310,42531
6310,42532
6310,42533
6310,42534
6310,42535
6310,42536
6310,42537
6310,42538
6310,42539
6310,42540
6310,42541
6310,42542
6310,42543
6310,42544
6310,42545
6310,42546
6310,42547
6310,42548
6310,42549
6310,42550
6310,42551
6310,42552
6310,42553
6310,42554
6310,42555
6310,42556
6310,42557
6310,42558
6310,42559
6310,42560
6310,42561
6310,42562
6310,42563
6310,42564
6310,42565
6310,42566
6310,42567
6310,42568
6311,42372
6311,42373
6311,42374
6311,42375
6311,42376
6311,42377
6311,42378
6311,42379
6311,42380
6311,42381
6311,42382
6311,42383
6311,42384
6311,42385
6311,42386
6311,42387
6311,42388
6311,42389
6311,42390
6311,42391
6311,42392
6311,42393
6311,42394
6311,42395
6311,42396
6311,42397
6311,42398
6311,42399
6311,42400
6311,42401
6311,42402
6311,42403
6311,42404
6311,42405
6311,42406
6311,42407
6311,42408
6311,42409
6311,42410
6311,42411
6311,42412
6311,42413
6311,42414
6311,42415
6311,42416
6311,42417
6311,42418
6311,42419
6311,42420
6311,42421
6311,42422
6311,42423
6311,42424
6311,42425
6311,42426
6311,42427
6311,42428
6311,42429
6311,42430
6311,42431
6311,42432
6311,42433
6311,42434
6311,42435
6311,42436
6311,42437
6311,42438
6311,42439
6311,42440
6311,42441
6311,42442
6311,42443
6311,42444
6311,42445
6311,42446
6311,42447
6311,42448
6311,42449
6311,42450
6311,42451
6311,42452
6311,42453
6311,42454
6311,42455
6311,42456
6311,42457
6311,42458
6311,42459
6311,42460
6311,42461
6311,42462
6311,42463
6311,42464
6311,42465
6311,42466
6311,42467
6311,42468
6311,42469
6311,42470
6311,42471
6311,42472
6311,42473
6311,42474
6311,42475
6311,42476
6311,42477
6311,42478
6311,42479
6311,42480
6311,42481
6311,42482
6311,42483
6311,42484
6311,42485
6311,42486
6311,42487
6311,42488
6311,42489
6311,42490
6311,42491
6311,42492
6311,42493
6311,42494
6311,42495
6311,42496
6311,42497
6311,42498
6311,42499
6311,42500
6311,42501
6311,42502
6311,42503
6311,42504
6311,42505
6311,42506
6311,42507
6311,42508
6311,42509
6311,42510
6311,42511
6311,42512
6311,42513
6311,42514
6311,42515
6311,42516
6311,42517
6311,42518
6311,42519
6311,42520
6311,42521
6311,42522
6311,42523
6311,42524
6311,42525
6311,42526
6311,42527
6311,42528
6311,42529
6311,42530
6311,42531
6311,42532
6311,42533
6311,42534
6311,42535
6311,42536
6311,42537
6311,42538
6311,42539
6311,42540
6311,42541
6311,42542
6311,42543
6311,42544
6311,42545
6311,42546
6311,42547
6311,42548
6311,42549
6311,42550
6311,42551
6311,42552
6311,42553
6311,42554
6311,42555
6311,42556
6311,42557
6311,42558
6311,42559
6311,42560
6311,42561
6311,42562
6311,42563
6311,42564
6311,42565
6311,42566
6311,42567
6312,42371
6312,42372
6312,42373
6312,42374
6312,42375
6312,42376
6312,42377
6312,42378
6312,42379
6312,42380
6312,42381
6312,42382
6312,42383
6312,42384
6312,42385
6312,42386
6312,42387
6312,42388
6312,42389
6312,42390
6312,42391
6312,42392
6312,42393
6312,42394
6312,42395
6312,42396
6312,42397
6312,42398
6312,42399
6312,42400
6312,42401
6312,42402
6312,42403
6312,42404
6312,42405
6312,42406
6312,42407
6312,42408
6312,42409
6312,42410
6312,42411
6312,42412
6312,42413
6312,42414
6312,42415
6312,42416
6312,42417
6312,42418
6312,42419
6312,42420
6312,42421
6312,42422
6312,42423
6312,42424
6312,42425
6312,42426
6312,42427
6312,42428
6312,42429
6312,42430
6312,42431
6312,42432
6312,42433
6312,42434
6312,42435
6312,42436
6312,42437
6312,42438
6312,42439
6312,42440
6312,42441
6312,42442
6312,42443
6312,42444
6312,42445
6312,42446
6312,42447
6312,42448
6312,42449
6312,42450
6312,42451
6312,42452
6312,42453
6312,42454
6312,42455
6312,42456
6312,42457
6312,42458
6312,42459
6312,42460
6312,42461
6312,42462
6312,42463
6312,42464
6312,42465
6312,42466
6312,42467
6312,42468
6312,42469
6312,42470
6312,42471
6312,42472
6312,42473
6312,42474
6312,42475
6312,42476
6312,42477
6312,42478
6312,42479
6312,42480
6312,42481
6312,42482
6312,42483
6312,42484
6312,42485
6312,42486
6312,42487
6312,42488
6312,42489
6312,42490
6312,42491
6312,42492
6312,42493
6312,42494
6312,42495
6312,42496
6312,42497
6312,42498
6312,42499
6312,42500
6312,42501
6312,42502
6312,42503
6312,42504
6312,42505
6312,42506
6312,42507
6312,42508
6312,42509
6312,42510
6312,42511
6312,42512
6312,42513
6312,42514
6312,42515
6312,42516
6312,42517
6312,42518
6312,42519
6312,42520
6312,42521
6312,42522
6312,42523
6312,42524
6312,42525
6312,42526
6312,42527
6312,42528
6312,42529
6312,42530
6312,42531
6312,42532
6312,42533
6312,42534
6312,42535
6312,42536
6312,42537
6312,42538
6312,42539
6312,42540
6312,42541
6312,42542
6312,42543
6312,42544
6312,42545
6312,42546
6312,42547
6312,42548
6312,42549
6312,42550
6312,42551
6312,42552
6312,42553
6312,42554
6312,42555
6312,42556
6312,42557
6312,42558
6312,42559
6312,42560
6312,42561
6312,42562
6312,42563
6312,42564
6312,42565
6312,42566
6313,42371
6313,42372
6313,42373
6313,42374
6313,42375
6313,42376
6313,42377
6313,42378
6313,42379
6313,42380
6313,42381
6313,42382
6313,42383
6313,42384
6313,42385
6313,42386
6313,42387
6313,42388
6313,42389
6313,42390
6313,42391
6313,42392
6313,42393
6313,42394
6313,42395
6313,42396
6313,42397
6313,42398
6313,42399
6313,42400
6313,42401
6313,42402
6313,42403
6313,42404
6313,42405
6313,42406
6313,42407
6313,42408
6313,42409
6313,42410
6313,42411
6313,42412
6313,42413
6313,42414
6313,42415
6313,42416
6313,42417
6313,42418
6313,42419
6313,42420
6313,42421
6313,42422
6313,42423
6313,42424
6313,42425
6313,42426
6313,42427
6313,42428
6313,42429
6313,42430
6313,42431
6313,42432
6313,42433
6313,42434
6313,42435
6313,42436
6313,42437
6313,42438
6313,42439
6313,42440
6313,42441
6313,42442
6313,42443
6313,42444
6313,42445
6313,42446
6313,42447
6313,42448
6313,42449
6313,42450
6313,42451
6313,42452
6313,42453
6313,42454
6313,42455
6313,42456
6313,42457
6313,42458
6313,42459
6313,42460
6313,42461
6313,42462
6313,42463
6313,42464
6313,42465
6313,42466
6313,42467
6313,42468
6313,42469
6313,42470
6313,42471
6313,42472
6313,42473
6313,42474
6313,42475
6313,42476
6313,42477
6313,42478
6313,42479
6313,42480
6313,42481
6313,42482
6313,42483
6313,42484
6313,42485
6313,42486
6313,42487
6313,42488
6313,42489
6313,42490
6313,42491
6313,42492
6313,42493
6313,42494
6313,42495
6313,42496
6313,42497
6313,42498
6313,42499
6313,42500
6313,42501
6313,42502
6313,42503
6313,42504
6313,42505
6313,42506
6313,42507
6313,42508
6313,42509
6313,42510
6313,42511
6313,42512
6313,42513
6313,42514
6313,42515
6313,42516
6313,42517
6313,42518
6313,42519
6313,42520
6313,42521
6313,42522
6313,42523
6313,42524
6313,42525
6313,42526
6313,42527
6313,42528
6313,42529
6313,42530
6313,42531
6313,42532
6313,42533
6313,42534
6313,42535
6313,42536
6313,42537
6313,42538
6313,42539
6313,42540
6313,42541
6313,42542
6313,42543
6313,42544
6313,42545
6313,42546
6313,42547
6313,42548
6313,42549
6313,42550
6313,42551
6313,42552
6313,42553
6313,42554
6313,42555
6313,42556
6313,42557
6313,42558
6313,42559
6313,42560
6313,42561
6313,42562
6313,42563
6313,42564
6313,42565
6313,42566
6314,42371
6314,42372
6314,42373
6314,42374
6314,42375
6314,42376
6314,42377
6314,42378
6314,42379
6314,42380
6314,42381
6314,42382
6314,42383
6314,42384
6314,42385
6314,42386
6314,42387
6314,42388
6314,42389
6314,42390
6314,42391
6314,42392
6314,42393
6314,42394
6314,42395
6314,42396
6314,42397
6314,42398
6314,42399
6314,42400
6314,42401
6314,42402
6314,42403
6314,42404
6314,42405
6314,42406
6314,42407
6314,42408
6314,42409
6314,42410
6314,42411
6314,42412
6314,42413
6314,42414
6314,42415
6314,42416
6314,42417
6314,42418
6314,42419
6314,42420
6314,42421
6314,42422
6314,42423
6314,42424
6314,42425
6314,42426
6314,42427
6314,42428
6314,42429
6314,42430
6314,42431
6314,42432
6314,42433
6314,42434
6314,42435
6314,42436
6314,42437
6314,42438
6314,42439
6314,42440
6314,42441
6314,42442
6314,42443
6314,42444
6314,42445
6314,42446
6314,42447
6314,42448
6314,42449
6314,42450
6314,42451
6314,42452
6314,42453
6314,42454
6314,42455
6314,42456
6314,42457
6314,42458
6314,42459
6314,42460
6314,42461
6314,42462
6314,42463
6314,42464
6314,42465
6314,42466
6314,42467
6314,42468
6314,42469
6314,42470
6314,42471
6314,42472
6314,42473
6314,42474
6314,42475
6314,42476
6314,42477
6314,42478
6314,42479
6314,42480
6314,42481
6314,42482
6314,42483
6314,42484
6314,42485
6314,42486
6314,42487
6314,42488
6314,42489
6314,42490
6314,42491
6314,42492
6314,42493
6314,42494
6314,42495
6314,42496
6314,42497
6314,42498
6314,42499
6314,42500
6314,42501
6314,42502
6314,42503
6314,42504
6314,42505
6314,42506
6314,42507
6314,42508
6314,42509
6314,42510
6314,42511
6314,42512
6314,42513
6314,42514
6314,42515
6314,42516
6314,42517
6314,42518
6314,42519
6314,42520
6314,42521
6314,42522
6314,42523
6314,42524
6314,42525
6314,42526
6314,42527
6314,42528
6314,42529
6314,42530
6314,42531
6314,42532
6314,42533
6314,42534
6314,42535
6314,42536
6314,42537
6314,42538
6314,42539
6314,42540
6314,42541
6314,42542
6314,42543
6314,42544
6314,42545
6314,42546
6314,42547
6314,42548
6314,42549
6314,42550
6314,42551
6314,42552
6314,42553
6314,42554
6314,42555
6314,42556
6314,42557
6314,42558
6314,42559
6314,42560
6314,42561
6314,42562
6314,42563
6314,42564
6314,42565
6315,42370
6315,42371
6315,42372
6315,42373
6315,42374
6315,42375
6315,42376
6315,42377
6315,42378
6315,42379
6315,42380
6315,42381
6315,42382
6315,42383
6315,42384
6315,42385
6315,42386
6315,42387
6315,42388
6315,42389
6315,42390
6315,42391
6315,42392
6315,42393
6315,42394
6315,42395
6315,42396
6315,42397
6315,42398
6315,42399
6315,42400
6315,42401
6315,42402
6315,42403
6315,42404
6315,42405
6315,42406
6315,42407
6315,42408
6315,42409
6315,42410
6315,42411
6315,42412
6315,42413
6315,42414
6315,42415
6315,42416
6315,42417
6315,42418
6315,42419
6315,42420
6315,42421
6315,42422
6315,42423
6315,42424
6315,42425
6315,42426
6315,42427
6315,42428
6315,42429
6315,42430
6315,42431
6315,42432
6315,42433
6315,42434
6315,42435
6315,42436
6315,42437
6315,42438
6315,42439
6315,42440
6315,42441
6315,42442
6315,42443
6315,42444
6315,42445
6315,42446
6315,42447
6315,42448
6315,42449
6315,42450
6315,42451
6315,42452
6315,42453
6315,42454
6315,42455
6315,42456
6315,42457
6315,42458
6315,42459
6315,42460
6315,42461
6315,42462
6315,42463
6315,42464
6315,42465
6315,42466
6315,42467
6315,42468
6315,42469
6315,42470
6315,42471
6315,42472
6315,42473
6315,42474
6315,42475
6315,42476
6315,42477
6315,42478
6315,42479
6315,42480
6315,42481
6315,42482
6315,42483
6315,42484
6315,42485
6315,42486
6315,42487
6315,42488
6315,42489
6315,42490
6315,42491
6315,42492
6315,42493
6315,42494
6315,42495
6315,42496
6315,42497
6315,42498
6315,42499
6315,42500
6315,42501
6315,42502
6315,42503
6315,42504
6315,42505
6315,42506
6315,42507
6315,42508
6315,42509
6315,42510
6315,42511
6315,42512
6315,42513
6315,42514
6315,42515
6315,42516
6315,42517
6315,42518
6315,42519
6315,42520
6315,42521
6315,42522
6315,42523
6315,42524
6315,42525
6315,42526
6315,42527
6315,42528
6315,42529
6315,42530
6315,42531
6315,42532
6315,42533
6315,42534
6315,42535
6315,42536
6315,42537
6315,42538
6315,42539
6315,42540
6315,42541
6315,42542
6315,42543
6315,42544
6315,42545
6315,42546
6315,42547
6315,42548
6315,42549
6315,42550
6315,42551
6315,42552
6315,42553
6315,42554
6315,42555
6315,42556
6315,42557
6315,42558
6315,42559
6315,42560
6315,42561
6315,42562
6315,42563
6315,42564
6315,42565
6316,42371
6316,42372
6316,42373
6316,42374
6316,42375
6316,42376
6316,42377
6316,42378
6316,42379
6316,42380
6316,42381
6316,42382
6316,42383
6316,42384
6316,42385
6316,42386
6316,42387
6316,42388
6316,42389
6316,42390
6316,42391
6316,42392
6316,42393
6316,42394
6316,42395
6316,42396
6316,42397
6316,42398
6316,42399
6316,42400
6316,42401
6316,42402
6316,42403
6316,42404
6316,42405
6316,42406
6316,42407
6316,42408
6316,42409
6316,42410
6316,42411
6316,42412
6316,42413
6316,42414
6316,42415
6316,42416
6316,42417
6316,42418
6316,42419
6316,42420
6316,42421
6316,42422
6316,42423
6316,42424
6316,42425
6316,42426
6316,42427
6316,42428
6316,42429
6316,42430
6316,42431
6316,42432
6316,42433
6316,42434
6316,42435
6316,42436
6316,42437
6316,42438
6316,42439
6316,42440
6316,42441
6316,42442
6316,42443
6316,42444
6316,42445
6316,42446
6316,42447
6316,42448
6316,42449
6316,42450
6316,42451
6316,42452
6316,42453
6316,42454
6316,42455
6316,42456
6316,42457
6316,42458
6316,42459
6316,42460
6316,42461
6316,42462
6316,42463
6316,42464
6316,42465
6316,42466
6316,42467
6316,42468
6316,42469
6316,42470
6316,42471
6316,42472
6316,42473
6316,42474
6316,42475
6316,42476
6316,42477
6316,42478
6316,42479
6316,42480
6316,42481
6316,42482
6316,42483
6316,42484
6316,42485
6316,42486
6316,42487
6316,42488
6316,42489
6316,42490
6316,42491
6316,42492
6316,42493
6316,42494
6316,42495
6316,42496
6316,42497
6316,42498
6316,42499
6316,42500
6316,42501
6316,42502
6316,42503
6316,42504
6316,42505
6316,42506
6316,42507
6316,42508
6316,42509
6316,42510
6316,42511
6316,42512
6316,42513
6316,42514
6316,42515
6316,42516
6316,42517
6316,42518
6316,42519
6316,42520
6316,42521
6316,42522
6316,42523
6316,42524
6316,42525
6316,42526
6316,42527
6316,42528
6316,42529
6316,42530
6316,42531
6316,42532
6316,42533
6316,42534
6316,42535
6316,42536
6316,42537
6316,42538
6316,42539
6316,42540
6316,42541
6316,42542
6316,42543
6316,42544
6316,42545
6316,42546
6316,42547
6316,42548
6316,42549
6316,42550
6316,42551
6316,42552
6316,42553
6316,42554
6316,42555
6316,42556
6316,42557
6316,42558
6316,42559
6316,42560
6316,42561
6316,42562
6316,42563
6316,42564
6316,42565
6317,42371
6317,42372
6317,42373
6317,42374
6317,42375
6317,42376
6317,42377
6317,42378
6317,42379
6317,42380
6317,42381
6317,42382
6317,42383
6317,42384
6317,42385
6317,42386
6317,42387
6317,42388
6317,42389
6317,42390
6317,42391
6317,42392
6317,42393
6317,42394
6317,42395
6317,42396
6317,42397
6317,42398
6317,42399
6317,42400
6317,42401
6317,42402
6317,42403
6317,42404
6317,42405
6317,42406
6317,42407
6317,42408
6317,42409
6317,42410
6317,42411
6317,42412
6317,42413
6317,42414
6317,42415
6317,42416
6317,42417
6317,42418
6317,42419
6317,42420
6317,42421
6317,42422
6317,42423
6317,42424
6317,42425
6317,42426
6317,42427
6317,42428
6317,42429
6317,42430
6317,42431
6317,42432
6317,42433
6317,42434
6317,42435
6317,42436
6317,42437
6317,42438
6317,42439
6317,42440
6317,42441
6317,42442
6317,42443
6317,42444
6317,42445
6317,42446
6317,42447
6317,42448
6317,42449
6317,42450
6317,42451
6317,42452
6317,42453
6317,42454
6317,42455
6317,42456
6317,42457
6317,42458
6317,42459
6317,42460
6317,42461
6317,42462
6317,42463
6317,42464
6317,42465
6317,42466
6317,42467
6317,42468
6317,42469
6317,42470
6317,42471
6317,42472
6317,42473
6317,42474
6317,42475
6317,42476
6317,42477
6317,42478
6317,42479
6317,42480
6317,42481
6317,42482
6317,42483
6317,42484
6317,42485
6317,42486
6317,42487
6317,42488
6317,42489
6317,42490
6317,42491
6317,42492
6317,42493
6317,42494
6317,42495
6317,42496
6317,42497
6317,42498
6317,42499
6317,42500
6317,42501
6317,42502
6317,42503
6317,42504
6317,42505
6317,42506
6317,42507
6317,42508
6317,42509
6317,42510
6317,42511
6317,42512
6317,42513
6317,42514
6317,42515
6317,42516
6317,42517
6317,42518
6317,42519
6317,42520
6317,42521
6317,42522
6317,42523
6317,42524
6317,42525
6317,42526
6317,42527
6317,42528
6317,42529
6317,42530
6317,42531
6317,42532
6317,42533
6317,42534
6317,42535
6317,42536
6317,42537
6317,42538
6317,42539
6317,42540
6317,42541
6317,42542
6317,42543
6317,42544
6317,42545
6317,42546
6317,42547
6317,42548
6317,42549
6317,42550
6317,42551
6317,42552
6317,42553
6317,42554
6317,42555
6317,42556
6317,42557
6317,42558
6317,42559
6317,42560
6317,42561
6317,42562
6317,42563
6317,42564
6318,42371
6318,42372
6318,42373
6318,42374
6318,42375
6318,42376
6318,42377
6318,42378
6318,42379
6318,42380
6318,42381
6318,42382
6318,42383
6318,42384
6318,42385
6318,42386
6318,42387
6318,42388
6318,42389
6318,42390
6318,42391
6318,42392
6318,42393
6318,42394
6318,42395
6318,42396
6318,42397
6318,42398
6318,42399
6318,42400
6318,42401
6318,42402
6318,42403
6318,42404
6318,42405
6318,42406
6318,42407
6318,42408
6318,42409
6318,42410
6318,42411
6318,42412
6318,42413
6318,42414
6318,42415
6318,42416
6318,42417
6318,42418
6318,42419
6318,42420
6318,42421
6318,42422
6318,42423
6318,42424
6318,42425
6318,42426
6318,42427
6318,42428
6318,42429
6318,42430
6318,42431
6318,42432
6318,42433
6318,42434
6318,42435
6318,42436
6318,42437
6318,42438
6318,42439
6318,42440
6318,42441
6318,42442
6318,42443
6318,42444
6318,42445
6318,42446
6318,42447
6318,42448
6318,42449
6318,42450
6318,42451
6318,42452
6318,42453
6318,42454
6318,42455
6318,42456
6318,42457
6318,42458
6318,42459
6318,42460
6318,42461
6318,42462
6318,42463
6318,42464
6318,42465
6318,42466
6318,42467
6318,42468
6318,42469
6318,42470
6318,42471
6318,42472
6318,42473
6318,42474
6318,42475
6318,42476
6318,42477
6318,42478
6318,42479
6318,42480
6318,42481
6318,42482
6318,42483
6318,42484
6318,42485
6318,42486
6318,42487
6318,42488
6318,42489
6318,42490
6318,42491
6318,42492
6318,42493
6318,42494
6318,42495
6318,42496
6318,42497
6318,42498
6318,42499
6318,42500
6318,42501
6318,42502
6318,42503
6318,42504
6318,42505
6318,42506
6318,42507
6318,42508
6318,42509
6318,42510
6318,42511
6318,42512
6318,42513
6318,42514
6318,42515
6318,42516
6318,42517
6318,42518
6318,42519
6318,42520
6318,42521
6318,42522
6318,42523
6318,42524
6318,42525
6318,42526
6318,42527
6318,42528
6318,42529
6318,42530
6318,42531
6318,42532
6318,42533
6318,42534
6318,42535
6318,42536
6318,42537
6318,42538
6318,42539
6318,42540
6318,42541
6318,42542
6318,42543
6318,42544
6318,42545
6318,42546
6318,42547
6318,42548
6318,42549
6318,42550
6318,42551
6318,42552
6318,42553
6318,42554
6318,42555
6318,42556
6318,42557
6318,42558
6318,42559
6318,42560
6318,42561
6318,42562
6318,42563
6319,42372
6319,42373
6319,42374
6319,42375
6319,42376
6319,42377
6319,42378
6319,42379
6319,42380
6319,42381
6319,42382
6319,42383
6319,42384
6319,42385
6319,42386
6319,42387
6319,42388
6319,42389
6319,42390
6319,42391
6319,42392
6319,42393
6319,42394
6319,42395
6319,42396
6319,42397
6319,42398
6319,42399
6319,42400
6319,42401
6319,42402
6319,42403
6319,42404
6319,42405
6319,42406
6319,42407
6319,42408
6319,42409
6319,42410
6319,42411
6319,42412
6319,42413
6319,42414
6319,42415
6319,42416
6319,42417
6319,42418
6319,42419
6319,42420
6319,42421
6319,42422
6319,42423
6319,42424
6319,42425
6319,42426
6319,42427
6319,42428
6319,42429
6319,42430
6319,42431
6319,42432
6319,42433
6319,42434
6319,42435
6319,42436
6319,42437
6319,42438
6319,42439
6319,42440
6319,42441
6319,42442
6319,42443
6319,42444
6319,42445
6319,42446
6319,42447
6319,42448
6319,42449
6319,42450
6319,42451
6319,42452
6319,42453
6319,42454
6319,42455
6319,42456
6319,42457
6319,42458
6319,42459
6319,42460
6319,42461
6319,42462
6319,42463
6319,42464
6319,42465
6319,42466
6319,42467
6319,42468
6319,42469
6319,42470
6319,42471
6319,42472
6319,42473
6319,42474
6319,42475
6319,42476
6319,42477
6319,42478
6319,42479
6319,42480
6319,42481
6319,42482
6319,42483
6319,42484
6319,42485
6319,42486
6319,42487
6319,42488
6319,42489
6319,42490
6319,42491
6319,42492
6319,42493
6319,42494
6319,42495
6319,42496
6319,42497
6319,42498
6319,42499
6319,42500
6319,42501
6319,42502
6319,42503
6319,42504
6319,42505
6319,42506
6319,42507
6319,42508
6319,42509
6319,42510
6319,42511
6319,42512
6319,42513
6319,42514
6319,42515
6319,42516
6319,42517
6319,42518
6319,42519
6319,42520
6319,42521
6319,42522
6319,42523
6319,42524
6319,42525
6319,42526
6319,42527
6319,42528
6319,42529
6319,42530
6319,42531
6319,42532
6319,42533
6319,42534
6319,42535
6319,42536
6319,42537
6319,42538
6319,42539
6319,42540
6319,42541
6319,42542
6319,42543
6319,42544
6319,42545
6319,42546
6319,42547
6319,42548
6319,42549
6319,42550
6319,42551
6319,42552
6319,42553
6319,42554
6319,42555
6319,42556
6319,42557
6319,42558
6319,42559
6319,42560
6319,42561
6319,42562
6319,42563
6319,42564
6320,42372
6320,42373
6320,42374
6320,42375
6320,42376
6320,42377
6320,42378
6320,42379
6320,42380
6320,42381
6320,42382
6320,42383
6320,42384
6320,42385
6320,42386
6320,42387
6320,42388
6320,42389
6320,42390
6320,42391
6320,42392
6320,42393
6320,42394
6320,42395
6320,42396
6320,42397
6320,42398
6320,42399
6320,42400
6320,42401
6320,42402
6320,42403
6320,42404
6320,42405
6320,42406
6320,42407
6320,42408
6320,42409
6320,42410
6320,42411
6320,42412
6320,42413
6320,42414
6320,42415
6320,42416
6320,42417
6320,42418
6320,42419
6320,42420
6320,42421
6320,42422
6320,42423
6320,42424
6320,42425
6320,42426
6320,42427
6320,42428
6320,42429
6320,42430
6320,42431
6320,42432
6320,42433
6320,42434
6320,42435
6320,42436
6320,42437
6320,42438
6320,42439
6320,42440
6320,42441
6320,42442
6320,42443
6320,42444
6320,42445
6320,42446
6320,42447
6320,42448
6320,42449
6320,42450
6320,42451
6320,42452
6320,42453
6320,42454
6320,42455
6320,42456
6320,42457
6320,42458
6320,42459
6320,42460
6320,42461
6320,42462
6320,42463
6320,42464
6320,42465
6320,42466
6320,42467
6320,42468
6320,42469
6320,42470
6320,42471
6320,42472
6320,42473
6320,42474
6320,42475
6320,42476
6320,42477
6320,42478
6320,42479
6320,42480
6320,42481
6320,42482
6320,42483
6320,42484
6320,42485
6320,42486
6320,42487
6320,42488
6320,42489
6320,42490
6320,42491
6320,42492
6320,42493
6320,42494
6320,42495
6320,42496
6320,42497
6320,42498
6320,42499
6320,42500
6320,42501
6320,42502
6320,42503
6320,42504
6320,42505
6320,42506
6320,42507
6320,42508
6320,42509
6320,42510
6320,42511
6320,42512
6320,42513
6320,42514
6320,42515
6320,42516
6320,42517
6320,42518
6320,42519
6320,42520
6320,42521
6320,42522
6320,42523
6320,42524
6320,42525
6320,42526
6320,42527
6320,42528
6320,42529
6320,42530
6320,42531
6320,42532
6320,42533
6320,42534
6320,42535
6320,42536
6320,42537
6320,42538
6320,42539
6320,42540
6320,42541
6320,42542
6320,42543
6320,42544
6320,42545
6320,42546
6320,42547
6320,42548
6320,42549
6320,42550
6320,42551
6320,42552
6320,42553
6320,42554
6320,42555
6320,42556
6320,42557
6320,42558
6320,42559
6320,42560
6320,42561
6320,42562
6320,42563
6320,42564
6321,42373
6321,42374
6321,42375
6321,42376
6321,42377
6321,42378
6321,42379
6321,42380
6321,42381
6321,42382
6321,42383
6321,42384
6321,42385
6321,42386
6321,42387
6321,42388
6321,42389
6321,42390
6321,42391
6321,42392
6321,42393
6321,42394
6321,42395
6321,42396
6321,42397
6321,42398
6321,42399
6321,42400
6321,42401
6321,42402
6321,42403
6321,42404
6321,42405
6321,42406
6321,42407
6321,42408
6321,42409
6321,42410
6321,42411
6321,42412
6321,42413
6321,42414
6321,42415
6321,42416
6321,42417
6321,42418
6321,42419
6321,42420
6321,42421
6321,42422
6321,42423
6321,42424
6321,42425
6321,42426
6321,42427
6321,42428
6321,42429
6321,42430
6321,42431
6321,42432
6321,42433
6321,42434
6321,42435
6321,42436
6321,42437
6321,42438
6321,42439
6321,42440
6321,42441
6321,42442
6321,42443
6321,42444
6321,42445
6321,42446
6321,42447
6321,42448
6321,42449
6321,42450
6321,42451
6321,42452
6321,42453
6321,42454
6321,42455
6321,42456
6321,42457
6321,42458
6321,42459
6321,42460
6321,42461
6321,42462
6321,42463
6321,42464
6321,42465
6321,42466
6321,42467
6321,42468
6321,42469
6321,42470
6321,42471
6321,42472
6321,42473
6321,42474
6321,42475
6321,42476
6321,42477
6321,42478
6321,42479
6321,42480
6321,42481
6321,42482
6321,42483
6321,42484
6321,42485
6321,42486
6321,42487
6321,42488
6321,42489
6321,42490
6321,42491
6321,42492
6321,42493
6321,42494
6321,42495
6321,42496
6321,42497
6321,42498
6321,42499
6321,42500
6321,42501
6321,42502
6321,42503
6321,42504
6321,42505
6321,42506
6321,42507
6321,42508
6321,42509
6321,42510
6321,42511
6321,42512
6321,42513
6321,42514
6321,42515
6321,42516
6321,42517
6321,42518
6321,42519
6321,42520
6321,42521
6321,42522
6321,42523
6321,42524
6321,42525
6321,42526
6321,42527
6321,42528
6321,42529
6321,42530
6321,42531
6321,42532
6321,42533
6321,42534
6321,42535
6321,42536
6321,42537
6321,42538
6321,42539
6321,42540
6321,42541
6321,42542
6321,42543
6321,42544
6321,42545
6321,42546
6321,42547
6321,42548
6321,42549
6321,42550
6321,42551
6321,42552
6321,42553
6321,42554
6321,42555
6321,42556
6321,42557
6321,42558
6321,42559
6321,42560
6321,42561
6321,42562
6321,42563
6321,42564
6322,42372
6322,42373
6322,42374
6322,42375
6322,42376
6322,42377
6322,42378
6322,42379
6322,42380
6322,42381
6322,42382
6322,42383
6322,42384
6322,42385
6322,42386
6322,42387
6322,42388
6322,42389
6322,42390
6322,42391
6322,42392
6322,42393
6322,42394
6322,42395
6322,42396
6322,42397
6322,42398
6322,42399
6322,42400
6322,42401
6322,42402
6322,42403
6322,42404
6322,42405
6322,42406
6322,42407
6322,42408
6322,42409
6322,42410
6322,42411
6322,42412
6322,42413
6322,42414
6322,42415
6322,42416
6322,42417
6322,42418
6322,42419
6322,42420
6322,42421
6322,42422
6322,42423
6322,42424
6322,42425
6322,42426
6322,42427
6322,42428
6322,42429
6322,42430
6322,42431
6322,42432
6322,42433
6322,42434
6322,42435
6322,42436
6322,42437
6322,42438
6322,42439
6322,42440
6322,42441
6322,42442
6322,42443
6322,42444
6322,42445
6322,42446
6322,42447
6322,42448
6322,42449
6322,42450
6322,42451
6322,42452
6322,42453
6322,42454
6322,42455
6322,42456
6322,42457
6322,42458
6322,42459
6322,42460
6322,42461
6322,42462
6322,42463
6322,42464
6322,42465
6322,42466
6322,42467
6322,42468
6322,42469
6322,42470
6322,42471
6322,42472
6322,42473
6322,42474
6322,42475
6322,42476
6322,42477
6322,42478
6322,42479
6322,42480
6322,42481
6322,42482
6322,42483
6322,42484
6322,42485
6322,42486
6322,42487
6322,42488
6322,42489
6322,42490
6322,42491
6322,42492
6322,42493
6322,42494
6322,42495
6322,42496
6322,42497
6322,42498
6322,42499
6322,42500
6322,42501
6322,42502
6322,42503
6322,42504
6322,42505
6322,42506
6322,42507
6322,42508
6322,42509
6322,42510
6322,42511
6322,42512
6322,42513
6322,42514
6322,42515
6322,42516
6322,42517
6322,42518
6322,42519
6322,42520
6322,42521
6322,42522
6322,42523
6322,42524
6322,42525
6322,42526
6322,42527
6322,42528
6322,42529
6322,42530
6322,42531
6322,42532
6322,42533
6322,42534
6322,42535
6322,42536
6322,42537
6322,42538
6322,42539
6322,42540
6322,42541
6322,42542
6322,42543
6322,42544
6322,42545
6322,42546
6322,42547
6322,42548
6322,42549
6322,42550
6322,42551
6322,42552
6322,42553
6322,42554
6322,42555
6322,42556
6322,42557
6322,42558
6322,42559
6322,42560
6322,42561
6322,42562
6322,42563
6322,42564
6322,42565
6323,42373
6323,42374
6323,42375
6323,42376
6323,42377
6323,42378
6323,42379
6323,42380
6323,42381
6323,42382
6323,42383
6323,42384
6323,42385
6323,42386
6323,42387
6323,42388
6323,42389
6323,42390
6323,42391
6323,42392
6323,42393
6323,42394
6323,42395
6323,42396
6323,42397
6323,42398
6323,42399
6323,42400
6323,42401
6323,42402
6323,42403
6323,42404
6323,42405
6323,42406
6323,42407
6323,42408
6323,42409
6323,42410
6323,42411
6323,42412
6323,42413
6323,42414
6323,42415
6323,42416
6323,42417
6323,42418
6323,42419
6323,42420
6323,42421
6323,42422
6323,42423
6323,42424
6323,42425
6323,42426
6323,42427
6323,42428
6323,42429
6323,42430
6323,42431
6323,42432
6323,42433
6323,42434
6323,42435
6323,42436
6323,42437
6323,42438
6323,42439
6323,42440
6323,42441
6323,42442
6323,42443
6323,42444
6323,42445
6323,42446
6323,42447
6323,42448
6323,42449
6323,42450
6323,42451
6323,42452
6323,42453
6323,42454
6323,42455
6323,42456
6323,42457
6323,42458
6323,42459
6323,42460
6323,42461
6323,42462
6323,42463
6323,42464
6323,42465
6323,42466
6323,42467
6323,42468
6323,42469
6323,42470
6323,42471
6323,42472
6323,42473
6323,42474
6323,42475
6323,42476
6323,42477
6323,42478
6323,42479
6323,42480
6323,42481
6323,42482
6323,42483
6323,42484
6323,42485
6323,42486
6323,42487
6323,42488
6323,42489
6323,42490
6323,42491
6323,42492
6323,42493
6323,42494
6323,42495
6323,42496
6323,42497
6323,42498
6323,42499
6323,42500
6323,42501
6323,42502
6323,42503
6323,42504
6323,42505
6323,42506
6323,42507
6323,42508
6323,42509
6323,42510
6323,42511
6323,42512
6323,42513
6323,42514
6323,42515
6323,42516
6323,42517
6323,42518
6323,42519
6323,42520
6323,42521
6323,42522
6323,42523
6323,42524
6323,42525
6323,42526
6323,42527
6323,42528
6323,42529
6323,42530
6323,42531
6323,42532
6323,42533
6323,42534
6323,42535
6323,42536
6323,42537
6323,42538
6323,42539
6323,42540
6323,42541
6323,42542
6323,42543
6323,42544
6323,42545
6323,42546
6323,42547
6323,42548
6323,42549
6323,42550
6323,42551
6323,42552
6323,42553
6323,42554
6323,42555
6323,42556
6323,42557
6323,42558
6323,42559
6323,42560
6323,42561
6323,42562
6323,42563
6323,42564
6324,42373
6324,42374
6324,42375
6324,42376
6324,42377
6324,42378
6324,42379
6324,42380
6324,42381
6324,42382
6324,42383
6324,42384
6324,42385
6324,42386
6324,42387
6324,42388
6324,42389
6324,42390
6324,42391
6324,42392
6324,42393
6324,42394
6324,42395
6324,42396
6324,42397
6324,42398
6324,42399
6324,42400
6324,42401
6324,42402
6324,42403
6324,42404
6324,42405
6324,42406
6324,42407
6324,42408
6324,42409
6324,42410
6324,42411
6324,42412
6324,42413
6324,42414
6324,42415
6324,42416
6324,42417
6324,42418
6324,42419
6324,42420
6324,42421
6324,42422
6324,42423
6324,42424
6324,42425
6324,42426
6324,42427
6324,42428
6324,42429
6324,42430
6324,42431
6324,42432
6324,42433
6324,42434
6324,42435
6324,42436
6324,42437
6324,42438
6324,42439
6324,42440
6324,42441
6324,42442
6324,42443
6324,42444
6324,42445
6324,42446
6324,42447
6324,42448
6324,42449
6324,42450
6324,42451
6324,42452
6324,42453
6324,42454
6324,42455
6324,42456
6324,42457
6324,42458
6324,42459
6324,42460
6324,42461
6324,42462
6324,42463
6324,42464
6324,42465
6324,42466
6324,42467
6324,42468
6324,42469
6324,42470
6324,42471
6324,42472
6324,42473
6324,42474
6324,42475
6324,42476
6324,42477
6324,42478
6324,42479
6324,42480
6324,42481
6324,42482
6324,42483
6324,42484
6324,42485
6324,42486
6324,42487
6324,42488
6324,42489
6324,42490
6324,42491
6324,42492
6324,42493
6324,42494
6324,42495
6324,42496
6324,42497
6324,42498
6324,42499
6324,42500
6324,42501
6324,42502
6324,42503
6324,42504
6324,42505
6324,42506
6324,42507
6324,42508
6324,42509
6324,42510
6324,42511
6324,42512
6324,42513
6324,42514
6324,42515
6324,42516
6324,42517
6324,42518
6324,42519
6324,42520
6324,42521
6324,42522
6324,42523
6324,42524
6324,42525
6324,42526
6324,42527
6324,42528
6324,42529
6324,42530
6324,42531
6324,42532
6324,42533
6324,42534
6324,42535
6324,42536
6324,42537
6324,42538
6324,42539
6324,42540
6324,42541
6324,42542
6324,42543
6324,42544
6324,42545
6324,42546
6324,42547
6324,42548
6324,42549
6324,42550
6324,42551
6324,42552
6324,42553
6324,42554
6324,42555
6324,42556
6324,42557
6324,42558
6324,42559
6324,42560
6324,42561
6324,42562
6324,42563
6324,42564
6325,42373
6325,42374
6325,42375
6325,42376
6325,42377
6325,42378
6325,42379
6325,42380
6325,42381
6325,42382
6325,42383
6325,42384
6325,42385
6325,42386
6325,42387
6325,42388
6325,42389
6325,42390
6325,42391
6325,42392
6325,42393
6325,42394
6325,42395
6325,42396
6325,42397
6325,42398
6325,42399
6325,42400
6325,42401
6325,42402
6325,42403
6325,42404
6325,42405
6325,42406
6325,42407
6325,42408
6325,42409
6325,42410
6325,42411
6325,42412
6325,42413
6325,42414
6325,42415
6325,42416
6325,42417
6325,42418
6325,42419
6325,42420
6325,42421
6325,42422
6325,42423
6325,42424
6325,42425
6325,42426
6325,42427
6325,42428
6325,42429
6325,42430
6325,42431
6325,42432
6325,42433
6325,42434
6325,42435
6325,42436
6325,42437
6325,42438
6325,42439
6325,42440
6325,42441
6325,42442
6325,42443
6325,42444
6325,42445
6325,42446
6325,42447
6325,42448
6325,42449
6325,42450
6325,42451
6325,42452
6325,42453
6325,42454
6325,42455
6325,42456
6325,42457
6325,42458
6325,42459
6325,42460
6325,42461
6325,42462
6325,42463
6325,42464
6325,42465
6325,42466
6325,42467
6325,42468
6325,42469
6325,42470
6325,42471
6325,42472
6325,42473
6325,42474
6325,42475
6325,42476
6325,42477
6325,42478
6325,42479
6325,42480
6325,42481
6325,42482
6325,42483
6325,42484
6325,42485
6325,42486
6325,42487
6325,42488
6325,42489
6325,42490
6325,42491
6325,42492
6325,42493
6325,42494
6325,42495
6325,42496
6325,42497
6325,42498
6325,42499
6325,42500
6325,42501
6325,42502
6325,42503
6325,42504
6325,42505
6325,42506
6325,42507
6325,42508
6325,42509
6325,42510
6325,42511
6325,42512
6325,42513
6325,42514
6325,42515
6325,42516
6325,42517
6325,42518
6325,42519
6325,42520
6325,42521
6325,42522
6325,42523
6325,42524
6325,42525
6325,42526
6325,42527
6325,42528
6325,42529
6325,42530
6325,42531
6325,42532
6325,42533
6325,42534
6325,42535
6325,42536
6325,42537
6325,42538
6325,42539
6325,42540
6325,42541
6325,42542
6325,42543
6325,42544
6325,42545
6325,42546
6325,42547
6325,42548
6325,42549
6325,42550
6325,42551
6325,42552
6325,42553
6325,42554
6325,42556
6325,42557
6325,42558
6325,42559
6325,42560
6325,42561
6325,42562
6325,42563
6326,42374
6326,42375
6326,42376
6326,42377
6326,42378
6326,42379
6326,42380
6326,42381
6326,42382
6326,42383
6326,42384
6326,42385
6326,42386
6326,42387
6326,42388
6326,42389
6326,42390
6326,42391
6326,42392
6326,42393
6326,42394
6326,42395
6326,42396
6326,42397
6326,42398
6326,42399
6326,42400
6326,42401
6326,42402
6326,42403
6326,42404
6326,42405
6326,42406
6326,42407
6326,42408
6326,42409
6326,42410
6326,42411
6326,42412
6326,42413
6326,42414
6326,42415
6326,42416
6326,42417
6326,42418
6326,42419
6326,42420
6326,42421
6326,42422
6326,42423
6326,42424
6326,42425
6326,42426
6326,42427
6326,42428
6326,42429
6326,42430
6326,42431
6326,42432
6326,42433
6326,42434
6326,42435
6326,42436
6326,42437
6326,42438
6326,42439
6326,42440
6326,42441
6326,42442
6326,42443
6326,42444
6326,42445
6326,42446
6326,42447
6326,42448
6326,42449
6326,42450
6326,42451
6326,42452
6326,42453
6326,42454
6326,42455
6326,42456
6326,42457
6326,42458
6326,42459
6326,42460
6326,42461
6326,42462
6326,42463
6326,42464
6326,42465
6326,42466
6326,42467
6326,42468
6326,42469
6326,42470
6326,42471
6326,42472
6326,42473
6326,42474
6326,42475
6326,42476
6326,42477
6326,42478
6326,42479
6326,42480
6326,42481
6326,42482
6326,42483
6326,42484
6326,42485
6326,42486
6326,42487
6326,42488
6326,42489
6326,42490
6326,42491
6326,42492
6326,42493
6326,42494
6326,42495
6326,42496
6326,42497
6326,42498
6326,42499
6326,42500
6326,42501
6326,42502
6326,42503
6326,42504
6326,42505
6326,42506
6326,42507
6326,42508
6326,42509
6326,42510
6326,42511
6326,42512
6326,42513
6326,42514
6326,42515
6326,42516
6326,42517
6326,42518
6326,42519
6326,42520
6326,42521
6326,42522
6326,42523
6326,42524
6326,42525
6326,42526
6326,42527
6326,42528
6326,42529
6326,42530
6326,42531
6326,42532
6326,42533
6326,42534
6326,42535
6326,42536
6326,42537
6326,42538
6326,42539
6326,42540
6326,42541
6326,42542
6326,42543
6326,42544
6326,42545
6326,42546
6326,42547
6326,42548
6326,42549
6326,42550
6326,42551
6326,42552
6326,42553
6326,42554
6326,42557
6326,42558
6326,42559
6326,42560
6326,42561
6326,42562
6327,42374
6327,42375
6327,42376
6327,42377
6327,42378
6327,42379
6327,42380
6327,42381
6327,42382
6327,42383
6327,42384
6327,42385
6327,42386
6327,42387
6327,42388
6327,42389
6327,42390
6327,42391
6327,42392
6327,42393
6327,42394
6327,42395
6327,42396
6327,42397
6327,42398
6327,42399
6327,42400
6327,42401
6327,42402
6327,42403
6327,42404
6327,42405
6327,42406
6327,42407
6327,42408
6327,42409
6327,42410
6327,42411
6327,42412
6327,42413
6327,42414
6327,42415
6327,42416
6327,42417
6327,42418
6327,42419
6327,42420
6327,42421
6327,42422
6327,42423
6327,42424
6327,42425
6327,42426
6327,42427
6327,42428
6327,42429
6327,42430
6327,42431
6327,42432
6327,42433
6327,42434
6327,42435
6327,42436
6327,42437
6327,42438
6327,42439
6327,42440
6327,42441
6327,42442
6327,42443
6327,42444
6327,42445
6327,42446
6327,42447
6327,42448
6327,42449
6327,42450
6327,42451
6327,42452
6327,42453
6327,42454
6327,42455
6327,42456
6327,42457
6327,42458
6327,42459
6327,42460
6327,42461
6327,42462
6327,42463
6327,42464
6327,42465
6327,42466
6327,42467
6327,42468
6327,42469
6327,42470
6327,42471
6327,42472
6327,42473
6327,42474
6327,42475
6327,42476
6327,42477
6327,42478
6327,42479
6327,42480
6327,42481
6327,42482
6327,42483
6327,42484
6327,42485
6327,42486
6327,42487
6327,42488
6327,42489
6327,42490
6327,42491
6327,42492
6327,42493
6327,42494
6327,42495
6327,42496
6327,42497
6327,42498
6327,42499
6327,42500
6327,42501
6327,42502
6327,42503
6327,42504
6327,42505
6327,42506
6327,42507
6327,42508
6327,42509
6327,42510
6327,42511
6327,42512
6327,42513
6327,42514
6327,42515
6327,42516
6327,42517
6327,42518
6327,42519
6327,42520
6327,42521
6327,42522
6327,42523
6327,42524
6327,42525
6327,42526
6327,42527
6327,42528
6327,42529
6327,42530
6327,42531
6327,42532
6327,42533
6327,42534
6327,42535
6327,42536
6327,42537
6327,42538
6327,42539
6327,42540
6327,42541
6327,42542
6327,42543
6327,42544
6327,42545
6327,42546
6327,42547
6327,42548
6327,42549
6327,42550
6327,42551
6327,42552
6327,42553
6327,42554
6327,42560
6328,42375
6328,42376
6328,42377
6328,42378
6328,42379
6328,42380
6328,42381
6328,42382
6328,42383
6328,42384
6328,42385
6328,42386
6328,42387
6328,42388
6328,42389
6328,42390
6328,42391
6328,42392
6328,42393
6328,42394
6328,42395
6328,42396
6328,42397
6328,42398
6328,42399
6328,42400
6328,42401
6328,42402
6328,42403
6328,42404
6328,42405
6328,42406
6328,42407
6328,42408
6328,42409
6328,42410
6328,42411
6328,42412
6328,42413
6328,42414
6328,42415
6328,42416
6328,42417
6328,42418
6328,42419
6328,42420
6328,42421
6328,42422
6328,42423
6328,42424
6328,42425
6328,42426
6328,42427
6328,42428
6328,42429
6328,42430
6328,42431
6328,42432
6328,42433
6328,42434
6328,42435
6328,42436
6328,42437
6328,42438
6328,42439
6328,42440
6328,42441
6328,42442
6328,42443
6328,42444
6328,42445
6328,42446
6328,42447
6328,42448
6328,42449
6328,42450
6328,42451
6328,42452
6328,42453
6328,42454
6328,42455
6328,42456
6328,42457
6328,42458
6328,42459
6328,42460
6328,42461
6328,42462
6328,42463
6328,42464
6328,42465
6328,42466
6328,42467
6328,42468
6328,42469
6328,42470
6328,42471
6328,42472
6328,42473
6328,42474
6328,42475
6328,42476
6328,42477
6328,42478
6328,42479
6328,42480
6328,42481
6328,42482
6328,42483
6328,42484
6328,42485
6328,42486
6328,42487
6328,42488
6328,42489
6328,42490
6328,42491
6328,42492
6328,42493
6328,42494
6328,42495
6328,42496
6328,42497
6328,42498
6328,42499
6328,42500
6328,42501
6328,42502
6328,42503
6328,42504
6328,42505
6328,42506
6328,42507
6328,42508
6328,42509
6328,42510
6328,42511
6328,42512
6328,42513
6328,42514
6328,42515
6328,42516
6328,42517
6328,42518
6328,42519
6328,42520
6328,42521
6328,42522
6328,42523
6328,42524
6328,42525
6328,42526
6328,42527
6328,42528
6328,42529
6328,42530
6328,42531
6328,42532
6328,42533
6328,42534
6328,42535
6328,42536
6328,42537
6328,42538
6328,42539
6328,42540
6328,42541
6328,42542
6328,42543
6328,42544
6328,42545
6328,42546
6328,42547
6328,42548
6328,42549
6328,42550
6328,42551
6328,42552
6328,42553
6329,42375
6329,42376
6329,42377
6329,42378
6329,42379
6329,42380
6329,42381
6329,42382
6329,42383
6329,42384
6329,42385
6329,42386
6329,42387
6329,42388
6329,42389
6329,42390
6329,42391
6329,42392
6329,42393
6329,42394
6329,42395
6329,42396
6329,42397
6329,42398
6329,42399
6329,42400
6329,42401
6329,42402
6329,42403
6329,42404
6329,42405
6329,42406
6329,42407
6329,42408
6329,42409
6329,42410
6329,42411
6329,42412
6329,42413
6329,42414
6329,42415
6329,42416
6329,42417
6329,42418
6329,42419
6329,42420
6329,42421
6329,42422
6329,42423
6329,42424
6329,42425
6329,42426
6329,42427
6329,42428
6329,42429
6329,42430
6329,42431
6329,42432
6329,42433
6329,42434
6329,42435
6329,42436
6329,42437
6329,42438
6329,42439
6329,42440
6329,42441
6329,42442
6329,42443
6329,42444
6329,42445
6329,42446
6329,42447
6329,42448
6329,42449
6329,42450
6329,42451
6329,42452
6329,42453
6329,42454
6329,42455
6329,42456
6329,42457
6329,42458
6329,42459
6329,42460
6329,42461
6329,42462
6329,42463
6329,42464
6329,42465
6329,42466
6329,42467
6329,42468
6329,42469
6329,42470
6329,42471
6329,42472
6329,42473
6329,42474
6329,42475
6329,42476
6329,42477
6329,42478
6329,42479
6329,42480
6329,42481
6329,42482
6329,42483
6329,42484
6329,42485
6329,42486
6329,42487
6329,42488
6329,42489
6329,42490
6329,42491
6329,42492
6329,42493
6329,42494
6329,42495
6329,42496
6329,42497
6329,42498
6329,42499
6329,42500
6329,42501
6329,42502
6329,42503
6329,42504
6329,42505
6329,42506
6329,42507
6329,42508
6329,42509
6329,42510
6329,42511
6329,42512
6329,42513
6329,42514
6329,42515
6329,42516
6329,42517
6329,42518
6329,42519
6329,42520
6329,42521
6329,42522
6329,42523
6329,42524
6329,42525
6329,42526
6329,42527
6329,42528
6329,42529
6329,42530
6329,42531
6329,42532
6329,42533
6329,42534
6329,42535
6329,42536
6329,42537
6329,42538
6329,42539
6329,42540
6329,42541
6329,42542
6329,42543
6329,42544
6329,42545
6329,42546
6329,42547
6329,42548
6329,42549
6329,42550
6329,42551
6329,42552
6329,42553
6330,42375
6330,42376
6330,42377
6330,42378
6330,42379
6330,42380
6330,42381
6330,42382
6330,42383
6330,42384
6330,42385
6330,42386
6330,42387
6330,42388
6330,42389
6330,42390
6330,42391
6330,42392
6330,42393
6330,42394
6330,42395
6330,42396
6330,42397
6330,42398
6330,42399
6330,42400
6330,42401
6330,42402
6330,42403
6330,42404
6330,42405
6330,42406
6330,42407
6330,42408
6330,42409
6330,42410
6330,42411
6330,42412
6330,42413
6330,42414
6330,42415
6330,42416
6330,42417
6330,42418
6330,42419
6330,42420
6330,42421
6330,42422
6330,42423
6330,42424
6330,42425
6330,42426
6330,42427
6330,42428
6330,42429
6330,42430
6330,42431
6330,42432
6330,42433
6330,42434
6330,42435
6330,42436
6330,42437
6330,42438
6330,42439
6330,42440
6330,42441
6330,42442
6330,42443
6330,42444
6330,42445
6330,42446
6330,42447
6330,42448
6330,42449
6330,42450
6330,42451
6330,42452
6330,42453
6330,42454
6330,42455
6330,42456
6330,42457
6330,42458
6330,42459
6330,42460
6330,42461
6330,42462
6330,42463
6330,42464
6330,42465
6330,42466
6330,42467
6330,42468
6330,42469
6330,42470
6330,42471
6330,42472
6330,42473
6330,42474
6330,42475
6330,42476
6330,42477
6330,42478
6330,42479
6330,42480
6330,42481
6330,42482
6330,42483
6330,42484
6330,42485
6330,42486
6330,42487
6330,42488
6330,42489
6330,42490
6330,42491
6330,42492
6330,42493
6330,42494
6330,42495
6330,42496
6330,42497
6330,42498
6330,42499
6330,42500
6330,42501
6330,42502
6330,42503
6330,42504
6330,42505
6330,42506
6330,42507
6330,42508
6330,42509
6330,42510
6330,42511
6330,42512
6330,42513
6330,42514
6330,42515
6330,42516
6330,42517
6330,42518
6330,42519
6330,42520
6330,42521
6330,42522
6330,42523
6330,42524
6330,42525
6330,42526
6330,42527
6330,42528
6330,42529
6330,42530
6330,42531
6330,42532
6330,42533
6330,42534
6330,42535
6330,42536
6330,42537
6330,42538
6330,42539
6330,42540
6330,42541
6330,42542
6330,42543
6330,42544
6330,42545
6330,42546
6330,42547
6330,42548
6330,42549
6330,42550
6330,42551
6330,42552
6330,42553
6331,42376
6331,42377
6331,42378
6331,42379
6331,42380
6331,42381
6331,42382
6331,42383
6331,42384
6331,42385
6331,42386
6331,42387
6331,42388
6331,42389
6331,42390
6331,42391
6331,42392
6331,42393
6331,42394
6331,42395
6331,42396
6331,42397
6331,42398
6331,42399
6331,42400
6331,42401
6331,42402
6331,42403
6331,42404
6331,42405
6331,42406
6331,42407
6331,42408
6331,42409
6331,42410
6331,42411
6331,42412
6331,42413
6331,42414
6331,42415
6331,42416
6331,42417
6331,42418
6331,42419
6331,42420
6331,42421
6331,42422
6331,42423
6331,42424
6331,42425
6331,42426
6331,42427
6331,42428
6331,42429
6331,42430
6331,42431
6331,42432
6331,42433
6331,42434
6331,42435
6331,42436
6331,42437
6331,42438
6331,42439
6331,42440
6331,42441
6331,42442
6331,42443
6331,42444
6331,42445
6331,42446
6331,42447
6331,42448
6331,42449
6331,42450
6331,42451
6331,42452
6331,42453
6331,42454
6331,42455
6331,42456
6331,42457
6331,42458
6331,42459
6331,42460
6331,42461
6331,42462
6331,42463
6331,42464
6331,42465
6331,42466
6331,42467
6331,42468
6331,42469
6331,42470
6331,42471
6331,42472
6331,42473
6331,42474
6331,42475
6331,42476
6331,42477
6331,42478
6331,42479
6331,42480
6331,42481
6331,42482
6331,42483
6331,42484
6331,42485
6331,42486
6331,42487
6331,42488
6331,42489
6331,42490
6331,42491
6331,42492
6331,42493
6331,42494
6331,42495
6331,42496
6331,42497
6331,42498
6331,42499
6331,42500
6331,42501
6331,42502
6331,42503
6331,42504
6331,42505
6331,42506
6331,42507
6331,42508
6331,42509
6331,42510
6331,42511
6331,42512
6331,42513
6331,42514
6331,42515
6331,42516
6331,42517
6331,42518
6331,42519
6331,42520
6331,42521
6331,42522
6331,42523
6331,42524
6331,42525
6331,42526
6331,42527
6331,42528
6331,42529
6331,42530
6331,42531
6331,42532
6331,42533
6331,42534
6331,42535
6331,42536
6331,42537
6331,42538
6331,42539
6331,42540
6331,42541
6331,42542
6331,42543
6331,42544
6331,42545
6331,42546
6331,42547
6331,42548
6331,42549
6331,42550
6331,42551
6331,42552
6332,42377
6332,42378
6332,42379
6332,42380
6332,42381
6332,42382
6332,42383
6332,42384
6332,42385
6332,42386
6332,42387
6332,42388
6332,42389
6332,42390
6332,42391
6332,42392
6332,42393
6332,42394
6332,42395
6332,42396
6332,42397
6332,42398
6332,42399
6332,42400
6332,42401
6332,42402
6332,42403
6332,42404
6332,42405
6332,42406
6332,42407
6332,42408
6332,42409
6332,42410
6332,42411
6332,42412
6332,42413
6332,42414
6332,42415
6332,42416
6332,42417
6332,42418
6332,42419
6332,42420
6332,42421
6332,42422
6332,42423
6332,42424
6332,42425
6332,42426
6332,42427
6332,42428
6332,42429
6332,42430
6332,42431
6332,42432
6332,42433
6332,42434
6332,42435
6332,42436
6332,42437
6332,42438
6332,42439
6332,42440
6332,42441
6332,42442
6332,42443
6332,42444
6332,42445
6332,42446
6332,42447
6332,42448
6332,42449
6332,42450
6332,42451
6332,42452
6332,42453
6332,42454
6332,42455
6332,42456
6332,42457
6332,42458
6332,42459
6332,42460
6332,42461
6332,42462
6332,42463
6332,42464
6332,42465
6332,42466
6332,42467
6332,42468
6332,42469
6332,42470
6332,42471
6332,42472
6332,42473
6332,42474
6332,42475
6332,42476
6332,42477
6332,42478
6332,42479
6332,42480
6332,42481
6332,42482
6332,42483
6332,42484
6332,42485
6332,42486
6332,42487
6332,42488
6332,42489
6332,42490
6332,42491
6332,42492
6332,42493
6332,42494
6332,42495
6332,42496
6332,42497
6332,42498
6332,42499
6332,42500
6332,42501
6332,42502
6332,42503
6332,42504
6332,42505
6332,42506
6332,42507
6332,42508
6332,42509
6332,42510
6332,42511
6332,42512
6332,42513
6332,42514
6332,42515
6332,42516
6332,42517
6332,42518
6332,42519
6332,42520
6332,42521
6332,42522
6332,42523
6332,42524
6332,42525
6332,42526
6332,42527
6332,42528
6332,42529
6332,42530
6332,42531
6332,42532
6332,42533
6332,42534
6332,42535
6332,42536
6332,42537
6332,42538
6332,42539
6332,42540
6332,42541
6332,42542
6332,42543
6332,42544
6332,42545
6332,42546
6332,42547
6332,42548
6332,42549
6332,42550
6332,42551
6333,42380
6333,42381
6333,42382
6333,42383
6333,42384
6333,42385
6333,42386
6333,42387
6333,42388
6333,42389
6333,42390
6333,42391
6333,42392
6333,42393
6333,42394
6333,42395
6333,42396
6333,42397
6333,42398
6333,42399
6333,42400
6333,42401
6333,42402
6333,42403
6333,42404
6333,42405
6333,42406
6333,42407
6333,42408
6333,42409
6333,42410
6333,42411
6333,42412
6333,42413
6333,42414
6333,42415
6333,42416
6333,42417
6333,42418
6333,42419
6333,42420
6333,42421
6333,42422
6333,42423
6333,42424
6333,42425
6333,42426
6333,42427
6333,42428
6333,42429
6333,42430
6333,42431
6333,42432
6333,42433
6333,42434
6333,42435
6333,42436
6333,42437
6333,42438
6333,42439
6333,42440
6333,42441
6333,42442
6333,42443
6333,42444
6333,42445
6333,42446
6333,42447
6333,42448
6333,42449
6333,42450
6333,42451
6333,42452
6333,42453
6333,42454
6333,42455
6333,42456
6333,42457
6333,42458
6333,42459
6333,42460
6333,42461
6333,42462
6333,42463
6333,42464
6333,42465
6333,42466
6333,42467
6333,42468
6333,42469
6333,42470
6333,42471
6333,42472
6333,42473
6333,42474
6333,42475
6333,42476
6333,42477
6333,42478
6333,42479
6333,42480
6333,42481
6333,42482
6333,42483
6333,42484
6333,42485
6333,42486
6333,42487
6333,42488
6333,42489
6333,42490
6333,42491
6333,42492
6333,42493
6333,42494
6333,42495
6333,42496
6333,42497
6333,42498
6333,42499
6333,42500
6333,42501
6333,42502
6333,42503
6333,42504
6333,42505
6333,42506
6333,42507
6333,42508
6333,42509
6333,42510
6333,42511
6333,42512
6333,42513
6333,42514
6333,42515
6333,42516
6333,42517
6333,42518
6333,42519
6333,42520
6333,42521
6333,42522
6333,42523
6333,42524
6333,42525
6333,42526
6333,42527
6333,42528
6333,42529
6333,42530
6333,42531
6333,42532
6333,42533
6333,42534
6333,42535
6333,42536
6333,42537
6333,42538
6333,42539
6333,42540
6333,42541
6333,42542
6333,42543
6333,42544
6333,42545
6333,42546
6333,42547
6333,42548
6333,42549
6333,42550
6333,42551
6334,42381
6334,42382
6334,42383
6334,42384
6334,42385
6334,42386
6334,42387
6334,42388
6334,42389
6334,42390
6334,42391
6334,42392
6334,42393
6334,42394
6334,42395
6334,42396
6334,42397
6334,42398
6334,42399
6334,42400
6334,42401
6334,42402
6334,42403
6334,42404
6334,42405
6334,42406
6334,42407
6334,42408
6334,42409
6334,42410
6334,42411
6334,42412
6334,42413
6334,42414
6334,42415
6334,42416
6334,42417
6334,42418
6334,42419
6334,42420
6334,42421
6334,42422
6334,42423
6334,42424
6334,42425
6334,42426
6334,42427
6334,42428
6334,42429
6334,42430
6334,42431
6334,42432
6334,42433
6334,42434
6334,42435
6334,42436
6334,42437
6334,42438
6334,42439
6334,42440
6334,42441
6334,42442
6334,42443
6334,42444
6334,42445
6334,42446
6334,42447
6334,42448
6334,42449
6334,42450
6334,42451
6334,42452
6334,42453
6334,42454
6334,42455
6334,42456
6334,42457
6334,42458
6334,42459
6334,42460
6334,42461
6334,42462
6334,42463
6334,42464
6334,42465
6334,42466
6334,42467
6334,42468
6334,42469
6334,42470
6334,42471
6334,42472
6334,42473
6334,42474
6334,42475
6334,42476
6334,42477
6334,42478
6334,42479
6334,42480
6334,42481
6334,42482
6334,42483
6334,42484
6334,42485
6334,42486
6334,42487
6334,42488
6334,42489
6334,42490
6334,42491
6334,42492
6334,42493
6334,42494
6334,42495
6334,42496
6334,42497
6334,42498
6334,42499
6334,42500
6334,42501
6334,42502
6334,42503
6334,42504
6334,42505
6334,42506
6334,42507
6334,42508
6334,42509
6334,42510
6334,42511
6334,42512
6334,42513
6334,42514
6334,42515
6334,42516
6334,42517
6334,42518
6334,42519
6334,42520
6334,42521
6334,42522
6334,42523
6334,42524
6334,42525
6334,42526
6334,42527
6334,42528
6334,42529
6334,42530
6334,42531
6334,42532
6334,42533
6334,42534
6334,42535
6334,42536
6334,42537
6334,42538
6334,42539
6334,42540
6334,42541
6334,42542
6334,42543
6334,42544
6334,42545
6334,42546
6334,42547
6334,42548
6334,42549
6334,42550
6334,42551
6335,42382
6335,42383
6335,42384
6335,42385
6335,42386
6335,42387
6335,42388
6335,42389
6335,42390
6335,42391
6335,42392
6335,42393
6335,42394
6335,42395
6335,42396
6335,42397
6335,42398
6335,42399
6335,42400
6335,42401
6335,42402
6335,42403
6335,42404
6335,42405
6335,42406
6335,42407
6335,42408
6335,42409
6335,42410
6335,42411
6335,42412
6335,42413
6335,42414
6335,42415
6335,42416
6335,42417
6335,42418
6335,42419
6335,42420
6335,42421
6335,42422
6335,42423
6335,42424
6335,42425
6335,42426
6335,42427
6335,42428
6335,42429
6335,42430
6335,42431
6335,42432
6335,42433
6335,42434
6335,42435
6335,42436
6335,42437
6335,42438
6335,42439
6335,42440
6335,42441
6335,42442
6335,42443
6335,42444
6335,42445
6335,42446
6335,42447
6335,42448
6335,42449
6335,42450
6335,42451
6335,42452
6335,42453
6335,42454
6335,42455
6335,42456
6335,42457
6335,42458
6335,42459
6335,42460
6335,42461
6335,42462
6335,42463
6335,42464
6335,42465
6335,42466
6335,42467
6335,42468
6335,42469
6335,42470
6335,42471
6335,42472
6335,42473
6335,42474
6335,42475
6335,42476
6335,42477
6335,42478
6335,42479
6335,42480
6335,42481
6335,42482
6335,42483
6335,42484
6335,42485
6335,42486
6335,42487
6335,42488
6335,42489
6335,42490
6335,42491
6335,42492
6335,42493
6335,42494
6335,42495
6335,42496
6335,42497
6335,42498
6335,42499
6335,42500
6335,42501
6335,42502
6335,42503
6335,42504
6335,42505
6335,42506
6335,42507
6335,42508
6335,42509
6335,42510
6335,42511
6335,42512
6335,42513
6335,42514
6335,42515
6335,42516
6335,42517
6335,42518
6335,42519
6335,42520
6335,42521
6335,42522
6335,42523
6335,42524
6335,42525
6335,42526
6335,42527
6335,42528
6335,42529
6335,42530
6335,42531
6335,42532
6335,42533
6335,42534
6335,42535
6335,42536
6335,42537
6335,42538
6335,42539
6335,42540
6335,42541
6335,42542
6335,42543
6335,42544
6335,42545
6335,42546
6335,42547
6335,42548
6335,42549
6335,42550
6336,42383
6336,42384
6336,42385
6336,42386
6336,42387
6336,42388
6336,42389
6336,42390
6336,42391
6336,42392
6336,42393
6336,42394
6336,42395
6336,42396
6336,42397
6336,42398
6336,42399
6336,42400
6336,42401
6336,42402
6336,42403
6336,42404
6336,42405
6336,42406
6336,42407
6336,42408
6336,42409
6336,42410
6336,42411
6336,42412
6336,42413
6336,42414
6336,42415
6336,42416
6336,42417
6336,42418
6336,42419
6336,42420
6336,42421
6336,42422
6336,42423
6336,42424
6336,42425
6336,42426
6336,42427
6336,42428
6336,42429
6336,42430
6336,42431
6336,42432
6336,42433
6336,42434
6336,42435
6336,42436
6336,42437
6336,42438
6336,42439
6336,42440
6336,42441
6336,42442
6336,42443
6336,42444
6336,42445
6336,42446
6336,42447
6336,42448
6336,42449
6336,42450
6336,42451
6336,42452
6336,42453
6336,42454
6336,42455
6336,42456
6336,42457
6336,42458
6336,42459
6336,42460
6336,42461
6336,42462
6336,42463
6336,42464
6336,42465
6336,42466
6336,42467
6336,42468
6336,42469
6336,42470
6336,42471
6336,42472
6336,42473
6336,42474
6336,42475
6336,42476
6336,42477
6336,42478
6336,42479
6336,42480
6336,42481
6336,42482
6336,42483
6336,42484
6336,42485
6336,42486
6336,42487
6336,42488
6336,42489
6336,42490
6336,42491
6336,42492
6336,42493
6336,42494
6336,42495
6336,42496
6336,42497
6336,42498
6336,42499
6336,42500
6336,42501
6336,42502
6336,42503
6336,42504
6336,42505
6336,42506
6336,42507
6336,42508
6336,42509
6336,42510
6336,42511
6336,42512
6336,42513
6336,42514
6336,42515
6336,42516
6336,42517
6336,42518
6336,42519
6336,42520
6336,42521
6336,42522
6336,42523
6336,42524
6336,42525
6336,42526
6336,42527
6336,42528
6336,42529
6336,42530
6336,42531
6336,42532
6336,42533
6336,42534
6336,42535
6336,42536
6336,42537
6336,42538
6336,42539
6336,42540
6336,42541
6336,42542
6336,42543
6336,42544
6336,42545
6336,42546
6336,42547
6336,42548
6336,42549
6337,42383
6337,42384
6337,42385
6337,42386
6337,42387
6337,42388
6337,42389
6337,42390
6337,42391
6337,42392
6337,42393
6337,42394
6337,42395
6337,42396
6337,42397
6337,42398
6337,42399
6337,42400
6337,42401
6337,42402
6337,42403
6337,42404
6337,42405
6337,42406
6337,42407
6337,42408
6337,42409
6337,42410
6337,42411
6337,42412
6337,42413
6337,42414
6337,42415
6337,42416
6337,42417
6337,42418
6337,42419
6337,42420
6337,42421
6337,42422
6337,42423
6337,42424
6337,42425
6337,42426
6337,42427
6337,42428
6337,42429
6337,42430
6337,42431
6337,42432
6337,42433
6337,42434
6337,42435
6337,42436
6337,42437
6337,42438
6337,42439
6337,42440
6337,42441
6337,42442
6337,42443
6337,42444
6337,42445
6337,42446
6337,42447
6337,42448
6337,42449
6337,42450
6337,42451
6337,42452
6337,42453
6337,42454
6337,42455
6337,42456
6337,42457
6337,42458
6337,42459
6337,42460
6337,42461
6337,42462
6337,42463
6337,42464
6337,42465
6337,42466
6337,42467
6337,42468
6337,42469
6337,42470
6337,42471
6337,42472
6337,42473
6337,42474
6337,42475
6337,42476
6337,42477
6337,42478
6337,42479
6337,42480
6337,42481
6337,42482
6337,42483
6337,42484
6337,42485
6337,42486
6337,42487
6337,42488
6337,42489
6337,42490
6337,42491
6337,42492
6337,42493
6337,42494
6337,42495
6337,42496
6337,42497
6337,42498
6337,42499
6337,42500
6337,42501
6337,42502
6337,42503
6337,42504
6337,42505
6337,42506
6337,42507
6337,42508
6337,42509
6337,42510
6337,42511
6337,42512
6337,42513
6337,42514
6337,42515
6337,42516
6337,42517
6337,42518
6337,42519
6337,42520
6337,42521
6337,42522
6337,42523
6337,42524
6337,42525
6337,42526
6337,42527
6337,42528
6337,42529
6337,42530
6337,42531
6337,42532
6337,42533
6337,42534
6337,42535
6337,42536
6337,42537
6337,42538
6337,42539
6337,42540
6337,42541
6337,42542
6337,42543
6337,42544
6337,42545
6337,42546
6337,42547
6337,42548
6337,42549
6338,42382
6338,42383
6338,42384
6338,42385
6338,42386
6338,42387
6338,42388
6338,42389
6338,42390
6338,42391
6338,42392
6338,42393
6338,42394
6338,42395
6338,42396
6338,42397
6338,42398
6338,42399
6338,42400
6338,42401
6338,42402
6338,42403
6338,42404
6338,42405
6338,42406
6338,42407
6338,42408
6338,42409
6338,42410
6338,42411
6338,42412
6338,42413
6338,42414
6338,42415
6338,42416
6338,42417
6338,42418
6338,42419
6338,42420
6338,42421
6338,42422
6338,42423
6338,42424
6338,42425
6338,42426
6338,42427
6338,42428
6338,42429
6338,42430
6338,42431
6338,42432
6338,42433
6338,42434
6338,42435
6338,42436
6338,42437
6338,42438
6338,42439
6338,42440
6338,42441
6338,42442
6338,42443
6338,42444
6338,42445
6338,42446
6338,42447
6338,42448
6338,42449
6338,42450
6338,42451
6338,42452
6338,42453
6338,42454
6338,42455
6338,42456
6338,42457
6338,42458
6338,42459
6338,42460
6338,42461
6338,42462
6338,42463
6338,42464
6338,42465
6338,42466
6338,42467
6338,42468
6338,42469
6338,42470
6338,42471
6338,42472
6338,42473
6338,42474
6338,42475
6338,42476
6338,42477
6338,42478
6338,42479
6338,42480
6338,42481
6338,42482
6338,42483
6338,42484
6338,42485
6338,42486
6338,42487
6338,42488
6338,42489
6338,42490
6338,42491
6338,42492
6338,42493
6338,42494
6338,42495
6338,42496
6338,42497
6338,42498
6338,42499
6338,42500
6338,42501
6338,42502
6338,42503
6338,42504
6338,42505
6338,42506
6338,42507
6338,42508
6338,42509
6338,42510
6338,42511
6338,42512
6338,42513
6338,42514
6338,42515
6338,42516
6338,42517
6338,42518
6338,42519
6338,42520
6338,42521
6338,42522
6338,42523
6338,42524
6338,42525
6338,42526
6338,42527
6338,42528
6338,42529
6338,42530
6338,42531
6338,42532
6338,42533
6338,42534
6338,42535
6338,42536
6338,42537
6338,42538
6338,42539
6338,42540
6338,42541
6338,42542
6338,42543
6338,42544
6338,42545
6338,42546
6338,42547
6338,42548
6338,42549
6339,42383
6339,42384
6339,42385
6339,42386
6339,42387
6339,42388
6339,42389
6339,42390
6339,42391
6339,42392
6339,42393
6339,42394
6339,42395
6339,42396
6339,42397
6339,42398
6339,42399
6339,42400
6339,42401
6339,42402
6339,42403
6339,42404
6339,42405
6339,42406
6339,42407
6339,42408
6339,42409
6339,42410
6339,42411
6339,42412
6339,42413
6339,42414
6339,42415
6339,42416
6339,42417
6339,42418
6339,42419
6339,42420
6339,42421
6339,42422
6339,42423
6339,42424
6339,42425
6339,42426
6339,42427
6339,42428
6339,42429
6339,42430
6339,42431
6339,42432
6339,42433
6339,42434
6339,42435
6339,42436
6339,42437
6339,42438
6339,42439
6339,42440
6339,42441
6339,42442
6339,42443
6339,42444
6339,42445
6339,42446
6339,42447
6339,42448
6339,42449
6339,42450
6339,42451
6339,42452
6339,42453
6339,42454
6339,42455
6339,42456
6339,42457
6339,42458
6339,42459
6339,42460
6339,42461
6339,42462
6339,42463
6339,42464
6339,42465
6339,42466
6339,42467
6339,42468
6339,42469
6339,42470
6339,42471
6339,42472
6339,42473
6339,42474
6339,42475
6339,42476
6339,42477
6339,42478
6339,42479
6339,42480
6339,42481
6339,42482
6339,42483
6339,42484
6339,42485
6339,42486
6339,42487
6339,42488
6339,42489
6339,42490
6339,42491
6339,42492
6339,42493
6339,42494
6339,42495
6339,42496
6339,42497
6339,42498
6339,42499
6339,42500
6339,42501
6339,42502
6339,42503
6339,42504
6339,42505
6339,42506
6339,42507
6339,42508
6339,42509
6339,42510
6339,42511
6339,42512
6339,42513
6339,42514
6339,42515
6339,42516
6339,42517
6339,42518
6339,42519
6339,42520
6339,42521
6339,42522
6339,42523
6339,42524
6339,42525
6339,42526
6339,42527
6339,42528
6339,42529
6339,42530
6339,42531
6339,42532
6339,42533
6339,42534
6339,42535
6339,42536
6339,42537
6339,42538
6339,42539
6339,42540
6339,42541
6339,42542
6339,42543
6339,42544
6339,42545
6339,42546
6339,42547
6339,42548
6340,42383
6340,42384
6340,42385
6340,42386
6340,42387
6340,42388
6340,42389
6340,42390
6340,42391
6340,42392
6340,42393
6340,42394
6340,42395
6340,42396
6340,42397
6340,42398
6340,42399
6340,42400
6340,42401
6340,42402
6340,42403
6340,42404
6340,42405
6340,42406
6340,42407
6340,42408
6340,42409
6340,42410
6340,42411
6340,42412
6340,42413
6340,42414
6340,42415
6340,42416
6340,42417
6340,42418
6340,42419
6340,42420
6340,42421
6340,42422
6340,42423
6340,42424
6340,42425
6340,42426
6340,42427
6340,42428
6340,42429
6340,42430
6340,42431
6340,42432
6340,42433
6340,42434
6340,42435
6340,42436
6340,42437
6340,42438
6340,42439
6340,42440
6340,42441
6340,42442
6340,42443
6340,42444
6340,42445
6340,42446
6340,42447
6340,42448
6340,42449
6340,42450
6340,42451
6340,42452
6340,42453
6340,42454
6340,42455
6340,42456
6340,42457
6340,42458
6340,42459
6340,42460
6340,42461
6340,42462
6340,42463
6340,42464
6340,42465
6340,42466
6340,42467
6340,42468
6340,42469
6340,42470
6340,42471
6340,42472
6340,42473
6340,42474
6340,42475
6340,42476
6340,42477
6340,42478
6340,42479
6340,42480
6340,42481
6340,42482
6340,42483
6340,42484
6340,42485
6340,42486
6340,42487
6340,42488
6340,42489
6340,42490
6340,42491
6340,42492
6340,42493
6340,42494
6340,42495
6340,42496
6340,42497
6340,42498
6340,42499
6340,42500
6340,42501
6340,42502
6340,42503
6340,42504
6340,42505
6340,42506
6340,42507
6340,42508
6340,42509
6340,42510
6340,42511
6340,42512
6340,42513
6340,42514
6340,42515
6340,42516
6340,42517
6340,42518
6340,42519
6340,42520
6340,42521
6340,42522
6340,42523
6340,42524
6340,42525
6340,42526
6340,42527
6340,42528
6340,42529
6340,42530
6340,42531
6340,42532
6340,42533
6340,42534
6340,42535
6340,42536
6340,42537
6340,42538
6340,42539
6340,42540
6340,42541
6340,42542
6340,42543
6340,42544
6340,42545
6340,42546
6340,42547
6340,42548
6341,42384
6341,42385
6341,42386
6341,42387
6341,42388
6341,42389
6341,42390
6341,42391
6341,42392
6341,42393
6341,42394
6341,42395
6341,42396
6341,42397
6341,42398
6341,42399
6341,42400
6341,42401
6341,42402
6341,42403
6341,42404
6341,42405
6341,42406
6341,42407
6341,42408
6341,42409
6341,42410
6341,42411
6341,42412
6341,42413
6341,42414
6341,42415
6341,42416
6341,42417
6341,42418
6341,42419
6341,42420
6341,42421
6341,42422
6341,42423
6341,42424
6341,42425
6341,42426
6341,42427
6341,42428
6341,42429
6341,42430
6341,42431
6341,42432
6341,42433
6341,42434
6341,42435
6341,42436
6341,42437
6341,42438
6341,42439
6341,42440
6341,42441
6341,42442
6341,42443
6341,42444
6341,42445
6341,42446
6341,42447
6341,42448
6341,42449
6341,42450
6341,42451
6341,42452
6341,42453
6341,42454
6341,42455
6341,42456
6341,42457
6341,42458
6341,42459
6341,42460
6341,42461
6341,42462
6341,42463
6341,42464
6341,42465
6341,42466
6341,42467
6341,42468
6341,42469
6341,42470
6341,42471
6341,42472
6341,42473
6341,42474
6341,42475
6341,42476
6341,42477
6341,42478
6341,42479
6341,42480
6341,42481
6341,42482
6341,42483
6341,42484
6341,42485
6341,42486
6341,42487
6341,42488
6341,42489
6341,42490
6341,42491
6341,42492
6341,42493
6341,42494
6341,42495
6341,42496
6341,42497
6341,42498
6341,42499
6341,42500
6341,42501
6341,42502
6341,42503
6341,42504
6341,42505
6341,42506
6341,42507
6341,42508
6341,42509
6341,42510
6341,42511
6341,42512
6341,42513
6341,42514
6341,42515
6341,42516
6341,42517
6341,42518
6341,42519
6341,42520
6341,42521
6341,42522
6341,42523
6341,42524
6341,42525
6341,42526
6341,42527
6341,42528
6341,42529
6341,42530
6341,42531
6341,42532
6341,42533
6341,42534
6341,42535
6341,42536
6341,42537
6341,42538
6341,42539
6341,42540
6341,42541
6341,42542
6341,42543
6341,42544
6341,42545
6341,42546
6341,42547
6341,42548
6342,42385
6342,42386
6342,42387
6342,42388
6342,42389
6342,42390
6342,42391
6342,42392
6342,42393
6342,42394
6342,42395
6342,42396
6342,42397
6342,42398
6342,42399
6342,42400
6342,42401
6342,42402
6342,42403
6342,42404
6342,42405
6342,42406
6342,42407
6342,42408
6342,42409
6342,42410
6342,42411
6342,42412
6342,42413
6342,42414
6342,42415
6342,42416
6342,42417
6342,42418
6342,42419
6342,42420
6342,42421
6342,42422
6342,42423
6342,42424
6342,42425
6342,42426
6342,42427
6342,42428
6342,42429
6342,42430
6342,42431
6342,42432
6342,42433
6342,42434
6342,42435
6342,42436
6342,42437
6342,42438
6342,42439
6342,42440
6342,42441
6342,42442
6342,42443
6342,42444
6342,42445
6342,42446
6342,42447
6342,42448
6342,42449
6342,42450
6342,42451
6342,42452
6342,42453
6342,42454
6342,42455
6342,42456
6342,42457
6342,42458
6342,42459
6342,42460
6342,42461
6342,42462
6342,42463
6342,42464
6342,42465
6342,42466
6342,42467
6342,42468
6342,42469
6342,42470
6342,42471
6342,42472
6342,42473
6342,42474
6342,42475
6342,42476
6342,42477
6342,42478
6342,42479
6342,42480
6342,42481
6342,42482
6342,42483
6342,42484
6342,42485
6342,42486
6342,42487
6342,42488
6342,42489
6342,42490
6342,42491
6342,42492
6342,42493
6342,42494
6342,42495
6342,42496
6342,42497
6342,42498
6342,42499
6342,42500
6342,42501
6342,42502
6342,42503
6342,42504
6342,42505
6342,42506
6342,42507
6342,42508
6342,42509
6342,42510
6342,42511
6342,42512
6342,42513
6342,42514
6342,42515
6342,42516
6342,42517
6342,42518
6342,42519
6342,42520
6342,42521
6342,42522
6342,42523
6342,42524
6342,42525
6342,42526
6342,42527
6342,42528
6342,42529
6342,42530
6342,42531
6342,42532
6342,42533
6342,42534
6342,42535
6342,42536
6342,42537
6342,42538
6342,42539
6342,42540
6342,42541
6342,42542
6342,42543
6342,42544
6342,42545
6342,42546
6342,42547
6342,42548
6343,42387
6343,42393
6343,42394
6343,42395
6343,42396
6343,42397
6343,42398
6343,42399
6343,42400
6343,42401
6343,42402
6343,42403
6343,42404
6343,42405
6343,42406
6343,42407
6343,42408
6343,42409
6343,42410
6343,42411
6343,42412
6343,42413
6343,42414
6343,42415
6343,42416
6343,42417
6343,42418
6343,42419
6343,42420
6343,42421
6343,42422
6343,42423
6343,42424
6343,42425
6343,42426
6343,42427
6343,42428
6343,42429
6343,42430
6343,42431
6343,42432
6343,42433
6343,42434
6343,42435
6343,42436
6343,42437
6343,42438
6343,42439
6343,42440
6343,42441
6343,42442
6343,42443
6343,42444
6343,42445
6343,42446
6343,42447
6343,42448
6343,42449
6343,42450
6343,42451
6343,42452
6343,42453
6343,42454
6343,42455
6343,42456
6343,42457
6343,42458
6343,42459
6343,42460
6343,42461
6343,42462
6343,42463
6343,42464
6343,42465
6343,42466
6343,42467
6343,42468
6343,42469
6343,42470
6343,42471
6343,42472
6343,42473
6343,42474
6343,42475
6343,42476
6343,42477
6343,42478
6343,42479
6343,42480
6343,42481
6343,42482
6343,42483
6343,42484
6343,42485
6343,42486
6343,42487
6343,42488
6343,42489
6343,42490
6343,42491
6343,42492
6343,42493
6343,42494
6343,42495
6343,42496
6343,42497
6343,42498
6343,42499
6343,42500
6343,42501
6343,42502
6343,42503
6343,42504
6343,42505
6343,42506
6343,42507
6343,42508
6343,42509
6343,42510
6343,42511
6343,42512
6343,42513
6343,42514
6343,42515
6343,42516
6343,42517
6343,42518
6343,42519
6343,42520
6343,42521
6343,42522
6343,42523
6343,42524
6343,42525
6343,42526
6343,42527
6343,42528
6343,42529
6343,42530
6343,42531
6343,42532
6343,42533
6343,42534
6343,42535
6343,42536
6343,42537
6343,42538
6343,42539
6343,42540
6343,42541
6343,42542
6343,42543
6343,42544
6343,42545
6343,42546
6343,42547
6343,42548
6343,42549
6344,42392
6344,42393
6344,42394
6344,42395
6344,42396
6344,42397
6344,42398
6344,42399
6344,42400
6344,42401
6344,42402
6344,42403
6344,42404
6344,42405
6344,42406
6344,42407
6344,42408
6344,42409
6344,42410
6344,42411
6344,42412
6344,42413
6344,42414
6344,42415
6344,42416
6344,42417
6344,42418
6344,42419
6344,42420
6344,42421
6344,42422
6344,42423
6344,42424
6344,42425
6344,42426
6344,42427
6344,42428
6344,42429
6344,42430
6344,42431
6344,42432
6344,42433
6344,42434
6344,42435
6344,42436
6344,42437
6344,42438
6344,42439
6344,42440
6344,42441
6344,42442
6344,42443
6344,42444
6344,42445
6344,42446
6344,42447
6344,42448
6344,42449
6344,42450
6344,42451
6344,42452
6344,42453
6344,42454
6344,42455
6344,42456
6344,42457
6344,42458
6344,42459
6344,42460
6344,42461
6344,42462
6344,42463
6344,42464
6344,42465
6344,42466
6344,42467
6344,42468
6344,42469
6344,42470
6344,42471
6344,42472
6344,42473
6344,42474
6344,42475
6344,42476
6344,42477
6344,42478
6344,42479
6344,42480
6344,42481
6344,42482
6344,42483
6344,42484
6344,42485
6344,42486
6344,42487
6344,42488
6344,42489
6344,42490
6344,42491
6344,42492
6344,42493
6344,42494
6344,42495
6344,42496
6344,42497
6344,42498
6344,42499
6344,42500
6344,42501
6344,42502
6344,42503
6344,42504
6344,42505
6344,42506
6344,42507
6344,42508
6344,42509
6344,42510
6344,42511
6344,42512
6344,42513
6344,42514
6344,42515
6344,42516
6344,42517
6344,42518
6344,42519
6344,42520
6344,42521
6344,42522
6344,42523
6344,42524
6344,42525
6344,42526
6344,42527
6344,42528
6344,42529
6344,42530
6344,42531
6344,42532
6344,42533
6344,42534
6344,42535
6344,42536
6344,42537
6344,42538
6344,42539
6344,42540
6344,42541
6344,42542
6344,42543
6344,42544
6344,42545
6344,42546
6344,42547
6344,42548
6344,42549
6344,42550
6345,42393
6345,42394
6345,42395
6345,42396
6345,42397
6345,42398
6345,42399
6345,42400
6345,42401
6345,42402
6345,42403
6345,42404
6345,42405
6345,42406
6345,42407
6345,42408
6345,42409
6345,42410
6345,42411
6345,42412
6345,42413
6345,42414
6345,42415
6345,42416
6345,42417
6345,42418
6345,42419
6345,42420
6345,42421
6345,42422
6345,42423
6345,42424
6345,42425
6345,42426
6345,42427
6345,42428
6345,42429
6345,42430
6345,42431
6345,42432
6345,42433
6345,42434
6345,42435
6345,42436
6345,42437
6345,42438
6345,42439
6345,42440
6345,42441
6345,42442
6345,42443
6345,42444
6345,42445
6345,42446
6345,42447
6345,42448
6345,42449
6345,42450
6345,42451
6345,42452
6345,42453
6345,42454
6345,42455
6345,42456
6345,42457
6345,42458
6345,42459
6345,42460
6345,42461
6345,42462
6345,42463
6345,42464
6345,42465
6345,42466
6345,42467
6345,42468
6345,42469
6345,42470
6345,42471
6345,42472
6345,42473
6345,42474
6345,42475
6345,42476
6345,42477
6345,42478
6345,42479
6345,42480
6345,42481
6345,42482
6345,42483
6345,42484
6345,42485
6345,42486
6345,42487
6345,42488
6345,42489
6345,42490
6345,42491
6345,42492
6345,42493
6345,42494
6345,42495
6345,42496
6345,42497
6345,42498
6345,42499
6345,42500
6345,42501
6345,42502
6345,42503
6345,42504
6345,42505
6345,42506
6345,42507
6345,42508
6345,42509
6345,42510
6345,42511
6345,42512
6345,42513
6345,42514
6345,42515
6345,42516
6345,42517
6345,42518
6345,42519
6345,42520
6345,42521
6345,42522
6345,42523
6345,42524
6345,42525
6345,42526
6345,42527
6345,42528
6345,42529
6345,42530
6345,42531
6345,42532
6345,42533
6345,42534
6345,42535
6345,42536
6345,42537
6345,42538
6345,42539
6345,42540
6345,42541
6345,42542
6345,42543
6345,42544
6345,42545
6345,42546
6345,42547
6345,42548
6345,42549
6345,42550
6346,42393
6346,42394
6346,42395
6346,42396
6346,42397
6346,42398
6346,42399
6346,42400
6346,42401
6346,42402
6346,42403
6346,42404
6346,42405
6346,42406
6346,42407
6346,42408
6346,42409
6346,42410
6346,42411
6346,42412
6346,42413
6346,42414
6346,42415
6346,42416
6346,42417
6346,42418
6346,42419
6346,42420
6346,42421
6346,42422
6346,42423
6346,42424
6346,42425
6346,42426
6346,42427
6346,42428
6346,42429
6346,42430
6346,42431
6346,42432
6346,42433
6346,42434
6346,42435
6346,42436
6346,42437
6346,42438
6346,42439
6346,42440
6346,42441
6346,42442
6346,42443
6346,42444
6346,42445
6346,42446
6346,42447
6346,42448
6346,42449
6346,42450
6346,42451
6346,42452
6346,42453
6346,42454
6346,42455
6346,42456
6346,42457
6346,42458
6346,42459
6346,42460
6346,42461
6346,42462
6346,42463
6346,42464
6346,42465
6346,42466
6346,42467
6346,42468
6346,42469
6346,42470
6346,42471
6346,42472
6346,42473
6346,42474
6346,42475
6346,42476
6346,42477
6346,42478
6346,42479
6346,42480
6346,42481
6346,42482
6346,42483
6346,42484
6346,42485
6346,42486
6346,42487
6346,42488
6346,42489
6346,42490
6346,42491
6346,42492
6346,42493
6346,42494
6346,42495
6346,42496
6346,42497
6346,42498
6346,42499
6346,42500
6346,42501
6346,42502
6346,42503
6346,42504
6346,42505
6346,42506
6346,42507
6346,42508
6346,42509
6346,42510
6346,42511
6346,42512
6346,42513
6346,42514
6346,42515
6346,42516
6346,42517
6346,42518
6346,42519
6346,42520
6346,42521
6346,42522
6346,42523
6346,42524
6346,42525
6346,42526
6346,42527
6346,42528
6346,42529
6346,42530
6346,42531
6346,42532
6346,42533
6346,42534
6346,42535
6346,42536
6346,42537
6346,42538
6346,42539
6346,42540
6346,42541
6346,42542
6346,42543
6346,42544
6346,42545
6346,42546
6346,42547
6346,42548
6346,42549
6346,42550
6347,42394
6347,42395
6347,42396
6347,42397
6347,42398
6347,42399
6347,42400
6347,42401
6347,42402
6347,42403
6347,42404
6347,42405
6347,42406
6347,42407
6347,42408
6347,42409
6347,42410
6347,42411
6347,42412
6347,42413
6347,42414
6347,42415
6347,42416
6347,42417
6347,42418
6347,42419
6347,42420
6347,42421
6347,42422
6347,42423
6347,42424
6347,42425
6347,42426
6347,42427
6347,42428
6347,42429
6347,42430
6347,42431
6347,42432
6347,42433
6347,42434
6347,42435
6347,42436
6347,42437
6347,42438
6347,42439
6347,42440
6347,42441
6347,42442
6347,42443
6347,42444
6347,42445
6347,42446
6347,42447
6347,42448
6347,42449
6347,42450
6347,42451
6347,42452
6347,42453
6347,42454
6347,42455
6347,42456
6347,42457
6347,42458
6347,42459
6347,42460
6347,42461
6347,42462
6347,42463
6347,42464
6347,42465
6347,42466
6347,42467
6347,42468
6347,42469
6347,42470
6347,42471
6347,42472
6347,42473
6347,42474
6347,42475
6347,42476
6347,42477
6347,42478
6347,42479
6347,42480
6347,42481
6347,42482
6347,42483
6347,42484
6347,42485
6347,42486
6347,42487
6347,42488
6347,42489
6347,42490
6347,42491
6347,42492
6347,42493
6347,42494
6347,42495
6347,42496
6347,42497
6347,42498
6347,42499
6347,42500
6347,42501
6347,42502
6347,42503
6347,42504
6347,42505
6347,42506
6347,42507
6347,42508
6347,42509
6347,42510
6347,42511
6347,42512
6347,42513
6347,42514
6347,42515
6347,42516
6347,42517
6347,42518
6347,42519
6347,42520
6347,42521
6347,42522
6347,42523
6347,42524
6347,42525
6347,42526
6347,42527
6347,42528
6347,42529
6347,42530
6347,42531
6347,42532
6347,42533
6347,42534
6347,42535
6347,42536
6347,42537
6347,42538
6347,42539
6347,42540
6347,42541
6347,42542
6347,42543
6347,42544
6347,42545
6347,42546
6347,42547
6347,42548
6347,42549
6347,42550
6347,42551
6348,42395
6348,42396
6348,42397
6348,42398
6348,42399
6348,42400
6348,42401
6348,42402
6348,42403
6348,42404
6348,42405
6348,42406
6348,42407
6348,42408
6348,42409
6348,42410
6348,42411
6348,42412
6348,42413
6348,42414
6348,42415
6348,42416
6348,42417
6348,42418
6348,42419
6348,42420
6348,42421
6348,42422
6348,42423
6348,42424
6348,42425
6348,42426
6348,42427
6348,42428
6348,42429
6348,42430
6348,42431
6348,42432
6348,42433
6348,42434
6348,42435
6348,42436
6348,42437
6348,42438
6348,42439
6348,42440
6348,42441
6348,42442
6348,42443
6348,42444
6348,42445
6348,42446
6348,42447
6348,42448
6348,42449
6348,42450
6348,42451
6348,42452
6348,42453
6348,42454
6348,42455
6348,42456
6348,42457
6348,42458
6348,42459
6348,42460
6348,42461
6348,42462
6348,42463
6348,42464
6348,42465
6348,42466
6348,42467
6348,42468
6348,42469
6348,42470
6348,42471
6348,42472
6348,42473
6348,42474
6348,42475
6348,42476
6348,42477
6348,42478
6348,42479
6348,42480
6348,42481
6348,42482
6348,42483
6348,42484
6348,42485
6348,42486
6348,42487
6348,42488
6348,42489
6348,42490
6348,42491
6348,42492
6348,42493
6348,42494
6348,42495
6348,42496
6348,42497
6348,42498
6348,42499
6348,42500
6348,42501
6348,42502
6348,42503
6348,42504
6348,42505
6348,42506
6348,42507
6348,42508
6348,42509
6348,42510
6348,42511
6348,42512
6348,42513
6348,42514
6348,42515
6348,42516
6348,42517
6348,42518
6348,42519
6348,42520
6348,42521
6348,42522
6348,42523
6348,42524
6348,42525
6348,42526
6348,42527
6348,42528
6348,42529
6348,42530
6348,42531
6348,42532
6348,42533
6348,42534
6348,42535
6348,42536
6348,42537
6348,42538
6348,42539
6348,42540
6348,42541
6348,42542
6348,42543
6348,42544
6348,42545
6348,42546
6348,42547
6348,42548
6348,42549
6348,42550
6349,42396
6349,42397
6349,42398
6349,42399
6349,42400
6349,42401
6349,42402
6349,42403
6349,42404
6349,42405
6349,42406
6349,42407
6349,42408
6349,42409
6349,42410
6349,42411
6349,42412
6349,42413
6349,42414
6349,42415
6349,42416
6349,42417
6349,42418
6349,42419
6349,42420
6349,42421
6349,42422
6349,42423
6349,42424
6349,42425
6349,42426
6349,42427
6349,42428
6349,42429
6349,42430
6349,42431
6349,42432
6349,42433
6349,42434
6349,42435
6349,42436
6349,42437
6349,42438
6349,42439
6349,42440
6349,42441
6349,42442
6349,42443
6349,42444
6349,42445
6349,42446
6349,42447
6349,42448
6349,42449
6349,42450
6349,42451
6349,42452
6349,42453
6349,42454
6349,42455
6349,42456
6349,42457
6349,42458
6349,42459
6349,42460
6349,42461
6349,42462
6349,42463
6349,42464
6349,42465
6349,42466
6349,42467
6349,42468
6349,42469
6349,42470
6349,42471
6349,42472
6349,42473
6349,42474
6349,42475
6349,42476
6349,42477
6349,42478
6349,42479
6349,42480
6349,42481
6349,42482
6349,42483
6349,42484
6349,42485
6349,42486
6349,42487
6349,42488
6349,42489
6349,42490
6349,42491
6349,42492
6349,42493
6349,42494
6349,42495
6349,42496
6349,42497
6349,42498
6349,42499
6349,42500
6349,42501
6349,42502
6349,42503
6349,42504
6349,42505
6349,42506
6349,42507
6349,42508
6349,42509
6349,42510
6349,42511
6349,42512
6349,42513
6349,42514
6349,42515
6349,42516
6349,42517
6349,42518
6349,42519
6349,42520
6349,42521
6349,42522
6349,42523
6349,42524
6349,42525
6349,42526
6349,42527
6349,42528
6349,42529
6349,42530
6349,42531
6349,42532
6349,42533
6349,42534
6349,42535
6349,42536
6349,42537
6349,42538
6349,42539
6349,42540
6349,42541
6349,42542
6349,42543
6349,42544
6349,42545
6349,42546
6349,42547
6349,42548
6349,42549
6349,42550
6350,42396
6350,42397
6350,42398
6350,42399
6350,42400
6350,42401
6350,42402
6350,42403
6350,42404
6350,42405
6350,42406
6350,42407
6350,42408
6350,42409
6350,42410
6350,42411
6350,42412
6350,42413
6350,42414
6350,42415
6350,42416
6350,42417
6350,42418
6350,42419
6350,42420
6350,42421
6350,42422
6350,42423
6350,42424
6350,42425
6350,42426
6350,42427
6350,42428
6350,42429
6350,42430
6350,42431
6350,42432
6350,42433
6350,42434
6350,42435
6350,42436
6350,42437
6350,42438
6350,42439
6350,42440
6350,42441
6350,42442
6350,42443
6350,42444
6350,42445
6350,42446
6350,42447
6350,42448
6350,42449
6350,42450
6350,42451
6350,42452
6350,42453
6350,42454
6350,42455
6350,42456
6350,42457
6350,42458
6350,42459
6350,42460
6350,42461
6350,42462
6350,42463
6350,42464
6350,42465
6350,42466
6350,42467
6350,42468
6350,42469
6350,42470
6350,42471
6350,42472
6350,42473
6350,42474
6350,42475
6350,42476
6350,42477
6350,42478
6350,42479
6350,42480
6350,42481
6350,42482
6350,42483
6350,42484
6350,42485
6350,42486
6350,42487
6350,42488
6350,42489
6350,42490
6350,42491
6350,42492
6350,42493
6350,42494
6350,42495
6350,42496
6350,42497
6350,42498
6350,42499
6350,42500
6350,42501
6350,42502
6350,42503
6350,42504
6350,42505
6350,42506
6350,42507
6350,42508
6350,42509
6350,42510
6350,42511
6350,42512
6350,42513
6350,42514
6350,42515
6350,42516
6350,42517
6350,42518
6350,42519
6350,42520
6350,42521
6350,42522
6350,42523
6350,42524
6350,42525
6350,42526
6350,42527
6350,42528
6350,42529
6350,42530
6350,42531
6350,42532
6350,42533
6350,42534
6350,42535
6350,42536
6350,42537
6350,42538
6350,42539
6350,42540
6350,42541
6350,42542
6350,42543
6350,42544
6350,42545
6350,42546
6350,42547
6350,42548
6350,42549
6350,42550
6351,42397
6351,42398
6351,42399
6351,42400
6351,42401
6351,42402
6351,42403
6351,42404
6351,42405
6351,42406
6351,42407
6351,42408
6351,42409
6351,42410
6351,42411
6351,42412
6351,42413
6351,42414
6351,42415
6351,42416
6351,42417
6351,42418
6351,42419
6351,42420
6351,42421
6351,42422
6351,42423
6351,42424
6351,42425
6351,42426
6351,42427
6351,42428
6351,42429
6351,42430
6351,42431
6351,42432
6351,42433
6351,42434
6351,42435
6351,42436
6351,42437
6351,42438
6351,42439
6351,42440
6351,42441
6351,42442
6351,42443
6351,42444
6351,42445
6351,42446
6351,42447
6351,42448
6351,42449
6351,42450
6351,42451
6351,42452
6351,42453
6351,42454
6351,42455
6351,42456
6351,42457
6351,42458
6351,42459
6351,42460
6351,42461
6351,42462
6351,42463
6351,42464
6351,42465
6351,42466
6351,42467
6351,42468
6351,42469
6351,42470
6351,42471
6351,42472
6351,42473
6351,42474
6351,42475
6351,42476
6351,42477
6351,42478
6351,42479
6351,42480
6351,42481
6351,42482
6351,42483
6351,42484
6351,42485
6351,42486
6351,42487
6351,42488
6351,42489
6351,42490
6351,42491
6351,42492
6351,42493
6351,42494
6351,42495
6351,42496
6351,42497
6351,42498
6351,42499
6351,42500
6351,42501
6351,42502
6351,42503
6351,42504
6351,42505
6351,42506
6351,42507
6351,42508
6351,42509
6351,42510
6351,42511
6351,42512
6351,42513
6351,42514
6351,42515
6351,42516
6351,42517
6351,42518
6351,42519
6351,42520
6351,42521
6351,42522
6351,42523
6351,42524
6351,42525
6351,42526
6351,42527
6351,42528
6351,42529
6351,42530
6351,42531
6351,42532
6351,42533
6351,42534
6351,42535
6351,42536
6351,42537
6351,42538
6351,42539
6351,42540
6351,42541
6351,42542
6351,42543
6351,42544
6351,42545
6351,42546
6351,42547
6351,42548
6351,42549
6352,42398
6352,42399
6352,42400
6352,42401
6352,42402
6352,42403
6352,42404
6352,42407
6352,42408
6352,42409
6352,42410
6352,42411
6352,42412
6352,42413
6352,42414
6352,42415
6352,42416
6352,42417
6352,42418
6352,42419
6352,42420
6352,42421
6352,42422
6352,42423
6352,42424
6352,42425
6352,42426
6352,42427
6352,42428
6352,42429
6352,42430
6352,42431
6352,42432
6352,42433
6352,42434
6352,42435
6352,42436
6352,42437
6352,42438
6352,42439
6352,42440
6352,42441
6352,42442
6352,42443
6352,42444
6352,42445
6352,42446
6352,42447
6352,42448
6352,42449
6352,42450
6352,42451
6352,42452
6352,42453
6352,42454
6352,42455
6352,42456
6352,42457
6352,42458
6352,42459
6352,42460
6352,42461
6352,42462
6352,42463
6352,42464
6352,42465
6352,42466
6352,42467
6352,42468
6352,42469
6352,42470
6352,42471
6352,42472
6352,42473
6352,42474
6352,42475
6352,42476
6352,42477
6352,42478
6352,42479
6352,42480
6352,42481
6352,42482
6352,42483
6352,42484
6352,42485
6352,42486
6352,42487
6352,42488
6352,42489
6352,42490
6352,42491
6352,42492
6352,42493
6352,42494
6352,42495
6352,42496
6352,42497
6352,42498
6352,42499
6352,42500
6352,42501
6352,42502
6352,42503
6352,42504
6352,42505
6352,42506
6352,42507
6352,42508
6352,42509
6352,42510
6352,42511
6352,42512
6352,42513
6352,42514
6352,42515
6352,42516
6352,42517
6352,42518
6352,42519
6352,42520
6352,42521
6352,42522
6352,42523
6352,42524
6352,42525
6352,42526
6352,42527
6352,42528
6352,42529
6352,42530
6352,42531
6352,42532
6352,42533
6352,42534
6352,42535
6352,42536
6352,42537
6352,42538
6352,42539
6352,42540
6352,42541
6352,42542
6352,42543
6352,42544
6352,42545
6352,42546
6352,42547
6352,42548
6353,42401
6353,42407
6353,42408
6353,42409
6353,42410
6353,42411
6353,42412
6353,42413
6353,42414
6353,42415
6353,42416
6353,42417
6353,42418
6353,42419
6353,42420
6353,42421
6353,42422
6353,42423
6353,42424
6353,42425
6353,42426
6353,42427
6353,42428
6353,42429
6353,42430
6353,42431
6353,42432
6353,42433
6353,42434
6353,42435
6353,42436
6353,42437
6353,42438
6353,42439
6353,42440
6353,42441
6353,42442
6353,42443
6353,42444
6353,42445
6353,42446
6353,42447
6353,42448
6353,42449
6353,42450
6353,42451
6353,42452
6353,42453
6353,42454
6353,42455
6353,42456
6353,42457
6353,42458
6353,42459
6353,42460
6353,42461
6353,42462
6353,42463
6353,42464
6353,42465
6353,42466
6353,42467
6353,42468
6353,42469
6353,42470
6353,42471
6353,42472
6353,42473
6353,42474
6353,42475
6353,42476
6353,42477
6353,42478
6353,42479
6353,42480
6353,42481
6353,42482
6353,42483
6353,42484
6353,42485
6353,42486
6353,42487
6353,42488
6353,42489
6353,42490
6353,42491
6353,42492
6353,42493
6353,42494
6353,42495
6353,42496
6353,42497
6353,42498
6353,42499
6353,42500
6353,42501
6353,42502
6353,42503
6353,42504
6353,42505
6353,42506
6353,42507
6353,42508
6353,42509
6353,42510
6353,42511
6353,42512
6353,42513
6353,42514
6353,42515
6353,42516
6353,42517
6353,42518
6353,42519
6353,42520
6353,42521
6353,42522
6353,42523
6353,42524
6353,42525
6353,42526
6353,42527
6353,42528
6353,42529
6353,42530
6353,42531
6353,42532
6353,42533
6353,42534
6353,42535
6353,42536
6353,42537
6353,42538
6353,42539
6353,42540
6353,42541
6353,42542
6353,42543
6353,42544
6353,42545
6353,42546
6353,42547
6354,42407
6354,42408
6354,42409
6354,42410
6354,42411
6354,42412
6354,42413
6354,42414
6354,42415
6354,42416
6354,42417
6354,42418
6354,42419
6354,42420
6354,42421
6354,42422
6354,42423
6354,42424
6354,42425
6354,42426
6354,42427
6354,42428
6354,42429
6354,42430
6354,42431
6354,42432
6354,42433
6354,42434
6354,42435
6354,42436
6354,42437
6354,42438
6354,42439
6354,42440
6354,42441
6354,42442
6354,42443
6354,42444
6354,42445
6354,42446
6354,42447
6354,42448
6354,42449
6354,42450
6354,42451
6354,42452
6354,42453
6354,42454
6354,42455
6354,42456
6354,42457
6354,42458
6354,42459
6354,42460
6354,42461
6354,42462
6354,42463
6354,42464
6354,42465
6354,42466
6354,42467
6354,42468
6354,42469
6354,42470
6354,42471
6354,42472
6354,42473
6354,42474
6354,42475
6354,42476
6354,42477
6354,42478
6354,42479
6354,42480
6354,42481
6354,42482
6354,42483
6354,42484
6354,42485
6354,42486
6354,42487
6354,42488
6354,42489
6354,42490
6354,42491
6354,42492
6354,42493
6354,42494
6354,42495
6354,42496
6354,42497
6354,42498
6354,42499
6354,42500
6354,42501
6354,42502
6354,42503
6354,42504
6354,42505
6354,42506
6354,42507
6354,42508
6354,42509
6354,42510
6354,42511
6354,42512
6354,42513
6354,42514
6354,42515
6354,42516
6354,42517
6354,42518
6354,42519
6354,42520
6354,42521
6354,42522
6354,42523
6354,42524
6354,42525
6354,42526
6354,42527
6354,42528
6354,42529
6354,42530
6354,42531
6354,42532
6354,42533
6354,42534
6354,42535
6354,42536
6354,42537
6354,42538
6354,42539
6354,42540
6354,42541
6354,42542
6354,42543
6354,42544
6355,42408
6355,42409
6355,42410
6355,42411
6355,42412
6355,42413
6355,42414
6355,42415
6355,42416
6355,42417
6355,42418
6355,42419
6355,42420
6355,42421
6355,42422
6355,42423
6355,42424
6355,42425
6355,42426
6355,42427
6355,42428
6355,42429
6355,42430
6355,42431
6355,42432
6355,42433
6355,42434
6355,42435
6355,42436
6355,42437
6355,42438
6355,42439
6355,42440
6355,42441
6355,42442
6355,42443
6355,42444
6355,42445
6355,42446
6355,42447
6355,42448
6355,42449
6355,42450
6355,42451
6355,42452
6355,42453
6355,42454
6355,42455
6355,42456
6355,42457
6355,42458
6355,42459
6355,42460
6355,42461
6355,42462
6355,42463
6355,42464
6355,42465
6355,42466
6355,42467
6355,42468
6355,42469
6355,42470
6355,42471
6355,42472
6355,42473
6355,42474
6355,42475
6355,42476
6355,42477
6355,42478
6355,42479
6355,42480
6355,42481
6355,42482
6355,42483
6355,42484
6355,42485
6355,42486
6355,42487
6355,42488
6355,42489
6355,42490
6355,42491
6355,42492
6355,42493
6355,42494
6355,42495
6355,42496
6355,42497
6355,42498
6355,42499
6355,42500
6355,42501
6355,42502
6355,42503
6355,42504
6355,42505
6355,42506
6355,42507
6355,42508
6355,42509
6355,42510
6355,42511
6355,42512
6355,42513
6355,42514
6355,42515
6355,42516
6355,42517
6355,42518
6355,42519
6355,42520
6355,42521
6355,42522
6355,42523
6355,42524
6355,42525
6355,42526
6355,42527
6355,42528
6355,42529
6355,42530
6355,42531
6355,42532
6355,42533
6355,42534
6355,42535
6355,42536
6355,42537
6355,42538
6355,42539
6355,42540
6355,42541
6355,42542
6356,42409
6356,42410
6356,42411
6356,42412
6356,42413
6356,42414
6356,42415
6356,42416
6356,42417
6356,42418
6356,42419
6356,42420
6356,42421
6356,42422
6356,42423
6356,42424
6356,42425
6356,42426
6356,42427
6356,42428
6356,42429
6356,42430
6356,42431
6356,42432
6356,42433
6356,42434
6356,42435
6356,42436
6356,42437
6356,42438
6356,42439
6356,42440
6356,42441
6356,42442
6356,42443
6356,42444
6356,42445
6356,42446
6356,42447
6356,42448
6356,42449
6356,42450
6356,42451
6356,42452
6356,42453
6356,42454
6356,42455
6356,42456
6356,42457
6356,42458
6356,42459
6356,42460
6356,42461
6356,42462
6356,42463
6356,42464
6356,42465
6356,42466
6356,42467
6356,42468
6356,42469
6356,42470
6356,42471
6356,42472
6356,42473
6356,42474
6356,42475
6356,42476
6356,42477
6356,42478
6356,42479
6356,42480
6356,42481
6356,42482
6356,42483
6356,42484
6356,42485
6356,42486
6356,42487
6356,42488
6356,42489
6356,42490
6356,42491
6356,42492
6356,42493
6356,42494
6356,42495
6356,42496
6356,42497
6356,42498
6356,42499
6356,42500
6356,42501
6356,42502
6356,42503
6356,42504
6356,42505
6356,42506
6356,42507
6356,42508
6356,42509
6356,42510
6356,42511
6356,42512
6356,42513
6356,42514
6356,42515
6356,42516
6356,42517
6356,42518
6356,42519
6356,42520
6356,42521
6356,42522
6356,42523
6356,42524
6356,42525
6356,42526
6356,42527
6356,42528
6356,42529
6356,42530
6356,42531
6356,42532
6356,42533
6356,42534
6356,42535
6356,42536
6356,42537
6356,42538
6356,42539
6357,42409
6357,42410
6357,42411
6357,42412
6357,42413
6357,42414
6357,42415
6357,42416
6357,42417
6357,42418
6357,42419
6357,42420
6357,42421
6357,42422
6357,42423
6357,42424
6357,42425
6357,42426
6357,42427
6357,42428
6357,42429
6357,42430
6357,42431
6357,42432
6357,42433
6357,42434
6357,42435
6357,42436
6357,42437
6357,42438
6357,42439
6357,42440
6357,42441
6357,42442
6357,42443
6357,42444
6357,42445
6357,42446
6357,42447
6357,42448
6357,42449
6357,42450
6357,42451
6357,42452
6357,42453
6357,42454
6357,42455
6357,42456
6357,42457
6357,42458
6357,42459
6357,42460
6357,42461
6357,42462
6357,42463
6357,42464
6357,42465
6357,42466
6357,42467
6357,42468
6357,42469
6357,42470
6357,42471
6357,42472
6357,42473
6357,42474
6357,42475
6357,42476
6357,42477
6357,42478
6357,42479
6357,42480
6357,42481
6357,42482
6357,42483
6357,42484
6357,42485
6357,42486
6357,42487
6357,42488
6357,42489
6357,42490
6357,42491
6357,42492
6357,42493
6357,42494
6357,42495
6357,42496
6357,42497
6357,42498
6357,42499
6357,42500
6357,42501
6357,42502
6357,42503
6357,42504
6357,42505
6357,42506
6357,42507
6357,42508
6357,42509
6357,42510
6357,42511
6357,42512
6357,42513
6357,42514
6357,42515
6357,42516
6357,42517
6357,42518
6357,42519
6357,42520
6357,42521
6357,42522
6357,42523
6357,42524
6357,42525
6357,42526
6357,42527
6357,42528
6357,42529
6357,42530
6357,42531
6357,42532
6357,42533
6357,42534
6357,42535
6357,42536
6357,42537
6357,42538
6357,42539
6358,42410
6358,42411
6358,42412
6358,42413
6358,42414
6358,42415
6358,42416
6358,42417
6358,42418
6358,42419
6358,42420
6358,42421
6358,42422
6358,42423
6358,42424
6358,42425
6358,42426
6358,42427
6358,42428
6358,42429
6358,42430
6358,42431
6358,42432
6358,42433
6358,42434
6358,42435
6358,42436
6358,42437
6358,42438
6358,42439
6358,42440
6358,42441
6358,42442
6358,42443
6358,42444
6358,42445
6358,42446
6358,42447
6358,42448
6358,42449
6358,42450
6358,42451
6358,42452
6358,42453
6358,42454
6358,42455
6358,42456
6358,42457
6358,42458
6358,42459
6358,42460
6358,42461
6358,42462
6358,42463
6358,42464
6358,42465
6358,42466
6358,42467
6358,42468
6358,42469
6358,42470
6358,42471
6358,42472
6358,42473
6358,42474
6358,42475
6358,42476
6358,42477
6358,42478
6358,42479
6358,42480
6358,42481
6358,42482
6358,42483
6358,42484
6358,42485
6358,42486
6358,42487
6358,42488
6358,42489
6358,42490
6358,42491
6358,42492
6358,42493
6358,42494
6358,42495
6358,42496
6358,42497
6358,42498
6358,42499
6358,42500
6358,42501
6358,42502
6358,42503
6358,42504
6358,42505
6358,42506
6358,42507
6358,42508
6358,42509
6358,42510
6358,42511
6358,42512
6358,42513
6358,42514
6358,42515
6358,42516
6358,42517
6358,42518
6358,42519
6358,42520
6358,42521
6358,42522
6358,42523
6358,42524
6358,42525
6358,42526
6358,42527
6358,42528
6358,42529
6358,42530
6358,42531
6358,42532
6358,42533
6358,42534
6358,42535
6358,42536
6358,42537
6358,42538
6358,42539
6359,42410
6359,42411
6359,42412
6359,42413
6359,42414
6359,42415
6359,42416
6359,42417
6359,42418
6359,42419
6359,42420
6359,42421
6359,42422
6359,42423
6359,42424
6359,42425
6359,42426
6359,42427
6359,42428
6359,42429
6359,42430
6359,42431
6359,42432
6359,42433
6359,42434
6359,42435
6359,42436
6359,42437
6359,42438
6359,42439
6359,42440
6359,42441
6359,42442
6359,42443
6359,42444
6359,42445
6359,42446
6359,42447
6359,42448
6359,42449
6359,42450
6359,42451
6359,42452
6359,42453
6359,42454
6359,42455
6359,42456
6359,42457
6359,42458
6359,42459
6359,42460
6359,42461
6359,42462
6359,42463
6359,42464
6359,42465
6359,42466
6359,42467
6359,42468
6359,42469
6359,42470
6359,42471
6359,42472
6359,42473
6359,42474
6359,42475
6359,42476
6359,42477
6359,42478
6359,42479
6359,42480
6359,42481
6359,42482
6359,42483
6359,42484
6359,42485
6359,42486
6359,42487
6359,42488
6359,42489
6359,42490
6359,42491
6359,42492
6359,42493
6359,42494
6359,42495
6359,42496
6359,42497
6359,42498
6359,42499
6359,42500
6359,42501
6359,42502
6359,42503
6359,42504
6359,42505
6359,42506
6359,42507
6359,42508
6359,42509
6359,42510
6359,42511
6359,42512
6359,42513
6359,42514
6359,42515
6359,42516
6359,42517
6359,42518
6359,42519
6359,42520
6359,42521
6359,42522
6359,42523
6359,42524
6359,42525
6359,42526
6359,42527
6359,42528
6359,42529
6359,42530
6359,42531
6359,42532
6359,42533
6359,42534
6359,42535
6359,42536
6359,42537
6359,42538
6360,42410
6360,42411
6360,42412
6360,42413
6360,42414
6360,42415
6360,42416
6360,42417
6360,42418
6360,42419
6360,42420
6360,42421
6360,42422
6360,42423
6360,42424
6360,42425
6360,42426
6360,42427
6360,42428
6360,42429
6360,42430
6360,42431
6360,42432
6360,42433
6360,42434
6360,42435
6360,42436
6360,42437
6360,42438
6360,42439
6360,42440
6360,42441
6360,42442
6360,42443
6360,42444
6360,42445
6360,42446
6360,42447
6360,42448
6360,42449
6360,42450
6360,42451
6360,42452
6360,42453
6360,42454
6360,42455
6360,42456
6360,42457
6360,42458
6360,42459
6360,42460
6360,42461
6360,42462
6360,42463
6360,42464
6360,42465
6360,42466
6360,42467
6360,42468
6360,42469
6360,42470
6360,42471
6360,42472
6360,42473
6360,42474
6360,42475
6360,42476
6360,42477
6360,42478
6360,42479
6360,42480
6360,42481
6360,42482
6360,42483
6360,42484
6360,42485
6360,42486
6360,42487
6360,42488
6360,42489
6360,42490
6360,42491
6360,42492
6360,42493
6360,42494
6360,42495
6360,42496
6360,42497
6360,42498
6360,42499
6360,42500
6360,42501
6360,42502
6360,42503
6360,42504
6360,42505
6360,42506
6360,42507
6360,42508
6360,42509
6360,42510
6360,42511
6360,42512
6360,42513
6360,42514
6360,42515
6360,42516
6360,42517
6360,42518
6360,42519
6360,42520
6360,42521
6360,42522
6360,42523
6360,42524
6360,42525
6360,42526
6360,42527
6360,42528
6360,42529
6360,42530
6360,42531
6360,42532
6360,42533
6360,42534
6360,42535
6360,42536
6360,42537
6360,42538
6361,42411
6361,42412
6361,42413
6361,42414
6361,42415
6361,42416
6361,42417
6361,42418
6361,42419
6361,42420
6361,42421
6361,42422
6361,42423
6361,42424
6361,42425
6361,42426
6361,42427
6361,42428
6361,42429
6361,42430
6361,42431
6361,42432
6361,42433
6361,42434
6361,42435
6361,42436
6361,42437
6361,42438
6361,42439
6361,42440
6361,42441
6361,42442
6361,42443
6361,42444
6361,42445
6361,42446
6361,42447
6361,42448
6361,42449
6361,42450
6361,42451
6361,42452
6361,42453
6361,42454
6361,42455
6361,42456
6361,42457
6361,42458
6361,42459
6361,42460
6361,42461
6361,42462
6361,42463
6361,42464
6361,42465
6361,42466
6361,42467
6361,42468
6361,42469
6361,42470
6361,42471
6361,42472
6361,42473
6361,42474
6361,42475
6361,42476
6361,42477
6361,42478
6361,42479
6361,42480
6361,42481
6361,42482
6361,42483
6361,42484
6361,42485
6361,42486
6361,42487
6361,42488
6361,42489
6361,42490
6361,42491
6361,42492
6361,42493
6361,42494
6361,42495
6361,42496
6361,42497
6361,42498
6361,42499
6361,42500
6361,42501
6361,42502
6361,42503
6361,42504
6361,42505
6361,42506
6361,42507
6361,42508
6361,42509
6361,42510
6361,42511
6361,42512
6361,42513
6361,42514
6361,42515
6361,42516
6361,42517
6361,42518
6361,42519
6361,42520
6361,42521
6361,42522
6361,42523
6361,42524
6361,42525
6361,42526
6361,42527
6361,42528
6361,42529
6361,42530
6361,42531
6361,42532
6361,42533
6361,42534
6361,42535
6361,42536
6361,42537
6361,42538
6362,42411
6362,42412
6362,42413
6362,42414
6362,42415
6362,42416
6362,42417
6362,42418
6362,42419
6362,42420
6362,42421
6362,42422
6362,42423
6362,42424
6362,42425
6362,42426
6362,42427
6362,42428
6362,42429
6362,42430
6362,42431
6362,42432
6362,42433
6362,42434
6362,42435
6362,42436
6362,42437
6362,42438
6362,42439
6362,42440
6362,42441
6362,42442
6362,42443
6362,42444
6362,42445
6362,42446
6362,42447
6362,42448
6362,42449
6362,42450
6362,42451
6362,42452
6362,42453
6362,42454
6362,42455
6362,42456
6362,42457
6362,42458
6362,42459
6362,42460
6362,42461
6362,42462
6362,42463
6362,42464
6362,42465
6362,42466
6362,42467
6362,42468
6362,42469
6362,42470
6362,42471
6362,42472
6362,42473
6362,42474
6362,42475
6362,42476
6362,42477
6362,42478
6362,42479
6362,42480
6362,42481
6362,42482
6362,42483
6362,42484
6362,42485
6362,42486
6362,42487
6362,42488
6362,42489
6362,42490
6362,42491
6362,42492
6362,42493
6362,42494
6362,42495
6362,42496
6362,42497
6362,42498
6362,42499
6362,42500
6362,42501
6362,42502
6362,42503
6362,42504
6362,42505
6362,42506
6362,42507
6362,42508
6362,42509
6362,42510
6362,42511
6362,42512
6362,42513
6362,42514
6362,42515
6362,42516
6362,42517
6362,42518
6362,42519
6362,42520
6362,42521
6362,42522
6362,42523
6362,42524
6362,42525
6362,42526
6362,42527
6362,42528
6362,42529
6362,42530
6362,42531
6362,42532
6362,42533
6362,42534
6362,42535
6362,42536
6362,42537
6362,42538
6362,42539
6362,42540
6363,42412
6363,42413
6363,42414
6363,42415
6363,42416
6363,42417
6363,42418
6363,42419
6363,42420
6363,42421
6363,42422
6363,42423
6363,42424
6363,42425
6363,42426
6363,42427
6363,42428
6363,42429
6363,42430
6363,42431
6363,42432
6363,42433
6363,42434
6363,42435
6363,42436
6363,42437
6363,42438
6363,42439
6363,42440
6363,42441
6363,42442
6363,42443
6363,42444
6363,42445
6363,42446
6363,42447
6363,42448
6363,42449
6363,42450
6363,42451
6363,42452
6363,42453
6363,42454
6363,42455
6363,42456
6363,42457
6363,42458
6363,42459
6363,42460
6363,42461
6363,42462
6363,42463
6363,42464
6363,42465
6363,42466
6363,42467
6363,42468
6363,42469
6363,42470
6363,42471
6363,42472
6363,42473
6363,42474
6363,42475
6363,42476
6363,42477
6363,42478
6363,42479
6363,42480
6363,42481
6363,42482
6363,42483
6363,42484
6363,42485
6363,42486
6363,42487
6363,42488
6363,42489
6363,42490
6363,42491
6363,42492
6363,42493
6363,42494
6363,42495
6363,42496
6363,42497
6363,42498
6363,42499
6363,42500
6363,42501
6363,42502
6363,42503
6363,42504
6363,42505
6363,42506
6363,42507
6363,42508
6363,42509
6363,42510
6363,42511
6363,42512
6363,42513
6363,42514
6363,42515
6363,42516
6363,42517
6363,42518
6363,42519
6363,42520
6363,42521
6363,42522
6363,42523
6363,42524
6363,42525
6363,42526
6363,42527
6363,42528
6363,42529
6363,42530
6363,42531
6363,42532
6363,42533
6363,42534
6363,42535
6363,42536
6363,42537
6363,42538
6363,42539
6363,42540
6363,42541
6364,42413
6364,42414
6364,42415
6364,42416
6364,42417
6364,42418
6364,42419
6364,42420
6364,42421
6364,42422
6364,42423
6364,42424
6364,42425
6364,42426
6364,42427
6364,42428
6364,42429
6364,42430
6364,42431
6364,42432
6364,42433
6364,42434
6364,42435
6364,42436
6364,42437
6364,42438
6364,42439
6364,42440
6364,42441
6364,42442
6364,42443
6364,42444
6364,42445
6364,42446
6364,42447
6364,42448
6364,42449
6364,42450
6364,42451
6364,42452
6364,42453
6364,42454
6364,42455
6364,42456
6364,42457
6364,42458
6364,42459
6364,42460
6364,42461
6364,42462
6364,42463
6364,42464
6364,42465
6364,42466
6364,42467
6364,42468
6364,42469
6364,42470
6364,42471
6364,42472
6364,42473
6364,42474
6364,42475
6364,42476
6364,42477
6364,42478
6364,42479
6364,42480
6364,42481
6364,42482
6364,42483
6364,42484
6364,42485
6364,42486
6364,42487
6364,42488
6364,42489
6364,42490
6364,42491
6364,42492
6364,42493
6364,42494
6364,42495
6364,42496
6364,42497
6364,42498
6364,42499
6364,42500
6364,42501
6364,42502
6364,42503
6364,42504
6364,42505
6364,42506
6364,42507
6364,42508
6364,42509
6364,42510
6364,42511
6364,42512
6364,42513
6364,42514
6364,42515
6364,42516
6364,42517
6364,42518
6364,42519
6364,42520
6364,42521
6364,42522
6364,42523
6364,42524
6364,42525
6364,42526
6364,42527
6364,42528
6364,42529
6364,42530
6364,42531
6364,42532
6364,42533
6364,42534
6364,42535
6364,42536
6364,42537
6364,42538
6364,42539
6364,42540
6364,42541
6364,42542
6365,42415
6365,42416
6365,42417
6365,42418
6365,42419
6365,42420
6365,42421
6365,42422
6365,42423
6365,42424
6365,42425
6365,42426
6365,42427
6365,42428
6365,42429
6365,42430
6365,42431
6365,42432
6365,42433
6365,42434
6365,42435
6365,42436
6365,42437
6365,42438
6365,42439
6365,42440
6365,42441
6365,42442
6365,42443
6365,42444
6365,42445
6365,42446
6365,42447
6365,42448
6365,42449
6365,42450
6365,42451
6365,42452
6365,42453
6365,42454
6365,42455
6365,42456
6365,42457
6365,42458
6365,42459
6365,42460
6365,42461
6365,42462
6365,42463
6365,42464
6365,42465
6365,42466
6365,42467
6365,42468
6365,42469
6365,42470
6365,42471
6365,42472
6365,42473
6365,42474
6365,42475
6365,42476
6365,42477
6365,42478
6365,42479
6365,42480
6365,42481
6365,42482
6365,42483
6365,42484
6365,42485
6365,42486
6365,42487
6365,42488
6365,42489
6365,42490
6365,42491
6365,42492
6365,42493
6365,42494
6365,42495
6365,42496
6365,42497
6365,42498
6365,42499
6365,42500
6365,42501
6365,42502
6365,42503
6365,42504
6365,42505
6365,42506
6365,42507
6365,42508
6365,42509
6365,42510
6365,42511
6365,42512
6365,42513
6365,42514
6365,42515
6365,42516
6365,42517
6365,42518
6365,42519
6365,42520
6365,42521
6365,42522
6365,42523
6365,42524
6365,42525
6365,42526
6365,42527
6365,42528
6365,42529
6365,42530
6365,42531
6365,42532
6365,42533
6365,42534
6365,42535
6365,42536
6365,42537
6365,42538
6365,42539
6365,42540
6365,42541
6365,42542
6366,42415
6366,42416
6366,42417
6366,42418
6366,42419
6366,42420
6366,42421
6366,42422
6366,42423
6366,42424
6366,42425
6366,42426
6366,42427
6366,42428
6366,42429
6366,42430
6366,42431
6366,42432
6366,42433
6366,42434
6366,42435
6366,42436
6366,42437
6366,42438
6366,42439
6366,42440
6366,42441
6366,42442
6366,42443
6366,42444
6366,42445
6366,42446
6366,42447
6366,42448
6366,42449
6366,42450
6366,42451
6366,42452
6366,42453
6366,42454
6366,42455
6366,42456
6366,42457
6366,42458
6366,42459
6366,42460
6366,42461
6366,42462
6366,42463
6366,42464
6366,42465
6366,42466
6366,42467
6366,42468
6366,42469
6366,42470
6366,42471
6366,42472
6366,42473
6366,42474
6366,42475
6366,42476
6366,42477
6366,42478
6366,42479
6366,42480
6366,42481
6366,42482
6366,42483
6366,42484
6366,42485
6366,42486
6366,42487
6366,42488
6366,42489
6366,42490
6366,42491
6366,42492
6366,42493
6366,42494
6366,42495
6366,42496
6366,42497
6366,42498
6366,42499
6366,42500
6366,42501
6366,42502
6366,42503
6366,42504
6366,42505
6366,42506
6366,42507
6366,42508
6366,42509
6366,42510
6366,42511
6366,42512
6366,42513
6366,42514
6366,42515
6366,42516
6366,42517
6366,42518
6366,42519
6366,42520
6366,42521
6366,42522
6366,42523
6366,42524
6366,42525
6366,42526
6366,42527
6366,42528
6366,42529
6366,42530
6366,42531
6366,42532
6366,42533
6366,42534
6366,42535
6366,42536
6366,42537
6366,42538
6366,42539
6366,42540
6366,42541
6366,42542
6366,42543
6367,42415
6367,42416
6367,42417
6367,42418
6367,42419
6367,42420
6367,42421
6367,42422
6367,42423
6367,42424
6367,42425
6367,42426
6367,42427
6367,42428
6367,42429
6367,42430
6367,42431
6367,42432
6367,42433
6367,42434
6367,42435
6367,42436
6367,42437
6367,42438
6367,42439
6367,42440
6367,42441
6367,42442
6367,42443
6367,42444
6367,42445
6367,42446
6367,42447
6367,42448
6367,42449
6367,42450
6367,42451
6367,42452
6367,42453
6367,42454
6367,42455
6367,42456
6367,42457
6367,42458
6367,42459
6367,42460
6367,42461
6367,42462
6367,42463
6367,42464
6367,42465
6367,42466
6367,42467
6367,42468
6367,42469
6367,42470
6367,42471
6367,42472
6367,42473
6367,42474
6367,42475
6367,42476
6367,42477
6367,42478
6367,42479
6367,42480
6367,42481
6367,42482
6367,42483
6367,42484
6367,42485
6367,42486
6367,42487
6367,42488
6367,42489
6367,42490
6367,42491
6367,42492
6367,42493
6367,42494
6367,42495
6367,42496
6367,42497
6367,42498
6367,42499
6367,42500
6367,42501
6367,42502
6367,42503
6367,42504
6367,42505
6367,42506
6367,42507
6367,42508
6367,42509
6367,42510
6367,42511
6367,42512
6367,42513
6367,42514
6367,42515
6367,42517
6367,42518
6367,42519
6367,42520
6367,42521
6367,42522
6367,42523
6367,42524
6367,42525
6367,42526
6367,42527
6367,42528
6367,42529
6367,42530
6367,42531
6367,42532
6367,42533
6367,42534
6367,42535
6367,42536
6367,42537
6367,42538
6367,42539
6367,42540
6367,42541
6367,42542
6367,42543
6368,42415
6368,42416
6368,42417
6368,42418
6368,42419
6368,42420
6368,42421
6368,42422
6368,42423
6368,42424
6368,42425
6368,42426
6368,42427
6368,42428
6368,42429
6368,42430
6368,42431
6368,42432
6368,42433
6368,42434
6368,42435
6368,42436
6368,42437
6368,42438
6368,42439
6368,42440
6368,42441
6368,42442
6368,42443
6368,42444
6368,42445
6368,42446
6368,42447
6368,42448
6368,42449
6368,42450
6368,42451
6368,42452
6368,42453
6368,42454
6368,42455
6368,42456
6368,42457
6368,42458
6368,42459
6368,42460
6368,42461
6368,42462
6368,42463
6368,42464
6368,42465
6368,42466
6368,42467
6368,42468
6368,42469
6368,42470
6368,42471
6368,42472
6368,42473
6368,42474
6368,42475
6368,42476
6368,42477
6368,42478
6368,42479
6368,42480
6368,42481
6368,42482
6368,42483
6368,42484
6368,42485
6368,42486
6368,42487
6368,42488
6368,42489
6368,42490
6368,42491
6368,42492
6368,42493
6368,42494
6368,42495
6368,42496
6368,42497
6368,42498
6368,42499
6368,42500
6368,42501
6368,42502
6368,42503
6368,42504
6368,42505
6368,42506
6368,42507
6368,42508
6368,42509
6368,42510
6368,42511
6368,42512
6368,42520
6368,42521
6368,42522
6368,42523
6368,42524
6368,42525
6368,42526
6368,42527
6368,42528
6368,42529
6368,42530
6368,42531
6368,42532
6368,42533
6368,42534
6368,42535
6368,42536
6368,42537
6368,42538
6368,42539
6368,42540
6368,42541
6368,42542
6369,42416
6369,42417
6369,42418
6369,42419
6369,42420
6369,42421
6369,42422
6369,42423
6369,42424
6369,42425
6369,42426
6369,42427
6369,42428
6369,42429
6369,42430
6369,42431
6369,42432
6369,42433
6369,42434
6369,42435
6369,42436
6369,42437
6369,42438
6369,42439
6369,42440
6369,42441
6369,42442
6369,42443
6369,42444
6369,42445
6369,42446
6369,42447
6369,42448
6369,42449
6369,42450
6369,42451
6369,42452
6369,42453
6369,42454
6369,42455
6369,42456
6369,42457
6369,42458
6369,42459
6369,42460
6369,42461
6369,42462
6369,42463
6369,42464
6369,42465
6369,42466
6369,42467
6369,42468
6369,42469
6369,42470
6369,42471
6369,42472
6369,42473
6369,42474
6369,42475
6369,42476
6369,42477
6369,42478
6369,42479
6369,42480
6369,42481
6369,42482
6369,42483
6369,42484
6369,42485
6369,42486
6369,42487
6369,42488
6369,42489
6369,42490
6369,42491
6369,42492
6369,42493
6369,42494
6369,42495
6369,42496
6369,42497
6369,42498
6369,42499
6369,42500
6369,42501
6369,42502
6369,42503
6369,42504
6369,42505
6369,42506
6369,42507
6369,42508
6369,42509
6369,42510
6369,42511
6369,42521
6369,42522
6369,42523
6369,42524
6369,42525
6369,42526
6369,42527
6369,42528
6369,42529
6369,42530
6369,42531
6369,42532
6369,42533
6369,42534
6369,42535
6369,42536
6369,42537
6369,42538
6369,42539
6369,42540
6369,42541
6369,42542
6370,42416
6370,42417
6370,42418
6370,42419
6370,42420
6370,42421
6370,42422
6370,42423
6370,42424
6370,42425
6370,42426
6370,42427
6370,42428
6370,42429
6370,42430
6370,42431
6370,42432
6370,42433
6370,42434
6370,42435
6370,42436
6370,42437
6370,42438
6370,42439
6370,42440
6370,42441
6370,42442
6370,42443
6370,42444
6370,42445
6370,42446
6370,42447
6370,42448
6370,42449
6370,42450
6370,42451
6370,42452
6370,42453
6370,42454
6370,42455
6370,42456
6370,42457
6370,42458
6370,42459
6370,42460
6370,42461
6370,42462
6370,42463
6370,42464
6370,42465
6370,42466
6370,42467
6370,42468
6370,42469
6370,42470
6370,42471
6370,42472
6370,42473
6370,42474
6370,42475
6370,42476
6370,42477
6370,42478
6370,42479
6370,42480
6370,42481
6370,42482
6370,42483
6370,42484
6370,42485
6370,42486
6370,42487
6370,42488
6370,42489
6370,42490
6370,42491
6370,42492
6370,42493
6370,42494
6370,42495
6370,42496
6370,42497
6370,42498
6370,42499
6370,42500
6370,42501
6370,42502
6370,42503
6370,42504
6370,42505
6370,42506
6370,42507
6370,42508
6370,42509
6370,42510
6370,42521
6370,42522
6370,42523
6370,42524
6370,42525
6370,42526
6370,42527
6370,42528
6370,42529
6370,42530
6370,42531
6370,42532
6370,42533
6370,42534
6370,42535
6370,42536
6370,42537
6370,42538
6370,42539
6370,42540
6370,42541
6371,42416
6371,42417
6371,42418
6371,42419
6371,42420
6371,42421
6371,42422
6371,42423
6371,42424
6371,42425
6371,42426
6371,42427
6371,42428
6371,42429
6371,42430
6371,42431
6371,42432
6371,42433
6371,42434
6371,42435
6371,42436
6371,42437
6371,42438
6371,42439
6371,42440
6371,42441
6371,42442
6371,42443
6371,42444
6371,42445
6371,42446
6371,42447
6371,42448
6371,42449
6371,42450
6371,42451
6371,42452
6371,42453
6371,42454
6371,42455
6371,42456
6371,42457
6371,42458
6371,42459
6371,42460
6371,42461
6371,42462
6371,42463
6371,42464
6371,42465
6371,42466
6371,42467
6371,42468
6371,42469
6371,42470
6371,42471
6371,42472
6371,42473
6371,42474
6371,42475
6371,42476
6371,42477
6371,42478
6371,42479
6371,42480
6371,42481
6371,42482
6371,42483
6371,42484
6371,42485
6371,42486
6371,42487
6371,42488
6371,42489
6371,42490
6371,42491
6371,42492
6371,42493
6371,42494
6371,42495
6371,42496
6371,42497
6371,42498
6371,42499
6371,42500
6371,42501
6371,42502
6371,42503
6371,42504
6371,42505
6371,42506
6371,42507
6371,42508
6371,42509
6371,42510
6371,42520
6371,42521
6371,42522
6371,42523
6371,42524
6371,42525
6371,42526
6371,42527
6371,42528
6371,42529
6371,42530
6371,42531
6371,42532
6371,42533
6371,42534
6371,42535
6371,42536
6371,42537
6371,42538
6371,42539
6371,42540
6372,42417
6372,42418
6372,42419
6372,42420
6372,42421
6372,42422
6372,42423
6372,42424
6372,42425
6372,42426
6372,42427
6372,42428
6372,42429
6372,42430
6372,42431
6372,42432
6372,42433
6372,42434
6372,42435
6372,42436
6372,42437
6372,42438
6372,42439
6372,42440
6372,42441
6372,42442
6372,42443
6372,42444
6372,42445
6372,42446
6372,42447
6372,42448
6372,42449
6372,42450
6372,42451
6372,42452
6372,42453
6372,42454
6372,42455
6372,42456
6372,42457
6372,42458
6372,42459
6372,42460
6372,42461
6372,42462
6372,42463
6372,42464
6372,42465
6372,42466
6372,42467
6372,42468
6372,42469
6372,42470
6372,42471
6372,42472
6372,42473
6372,42474
6372,42475
6372,42476
6372,42477
6372,42478
6372,42479
6372,42480
6372,42481
6372,42482
6372,42483
6372,42484
6372,42485
6372,42486
6372,42487
6372,42488
6372,42489
6372,42490
6372,42491
6372,42492
6372,42493
6372,42494
6372,42495
6372,42496
6372,42497
6372,42498
6372,42499
6372,42500
6372,42501
6372,42502
6372,42503
6372,42504
6372,42505
6372,42506
6372,42507
6372,42508
6372,42509
6372,42519
6372,42520
6372,42521
6372,42522
6372,42523
6372,42524
6372,42525
6372,42526
6372,42527
6372,42528
6372,42529
6372,42530
6372,42531
6372,42532
6372,42533
6372,42534
6372,42535
6372,42536
6372,42537
6372,42538
6373,42418
6373,42419
6373,42420
6373,42421
6373,42422
6373,42423
6373,42424
6373,42425
6373,42426
6373,42427
6373,42428
6373,42429
6373,42430
6373,42431
6373,42432
6373,42433
6373,42434
6373,42435
6373,42436
6373,42437
6373,42438
6373,42439
6373,42440
6373,42441
6373,42442
6373,42443
6373,42444
6373,42445
6373,42446
6373,42447
6373,42448
6373,42449
6373,42450
6373,42451
6373,42452
6373,42453
6373,42454
6373,42455
6373,42456
6373,42457
6373,42458
6373,42459
6373,42460
6373,42461
6373,42462
6373,42463
6373,42464
6373,42465
6373,42466
6373,42467
6373,42468
6373,42469
6373,42470
6373,42471
6373,42472
6373,42473
6373,42474
6373,42475
6373,42476
6373,42477
6373,42478
6373,42479
6373,42480
6373,42481
6373,42482
6373,42483
6373,42484
6373,42485
6373,42486
6373,42487
6373,42488
6373,42489
6373,42490
6373,42491
6373,42492
6373,42493
6373,42494
6373,42495
6373,42496
6373,42497
6373,42498
6373,42499
6373,42500
6373,42501
6373,42502
6373,42503
6373,42504
6373,42505
6373,42506
6373,42507
6373,42508
6373,42519
6373,42520
6373,42521
6373,42522
6373,42523
6373,42524
6373,42525
6373,42526
6373,42527
6373,42528
6373,42529
6373,42530
6373,42531
6373,42532
6373,42533
6373,42534
6373,42535
6373,42536
6373,42537
6373,42538
6373,42539
6374,42420
6374,42421
6374,42422
6374,42423
6374,42424
6374,42425
6374,42426
6374,42427
6374,42428
6374,42429
6374,42430
6374,42431
6374,42432
6374,42433
6374,42434
6374,42435
6374,42436
6374,42437
6374,42438
6374,42439
6374,42440
6374,42441
6374,42442
6374,42443
6374,42444
6374,42445
6374,42446
6374,42447
6374,42448
6374,42449
6374,42450
6374,42451
6374,42452
6374,42453
6374,42454
6374,42455
6374,42456
6374,42457
6374,42458
6374,42459
6374,42460
6374,42461
6374,42462
6374,42463
6374,42464
6374,42465
6374,42466
6374,42467
6374,42468
6374,42469
6374,42470
6374,42471
6374,42472
6374,42473
6374,42474
6374,42475
6374,42476
6374,42477
6374,42478
6374,42479
6374,42480
6374,42481
6374,42482
6374,42483
6374,42484
6374,42485
6374,42486
6374,42487
6374,42488
6374,42489
6374,42490
6374,42491
6374,42492
6374,42493
6374,42494
6374,42495
6374,42496
6374,42497
6374,42498
6374,42499
6374,42500
6374,42501
6374,42502
6374,42506
6374,42519
6374,42520
6374,42521
6374,42522
6374,42523
6374,42524
6374,42525
6374,42526
6374,42527
6374,42528
6374,42529
6374,42530
6374,42531
6374,42532
6374,42533
6374,42534
6374,42535
6374,42536
6374,42537
6374,42538
6374,42539
6374,42540
6374,42541
6375,42421
6375,42422
6375,42423
6375,42424
6375,42425
6375,42426
6375,42427
6375,42428
6375,42429
6375,42430
6375,42431
6375,42432
6375,42433
6375,42434
6375,42435
6375,42436
6375,42437
6375,42438
6375,42439
6375,42440
6375,42441
6375,42442
6375,42443
6375,42444
6375,42445
6375,42446
6375,42447
6375,42448
6375,42449
6375,42450
6375,42451
6375,42452
6375,42453
6375,42454
6375,42455
6375,42456
6375,42457
6375,42458
6375,42459
6375,42460
6375,42461
6375,42462
6375,42463
6375,42464
6375,42465
6375,42466
6375,42467
6375,42468
6375,42469
6375,42470
6375,42471
6375,42472
6375,42473
6375,42474
6375,42475
6375,42476
6375,42477
6375,42478
6375,42479
6375,42480
6375,42481
6375,42482
6375,42483
6375,42484
6375,42485
6375,42486
6375,42487
6375,42488
6375,42489
6375,42490
6375,42491
6375,42492
6375,42493
6375,42494
6375,42495
6375,42496
6375,42497
6375,42498
6375,42499
6375,42500
6375,42501
6375,42502
6375,42503
6375,42518
6375,42519
6375,42520
6375,42521
6375,42522
6375,42523
6375,42524
6375,42525
6375,42526
6375,42527
6375,42528
6375,42529
6375,42530
6375,42531
6375,42532
6375,42533
6375,42534
6375,42535
6375,42536
6375,42537
6375,42538
6375,42539
6375,42540
6375,42541
6375,42542
6376,42424
6376,42425
6376,42426
6376,42427
6376,42428
6376,42429
6376,42430
6376,42431
6376,42432
6376,42433
6376,42434
6376,42435
6376,42436
6376,42437
6376,42438
6376,42439
6376,42440
6376,42441
6376,42442
6376,42443
6376,42444
6376,42445
6376,42446
6376,42447
6376,42448
6376,42449
6376,42450
6376,42451
6376,42452
6376,42453
6376,42454
6376,42455
6376,42456
6376,42457
6376,42458
6376,42459
6376,42460
6376,42461
6376,42462
6376,42463
6376,42464
6376,42465
6376,42466
6376,42467
6376,42468
6376,42469
6376,42470
6376,42471
6376,42472
6376,42473
6376,42474
6376,42475
6376,42476
6376,42477
6376,42478
6376,42479
6376,42480
6376,42481
6376,42482
6376,42483
6376,42484
6376,42485
6376,42486
6376,42487
6376,42488
6376,42489
6376,42490
6376,42491
6376,42492
6376,42493
6376,42494
6376,42495
6376,42496
6376,42497
6376,42498
6376,42499
6376,42500
6376,42501
6376,42502
6376,42519
6376,42520
6376,42521
6376,42522
6376,42523
6376,42524
6376,42525
6376,42526
6376,42527
6376,42528
6376,42529
6376,42530
6376,42531
6376,42532
6376,42533
6376,42534
6376,42535
6376,42536
6376,42537
6376,42538
6376,42539
6376,42540
6376,42541
6376,42542
6376,42543
6377,42426
6377,42427
6377,42428
6377,42429
6377,42430
6377,42431
6377,42432
6377,42433
6377,42434
6377,42435
6377,42436
6377,42437
6377,42438
6377,42439
6377,42440
6377,42441
6377,42442
6377,42443
6377,42444
6377,42445
6377,42446
6377,42447
6377,42448
6377,42449
6377,42450
6377,42451
6377,42452
6377,42453
6377,42454
6377,42455
6377,42456
6377,42457
6377,42458
6377,42459
6377,42460
6377,42461
6377,42462
6377,42463
6377,42464
6377,42465
6377,42466
6377,42467
6377,42468
6377,42469
6377,42470
6377,42471
6377,42472
6377,42473
6377,42474
6377,42475
6377,42476
6377,42477
6377,42478
6377,42479
6377,42480
6377,42481
6377,42482
6377,42483
6377,42484
6377,42485
6377,42486
6377,42487
6377,42488
6377,42489
6377,42490
6377,42491
6377,42492
6377,42493
6377,42494
6377,42495
6377,42496
6377,42497
6377,42498
6377,42499
6377,42500
6377,42501
6377,42502
6377,42519
6377,42520
6377,42521
6377,42522
6377,42523
6377,42524
6377,42525
6377,42526
6377,42527
6377,42528
6377,42529
6377,42530
6377,42531
6377,42532
6377,42533
6377,42534
6377,42535
6377,42536
6377,42537
6377,42538
6377,42539
6377,42540
6377,42541
6377,42542
6377,42543
6378,42427
6378,42428
6378,42429
6378,42430
6378,42431
6378,42432
6378,42433
6378,42434
6378,42435
6378,42436
6378,42437
6378,42438
6378,42439
6378,42440
6378,42441
6378,42442
6378,42443
6378,42444
6378,42445
6378,42446
6378,42447
6378,42448
6378,42449
6378,42450
6378,42451
6378,42452
6378,42453
6378,42454
6378,42455
6378,42456
6378,42457
6378,42458
6378,42459
6378,42460
6378,42461
6378,42462
6378,42463
6378,42464
6378,42465
6378,42466
6378,42467
6378,42468
6378,42469
6378,42470
6378,42471
6378,42472
6378,42473
6378,42474
6378,42475
6378,42476
6378,42477
6378,42478
6378,42479
6378,42480
6378,42481
6378,42482
6378,42483
6378,42484
6378,42485
6378,42486
6378,42487
6378,42488
6378,42489
6378,42490
6378,42491
6378,42492
6378,42493
6378,42494
6378,42495
6378,42496
6378,42497
6378,42498
6378,42499
6378,42500
6378,42501
6378,42502
6378,42518
6378,42519
6378,42520
6378,42521
6378,42522
6378,42523
6378,42524
6378,42525
6378,42526
6378,42527
6378,42528
6378,42530
6378,42531
6378,42532
6378,42533
6378,42534
6378,42535
6378,42536
6378,42537
6378,42538
6378,42539
6378,42540
6378,42541
6378,42542
6378,42543
6378,42544
6379,42428
6379,42429
6379,42430
6379,42431
6379,42432
6379,42433
6379,42434
6379,42435
6379,42436
6379,42437
6379,42438
6379,42439
6379,42440
6379,42441
6379,42442
6379,42443
6379,42444
6379,42445
6379,42446
6379,42447
6379,42448
6379,42449
6379,42450
6379,42451
6379,42452
6379,42453
6379,42454
6379,42455
6379,42456
6379,42457
6379,42458
6379,42459
6379,42460
6379,42461
6379,42462
6379,42463
6379,42464
6379,42465
6379,42466
6379,42467
6379,42468
6379,42469
6379,42470
6379,42471
6379,42472
6379,42473
6379,42474
6379,42475
6379,42476
6379,42477
6379,42478
6379,42479
6379,42480
6379,42481
6379,42482
6379,42483
6379,42484
6379,42485
6379,42486
6379,42487
6379,42488
6379,42489
6379,42490
6379,42491
6379,42492
6379,42493
6379,42494
6379,42495
6379,42496
6379,42497
6379,42498
6379,42499
6379,42500
6379,42501
6379,42516
6379,42517
6379,42518
6379,42519
6379,42520
6379,42521
6379,42522
6379,42523
6379,42524
6379,42525
6379,42526
6379,42527
6379,42530
6379,42531
6379,42532
6379,42533
6379,42534
6379,42535
6379,42536
6379,42537
6379,42538
6379,42539
6379,42540
6379,42541
6379,42542
6379,42543
6380,42430
6380,42431
6380,42432
6380,42433
6380,42434
6380,42435
6380,42436
6380,42437
6380,42438
6380,42439
6380,42440
6380,42441
6380,42442
6380,42443
6380,42444
6380,42445
6380,42446
6380,42447
6380,42448
6380,42449
6380,42450
6380,42451
6380,42452
6380,42453
6380,42454
6380,42455
6380,42456
6380,42457
6380,42458
6380,42459
6380,42460
6380,42461
6380,42462
6380,42463
6380,42464
6380,42465
6380,42466
6380,42467
6380,42468
6380,42469
6380,42470
6380,42471
6380,42472
6380,42473
6380,42474
6380,42475
6380,42476
6380,42477
6380,42478
6380,42479
6380,42480
6380,42481
6380,42482
6380,42483
6380,42484
6380,42485
6380,42486
6380,42487
6380,42488
6380,42489
6380,42490
6380,42491
6380,42492
6380,42493
6380,42494
6380,42495
6380,42496
6380,42497
6380,42498
6380,42499
6380,42500
6380,42501
6380,42515
6380,42516
6380,42517
6380,42518
6380,42519
6380,42520
6380,42521
6380,42522
6380,42523
6380,42524
6380,42525
6380,42526
6380,42530
6380,42531
6380,42532
6380,42533
6380,42534
6380,42535
6380,42536
6380,42537
6380,42538
6380,42539
6380,42540
6380,42541
6380,42542
6380,42543
6381,42435
6381,42436
6381,42437
6381,42440
6381,42441
6381,42442
6381,42443
6381,42444
6381,42445
6381,42446
6381,42447
6381,42448
6381,42449
6381,42450
6381,42451
6381,42452
6381,42453
6381,42454
6381,42455
6381,42456
6381,42457
6381,42458
6381,42459
6381,42460
6381,42461
6381,42462
6381,42463
6381,42464
6381,42465
6381,42466
6381,42467
6381,42468
6381,42469
6381,42470
6381,42471
6381,42472
6381,42473
6381,42474
6381,42475
6381,42476
6381,42477
6381,42478
6381,42479
6381,42480
6381,42481
6381,42482
6381,42483
6381,42484
6381,42485
6381,42486
6381,42487
6381,42488
6381,42489
6381,42490
6381,42491
6381,42492
6381,42493
6381,42494
6381,42495
6381,42496
6381,42497
6381,42498
6381,42499
6381,42500
6381,42501
6381,42502
6381,42514
6381,42515
6381,42516
6381,42517
6381,42518
6381,42519
6381,42520
6381,42521
6381,42522
6381,42523
6381,42524
6381,42529
6381,42530
6381,42531
6381,42532
6381,42533
6381,42534
6381,42535
6381,42536
6381,42537
6381,42538
6381,42539
6381,42540
6381,42541
6381,42542
6381,42543
6382,42444
6382,42447
6382,42449
6382,42450
6382,42451
6382,42452
6382,42453
6382,42454
6382,42455
6382,42456
6382,42457
6382,42458
6382,42459
6382,42460
6382,42461
6382,42465
6382,42467
6382,42469
6382,42475
6382,42478
6382,42479
6382,42480
6382,42481
6382,42482
6382,42483
6382,42484
6382,42485
6382,42486
6382,42487
6382,42488
6382,42489
6382,42490
6382,42491
6382,42492
6382,42493
6382,42494
6382,42495
6382,42496
6382,42497
6382,42498
6382,42499
6382,42500
6382,42501
6382,42514
6382,42515
6382,42516
6382,42517
6382,42518
6382,42519
6382,42520
6382,42521
6382,42522
6382,42523
6382,42524
6382,42530
6382,42531
6382,42532
6382,42533
6382,42534
6382,42535
6382,42536
6382,42537
6382,42538
6382,42539
6382,42540
6382,42541
6382,42542
6383,42452
6383,42453
6383,42454
6383,42455
6383,42456
6383,42457
6383,42458
6383,42459
6383,42460
6383,42478
6383,42479
6383,42480
6383,42481
6383,42482
6383,42483
6383,42484
6383,42485
6383,42486
6383,42487
6383,42488
6383,42489
6383,42490
6383,42491
6383,42492
6383,42493
6383,42494
6383,42495
6383,42496
6383,42497
6383,42498
6383,42499
6383,42500
6383,42501
6383,42513
6383,42514
6383,42515
6383,42516
6383,42517
6383,42518
6383,42519
6383,42520
6383,42521
6383,42522
6383,42523
6383,42524
6383,42525
6383,42530
6383,42531
6383,42532
6383,42533
6383,42534
6383,42535
6383,42536
6383,42537
6383,42538
6383,42539
6383,42540
6383,42541
6384,42456
6384,42457
6384,42479
6384,42480
6384,42481
6384,42482
6384,42483
6384,42484
6384,42485
6384,42486
6384,42487
6384,42488
6384,42489
6384,42490
6384,42491
6384,42492
6384,42493
6384,42494
6384,42495
6384,42496
6384,42497
6384,42498
6384,42499
6384,42500
6384,42513
6384,42514
6384,42515
6384,42516
6384,42517
6384,42518
6384,42519
6384,42520
6384,42521
6384,42522
6384,42523
6384,42524
6384,42530
6384,42531
6384,42532
6384,42533
6384,42534
6384,42535
6384,42536
6384,42537
6384,42538
6384,42539
6384,42540
6385,42480
6385,42481
6385,42482
6385,42483
6385,42484
6385,42485
6385,42486
6385,42487
6385,42488
6385,42489
6385,42490
6385,42491
6385,42492
6385,42493
6385,42494
6385,42495
6385,42496
6385,42497
6385,42498
6385,42499
6385,42514
6385,42515
6385,42516
6385,42517
6385,42518
6385,42519
6385,42520
6385,42521
6385,42522
6385,42523
6385,42524
6385,42531
6385,42532
6385,42533
6385,42534
6385,42535
6385,42536
6385,42537
6385,42538
6385,42539
6385,42540
6386,42482
6386,42483
6386,42484
6386,42485
6386,42486
6386,42487
6386,42488
6386,42489
6386,42490
6386,42491
6386,42492
6386,42493
6386,42494
6386,42497
6386,42514
6386,42515
6386,42516
6386,42517
6386,42518
6386,42519
6386,42520
6386,42521
6386,42522
6386,42523
6386,42524
6386,42532
6386,42533
6386,42534
6386,42535
6386,42536
6386,42537
6386,42538
6386,42539
6387,42487
6387,42488
6387,42489
6387,42490
6387,42491
6387,42492
6387,42493
6387,42515
6387,42516
6387,42517
6387,42518
6387,42519
6387,42520
6387,42521
6387,42522
6387,42523
6387,42533
6387,42534
6387,42535
6387,42536
6387,42537
6387,42538
6388,42490
6388,42516
6388,42517
6388,42518
6388,42519
6388,42520
6388,42521
6388,42522
6388,42536
6389,42518
6389,42519
