"X","Y"
13324,31176
13325,31173
13325,31174
13325,31175
13325,31176
13325,31177
13325,31178
13325,31179
13326,31171
13326,31172
13326,31173
13326,31174
13326,31175
13326,31176
13326,31177
13326,31178
13326,31179
13326,31180
13327,31170
13327,31171
13327,31172
13327,31173
13327,31174
13327,31175
13327,31176
13327,31177
13327,31178
13327,31179
13327,31180
13327,31181
13327,31182
13328,31169
13328,31170
13328,31171
13328,31172
13328,31173
13328,31174
13328,31175
13328,31176
13328,31177
13328,31178
13328,31179
13328,31180
13328,31181
13328,31182
13328,31183
13329,31169
13329,31170
13329,31171
13329,31172
13329,31173
13329,31174
13329,31175
13329,31176
13329,31177
13329,31178
13329,31179
13329,31180
13329,31181
13329,31182
13329,31183
13329,31184
13330,31169
13330,31170
13330,31171
13330,31172
13330,31173
13330,31174
13330,31175
13330,31176
13330,31177
13330,31178
13330,31179
13330,31180
13330,31181
13330,31182
13330,31183
13330,31184
13330,31185
13331,31168
13331,31169
13331,31170
13331,31171
13331,31172
13331,31173
13331,31174
13331,31175
13331,31176
13331,31177
13331,31178
13331,31179
13331,31180
13331,31181
13331,31182
13331,31183
13331,31184
13331,31185
13331,31186
13332,31168
13332,31169
13332,31170
13332,31171
13332,31172
13332,31173
13332,31174
13332,31175
13332,31176
13332,31177
13332,31178
13332,31179
13332,31180
13332,31181
13332,31182
13332,31183
13332,31184
13332,31185
13332,31186
13333,31168
13333,31169
13333,31170
13333,31171
13333,31172
13333,31173
13333,31174
13333,31175
13333,31176
13333,31177
13333,31178
13333,31179
13333,31180
13333,31181
13333,31182
13333,31183
13333,31184
13333,31185
13333,31186
13333,31187
13334,31169
13334,31170
13334,31171
13334,31172
13334,31173
13334,31174
13334,31175
13334,31176
13334,31177
13334,31178
13334,31179
13334,31180
13334,31181
13334,31182
13334,31183
13334,31184
13334,31185
13334,31186
13335,31169
13335,31170
13335,31171
13335,31172
13335,31173
13335,31174
13335,31175
13335,31176
13335,31177
13335,31178
13335,31179
13335,31180
13335,31181
13335,31182
13335,31183
13335,31184
13335,31185
13335,31186
13336,31169
13336,31170
13336,31171
13336,31172
13336,31173
13336,31174
13336,31175
13336,31176
13336,31177
13336,31178
13336,31179
13336,31180
13336,31181
13336,31182
13336,31183
13336,31184
13336,31185
13336,31186
13337,31170
13337,31171
13337,31172
13337,31173
13337,31174
13337,31175
13337,31176
13337,31177
13337,31178
13337,31179
13337,31180
13337,31181
13337,31182
13337,31183
13337,31184
13337,31185
13338,31170
13338,31171
13338,31172
13338,31173
13338,31174
13338,31175
13338,31176
13338,31177
13338,31178
13338,31179
13338,31180
13338,31181
13338,31182
13338,31183
13338,31184
13338,31185
13339,31171
13339,31172
13339,31173
13339,31174
13339,31175
13339,31176
13339,31177
13339,31178
13339,31179
13339,31180
13339,31181
13339,31182
13339,31183
13339,31184
13340,31172
13340,31173
13340,31174
13340,31175
13340,31176
13340,31177
13340,31178
13340,31179
13340,31180
13340,31181
13340,31182
13340,31183
13341,31173
13341,31174
13341,31175
13341,31176
13341,31177
13341,31178
13341,31179
13341,31180
13342,31169
13342,31170
13342,31171
13342,31172
13342,31173
13342,31174
13342,31175
13342,31176
13342,31177
13342,31178
13342,31179
13342,31180
13343,31167
13343,31168
13343,31169
13343,31170
13343,31171
13343,31172
13343,31173
13343,31174
13343,31175
13343,31176
13343,31177
13343,31178
13343,31179
13343,31180
13343,31181
13344,31166
13344,31167
13344,31168
13344,31169
13344,31170
13344,31171
13344,31172
13344,31173
13344,31174
13344,31175
13344,31176
13344,31177
13344,31178
13344,31179
13344,31180
13344,31181
13344,31182
13345,31165
13345,31166
13345,31167
13345,31168
13345,31169
13345,31170
13345,31171
13345,31172
13345,31173
13345,31174
13345,31175
13345,31176
13345,31177
13345,31178
13345,31179
13345,31180
13345,31181
13345,31182
13345,31183
13346,31164
13346,31165
13346,31166
13346,31167
13346,31168
13346,31169
13346,31170
13346,31171
13346,31172
13346,31173
13346,31174
13346,31175
13346,31176
13346,31177
13346,31178
13346,31179
13346,31180
13346,31181
13346,31182
13346,31183
13346,31184
13347,31163
13347,31164
13347,31165
13347,31166
13347,31167
13347,31168
13347,31169
13347,31170
13347,31171
13347,31172
13347,31173
13347,31174
13347,31175
13347,31176
13347,31177
13347,31178
13347,31179
13347,31180
13347,31181
13347,31182
13347,31183
13347,31184
13348,31163
13348,31164
13348,31165
13348,31166
13348,31167
13348,31168
13348,31169
13348,31170
13348,31171
13348,31172
13348,31173
13348,31174
13348,31175
13348,31176
13348,31177
13348,31178
13348,31179
13348,31180
13348,31181
13348,31182
13348,31183
13348,31184
13348,31185
13349,31162
13349,31163
13349,31164
13349,31165
13349,31166
13349,31167
13349,31168
13349,31169
13349,31170
13349,31171
13349,31172
13349,31173
13349,31174
13349,31175
13349,31176
13349,31177
13349,31178
13349,31179
13349,31180
13349,31181
13349,31182
13349,31183
13349,31184
13349,31185
13350,31161
13350,31162
13350,31163
13350,31164
13350,31165
13350,31166
13350,31167
13350,31168
13350,31169
13350,31170
13350,31171
13350,31172
13350,31173
13350,31174
13350,31175
13350,31176
13350,31177
13350,31178
13350,31179
13350,31180
13350,31181
13350,31182
13350,31183
13350,31184
13350,31185
13351,31160
13351,31161
13351,31162
13351,31163
13351,31164
13351,31165
13351,31166
13351,31167
13351,31168
13351,31169
13351,31170
13351,31171
13351,31172
13351,31173
13351,31174
13351,31175
13351,31176
13351,31177
13351,31178
13351,31179
13351,31180
13351,31181
13351,31182
13351,31183
13351,31184
13351,31185
13352,31160
13352,31161
13352,31162
13352,31163
13352,31164
13352,31165
13352,31166
13352,31167
13352,31168
13352,31169
13352,31170
13352,31171
13352,31172
13352,31173
13352,31174
13352,31175
13352,31176
13352,31177
13352,31178
13352,31179
13352,31180
13352,31181
13352,31182
13352,31183
13352,31184
13352,31185
13353,31139
13353,31160
13353,31161
13353,31162
13353,31163
13353,31164
13353,31165
13353,31166
13353,31167
13353,31168
13353,31169
13353,31170
13353,31171
13353,31172
13353,31173
13353,31174
13353,31175
13353,31176
13353,31177
13353,31178
13353,31179
13353,31180
13353,31181
13353,31182
13353,31183
13353,31184
13353,31185
13354,31136
13354,31137
13354,31138
13354,31139
13354,31140
13354,31141
13354,31142
13354,31143
13354,31144
13354,31145
13354,31146
13354,31147
13354,31148
13354,31149
13354,31150
13354,31151
13354,31152
13354,31153
13354,31155
13354,31156
13354,31157
13354,31158
13354,31159
13354,31160
13354,31161
13354,31162
13354,31163
13354,31164
13354,31165
13354,31166
13354,31167
13354,31168
13354,31169
13354,31170
13354,31171
13354,31172
13354,31173
13354,31174
13354,31175
13354,31176
13354,31177
13354,31178
13354,31179
13354,31180
13354,31181
13354,31182
13354,31183
13354,31184
13355,31135
13355,31136
13355,31137
13355,31138
13355,31139
13355,31140
13355,31141
13355,31142
13355,31143
13355,31144
13355,31145
13355,31146
13355,31147
13355,31148
13355,31149
13355,31150
13355,31151
13355,31152
13355,31153
13355,31154
13355,31155
13355,31156
13355,31157
13355,31158
13355,31159
13355,31160
13355,31161
13355,31162
13355,31163
13355,31164
13355,31165
13355,31166
13355,31167
13355,31168
13355,31169
13355,31170
13355,31171
13355,31172
13355,31173
13355,31174
13355,31175
13355,31176
13355,31177
13355,31178
13355,31179
13355,31180
13355,31181
13355,31182
13355,31183
13355,31184
13356,31134
13356,31135
13356,31136
13356,31137
13356,31138
13356,31139
13356,31140
13356,31141
13356,31142
13356,31143
13356,31144
13356,31145
13356,31146
13356,31147
13356,31148
13356,31149
13356,31150
13356,31151
13356,31152
13356,31153
13356,31154
13356,31155
13356,31156
13356,31157
13356,31158
13356,31159
13356,31160
13356,31161
13356,31162
13356,31163
13356,31164
13356,31165
13356,31166
13356,31167
13356,31168
13356,31169
13356,31170
13356,31171
13356,31172
13356,31173
13356,31174
13356,31175
13356,31176
13356,31177
13356,31178
13356,31179
13356,31180
13356,31181
13356,31182
13356,31183
13356,31184
13357,31133
13357,31134
13357,31135
13357,31136
13357,31137
13357,31138
13357,31139
13357,31140
13357,31141
13357,31142
13357,31143
13357,31144
13357,31145
13357,31146
13357,31147
13357,31148
13357,31149
13357,31150
13357,31151
13357,31152
13357,31153
13357,31154
13357,31155
13357,31156
13357,31157
13357,31158
13357,31159
13357,31160
13357,31161
13357,31162
13357,31163
13357,31164
13357,31165
13357,31166
13357,31167
13357,31168
13357,31169
13357,31170
13357,31171
13357,31172
13357,31173
13357,31174
13357,31175
13357,31176
13357,31177
13357,31178
13357,31179
13357,31180
13357,31181
13357,31182
13357,31183
13357,31184
13358,31133
13358,31134
13358,31135
13358,31136
13358,31137
13358,31138
13358,31139
13358,31140
13358,31141
13358,31142
13358,31143
13358,31144
13358,31145
13358,31146
13358,31147
13358,31148
13358,31149
13358,31150
13358,31151
13358,31152
13358,31153
13358,31154
13358,31155
13358,31156
13358,31157
13358,31158
13358,31159
13358,31160
13358,31161
13358,31162
13358,31163
13358,31164
13358,31165
13358,31166
13358,31167
13358,31168
13358,31169
13358,31170
13358,31171
13358,31172
13358,31173
13358,31174
13358,31175
13358,31176
13358,31177
13358,31178
13358,31179
13358,31180
13358,31181
13358,31182
13358,31183
13358,31184
13359,31132
13359,31133
13359,31134
13359,31135
13359,31136
13359,31137
13359,31138
13359,31139
13359,31140
13359,31141
13359,31142
13359,31143
13359,31144
13359,31145
13359,31146
13359,31147
13359,31148
13359,31149
13359,31150
13359,31151
13359,31152
13359,31153
13359,31154
13359,31155
13359,31156
13359,31157
13359,31158
13359,31159
13359,31160
13359,31161
13359,31162
13359,31163
13359,31164
13359,31165
13359,31166
13359,31167
13359,31168
13359,31169
13359,31170
13359,31171
13359,31172
13359,31173
13359,31174
13359,31175
13359,31176
13359,31177
13359,31178
13359,31179
13359,31180
13359,31181
13359,31182
13359,31183
13360,31132
13360,31133
13360,31134
13360,31135
13360,31136
13360,31137
13360,31138
13360,31139
13360,31140
13360,31141
13360,31142
13360,31143
13360,31144
13360,31145
13360,31146
13360,31147
13360,31148
13360,31149
13360,31150
13360,31151
13360,31152
13360,31153
13360,31154
13360,31155
13360,31156
13360,31157
13360,31158
13360,31159
13360,31160
13360,31161
13360,31162
13360,31163
13360,31164
13360,31165
13360,31166
13360,31167
13360,31168
13360,31169
13360,31170
13360,31171
13360,31172
13360,31173
13360,31174
13360,31175
13360,31176
13360,31177
13360,31178
13360,31179
13360,31180
13360,31181
13360,31182
13360,31183
13361,31131
13361,31132
13361,31133
13361,31134
13361,31135
13361,31136
13361,31137
13361,31138
13361,31139
13361,31140
13361,31141
13361,31142
13361,31143
13361,31144
13361,31145
13361,31146
13361,31147
13361,31148
13361,31149
13361,31150
13361,31151
13361,31152
13361,31153
13361,31154
13361,31155
13361,31156
13361,31157
13361,31158
13361,31159
13361,31160
13361,31161
13361,31162
13361,31163
13361,31164
13361,31165
13361,31166
13361,31167
13361,31168
13361,31169
13361,31170
13361,31171
13361,31172
13361,31173
13361,31174
13361,31175
13361,31176
13361,31177
13361,31178
13361,31179
13361,31180
13361,31181
13361,31182
13361,31183
13362,31131
13362,31132
13362,31133
13362,31134
13362,31135
13362,31136
13362,31137
13362,31138
13362,31139
13362,31140
13362,31141
13362,31142
13362,31143
13362,31144
13362,31145
13362,31146
13362,31147
13362,31148
13362,31149
13362,31150
13362,31151
13362,31152
13362,31153
13362,31154
13362,31155
13362,31156
13362,31157
13362,31158
13362,31159
13362,31160
13362,31161
13362,31162
13362,31163
13362,31164
13362,31165
13362,31166
13362,31167
13362,31168
13362,31169
13362,31170
13362,31171
13362,31172
13362,31173
13362,31174
13362,31175
13362,31176
13362,31177
13362,31178
13362,31179
13362,31180
13362,31181
13362,31182
13362,31183
13363,31130
13363,31131
13363,31132
13363,31133
13363,31134
13363,31135
13363,31136
13363,31137
13363,31138
13363,31139
13363,31140
13363,31141
13363,31142
13363,31143
13363,31144
13363,31145
13363,31146
13363,31147
13363,31148
13363,31149
13363,31150
13363,31151
13363,31152
13363,31153
13363,31154
13363,31155
13363,31156
13363,31157
13363,31158
13363,31159
13363,31160
13363,31161
13363,31162
13363,31163
13363,31164
13363,31165
13363,31166
13363,31167
13363,31168
13363,31169
13363,31170
13363,31171
13363,31172
13363,31173
13363,31174
13363,31175
13363,31176
13363,31177
13363,31178
13363,31179
13363,31180
13363,31181
13363,31182
13364,31129
13364,31130
13364,31131
13364,31132
13364,31133
13364,31134
13364,31135
13364,31136
13364,31137
13364,31138
13364,31139
13364,31140
13364,31141
13364,31142
13364,31143
13364,31144
13364,31145
13364,31146
13364,31147
13364,31148
13364,31149
13364,31150
13364,31151
13364,31152
13364,31153
13364,31154
13364,31155
13364,31156
13364,31157
13364,31158
13364,31159
13364,31160
13364,31161
13364,31162
13364,31163
13364,31164
13364,31165
13364,31166
13364,31167
13364,31168
13364,31169
13364,31170
13364,31171
13364,31172
13364,31173
13364,31174
13364,31175
13364,31176
13364,31177
13364,31178
13364,31179
13364,31180
13364,31181
13364,31182
13365,31128
13365,31129
13365,31130
13365,31131
13365,31132
13365,31133
13365,31134
13365,31135
13365,31136
13365,31137
13365,31138
13365,31139
13365,31140
13365,31141
13365,31142
13365,31143
13365,31144
13365,31145
13365,31146
13365,31147
13365,31148
13365,31149
13365,31150
13365,31151
13365,31152
13365,31153
13365,31154
13365,31155
13365,31156
13365,31157
13365,31158
13365,31159
13365,31160
13365,31161
13365,31162
13365,31163
13365,31164
13365,31165
13365,31166
13365,31167
13365,31168
13365,31169
13365,31170
13365,31171
13365,31172
13365,31173
13365,31174
13365,31175
13365,31176
13365,31177
13365,31178
13365,31179
13365,31180
13365,31181
13365,31182
13366,31125
13366,31126
13366,31127
13366,31128
13366,31129
13366,31130
13366,31131
13366,31132
13366,31133
13366,31134
13366,31135
13366,31136
13366,31137
13366,31138
13366,31139
13366,31140
13366,31141
13366,31142
13366,31143
13366,31144
13366,31145
13366,31146
13366,31147
13366,31148
13366,31149
13366,31150
13366,31151
13366,31152
13366,31153
13366,31154
13366,31155
13366,31156
13366,31157
13366,31158
13366,31159
13366,31160
13366,31161
13366,31162
13366,31163
13366,31164
13366,31165
13366,31166
13366,31167
13366,31168
13366,31169
13366,31170
13366,31171
13366,31172
13366,31173
13366,31174
13366,31175
13366,31176
13366,31177
13366,31178
13366,31179
13366,31180
13366,31181
13367,31124
13367,31125
13367,31126
13367,31127
13367,31128
13367,31129
13367,31130
13367,31131
13367,31132
13367,31133
13367,31134
13367,31135
13367,31136
13367,31137
13367,31138
13367,31139
13367,31140
13367,31141
13367,31142
13367,31143
13367,31144
13367,31145
13367,31146
13367,31147
13367,31148
13367,31149
13367,31150
13367,31151
13367,31152
13367,31153
13367,31154
13367,31155
13367,31156
13367,31157
13367,31158
13367,31159
13367,31160
13367,31161
13367,31162
13367,31163
13367,31164
13367,31165
13367,31166
13367,31167
13367,31168
13367,31169
13367,31170
13367,31171
13367,31172
13367,31173
13367,31174
13367,31175
13367,31176
13367,31177
13367,31178
13367,31179
13367,31180
13367,31181
13367,31182
13368,31123
13368,31124
13368,31125
13368,31126
13368,31127
13368,31128
13368,31129
13368,31130
13368,31131
13368,31132
13368,31133
13368,31134
13368,31135
13368,31136
13368,31137
13368,31138
13368,31139
13368,31140
13368,31141
13368,31142
13368,31143
13368,31144
13368,31145
13368,31146
13368,31147
13368,31148
13368,31149
13368,31150
13368,31151
13368,31152
13368,31153
13368,31154
13368,31155
13368,31156
13368,31157
13368,31158
13368,31159
13368,31160
13368,31161
13368,31162
13368,31163
13368,31164
13368,31165
13368,31166
13368,31167
13368,31168
13368,31169
13368,31170
13368,31171
13368,31172
13368,31173
13368,31174
13368,31175
13368,31176
13368,31177
13368,31178
13368,31179
13368,31180
13368,31181
13369,31122
13369,31123
13369,31124
13369,31125
13369,31126
13369,31127
13369,31128
13369,31129
13369,31130
13369,31131
13369,31132
13369,31133
13369,31134
13369,31135
13369,31136
13369,31137
13369,31138
13369,31139
13369,31140
13369,31141
13369,31142
13369,31143
13369,31144
13369,31145
13369,31146
13369,31147
13369,31148
13369,31149
13369,31150
13369,31151
13369,31152
13369,31153
13369,31154
13369,31155
13369,31156
13369,31157
13369,31158
13369,31159
13369,31160
13369,31161
13369,31162
13369,31163
13369,31164
13369,31165
13369,31166
13369,31167
13369,31168
13369,31169
13369,31170
13369,31171
13369,31172
13369,31173
13369,31174
13369,31175
13369,31176
13369,31177
13369,31178
13369,31179
13369,31180
13369,31181
13370,31122
13370,31123
13370,31124
13370,31125
13370,31126
13370,31127
13370,31128
13370,31129
13370,31130
13370,31131
13370,31132
13370,31133
13370,31134
13370,31135
13370,31136
13370,31137
13370,31138
13370,31139
13370,31140
13370,31141
13370,31142
13370,31143
13370,31144
13370,31145
13370,31146
13370,31147
13370,31148
13370,31149
13370,31150
13370,31151
13370,31152
13370,31153
13370,31154
13370,31155
13370,31156
13370,31157
13370,31158
13370,31159
13370,31160
13370,31161
13370,31162
13370,31163
13370,31164
13370,31165
13370,31166
13370,31167
13370,31168
13370,31169
13370,31170
13370,31171
13370,31172
13370,31173
13370,31174
13370,31175
13370,31176
13370,31177
13370,31178
13370,31179
13370,31180
13370,31181
13371,31121
13371,31122
13371,31123
13371,31124
13371,31125
13371,31126
13371,31127
13371,31128
13371,31129
13371,31130
13371,31131
13371,31132
13371,31133
13371,31134
13371,31135
13371,31136
13371,31137
13371,31138
13371,31139
13371,31140
13371,31141
13371,31142
13371,31143
13371,31144
13371,31145
13371,31146
13371,31147
13371,31148
13371,31149
13371,31150
13371,31151
13371,31152
13371,31153
13371,31154
13371,31155
13371,31156
13371,31157
13371,31158
13371,31159
13371,31160
13371,31161
13371,31162
13371,31163
13371,31164
13371,31165
13371,31166
13371,31167
13371,31168
13371,31169
13371,31170
13371,31171
13371,31172
13371,31173
13371,31174
13371,31175
13371,31176
13371,31177
13371,31178
13371,31179
13371,31180
13372,31121
13372,31122
13372,31123
13372,31124
13372,31125
13372,31126
13372,31127
13372,31128
13372,31129
13372,31130
13372,31131
13372,31132
13372,31133
13372,31134
13372,31135
13372,31136
13372,31137
13372,31138
13372,31139
13372,31140
13372,31141
13372,31142
13372,31143
13372,31144
13372,31145
13372,31146
13372,31147
13372,31148
13372,31149
13372,31150
13372,31151
13372,31152
13372,31153
13372,31154
13372,31155
13372,31156
13372,31157
13372,31158
13372,31159
13372,31160
13372,31161
13372,31162
13372,31163
13372,31164
13372,31165
13372,31166
13372,31167
13372,31168
13372,31169
13372,31170
13372,31171
13372,31172
13372,31173
13372,31174
13372,31175
13372,31176
13372,31177
13372,31178
13372,31179
13373,31121
13373,31122
13373,31123
13373,31124
13373,31125
13373,31126
13373,31127
13373,31128
13373,31129
13373,31130
13373,31131
13373,31132
13373,31133
13373,31134
13373,31135
13373,31136
13373,31137
13373,31138
13373,31139
13373,31140
13373,31141
13373,31142
13373,31143
13373,31144
13373,31145
13373,31146
13373,31147
13373,31148
13373,31149
13373,31150
13373,31151
13373,31152
13373,31153
13373,31154
13373,31155
13373,31156
13373,31157
13373,31158
13373,31159
13373,31160
13373,31161
13373,31162
13373,31163
13373,31164
13373,31165
13373,31166
13373,31167
13373,31168
13373,31169
13373,31170
13373,31171
13373,31172
13373,31173
13373,31174
13373,31175
13373,31176
13373,31177
13373,31178
13374,31120
13374,31121
13374,31122
13374,31123
13374,31124
13374,31125
13374,31126
13374,31127
13374,31128
13374,31129
13374,31130
13374,31131
13374,31132
13374,31133
13374,31134
13374,31135
13374,31136
13374,31137
13374,31138
13374,31139
13374,31140
13374,31141
13374,31142
13374,31143
13374,31144
13374,31145
13374,31146
13374,31147
13374,31148
13374,31149
13374,31150
13374,31151
13374,31152
13374,31153
13374,31154
13374,31155
13374,31156
13374,31157
13374,31158
13374,31159
13374,31160
13374,31161
13374,31162
13374,31163
13374,31164
13374,31165
13374,31166
13374,31167
13374,31168
13374,31169
13374,31170
13374,31171
13374,31172
13374,31173
13374,31174
13374,31175
13374,31176
13374,31177
13375,31119
13375,31120
13375,31121
13375,31122
13375,31123
13375,31124
13375,31125
13375,31126
13375,31127
13375,31128
13375,31129
13375,31130
13375,31131
13375,31132
13375,31133
13375,31134
13375,31135
13375,31136
13375,31137
13375,31138
13375,31139
13375,31140
13375,31141
13375,31142
13375,31143
13375,31144
13375,31145
13375,31146
13375,31147
13375,31148
13375,31149
13375,31150
13375,31151
13375,31152
13375,31153
13375,31154
13375,31155
13375,31156
13375,31157
13375,31158
13375,31159
13375,31160
13375,31161
13375,31162
13375,31163
13375,31164
13375,31165
13375,31166
13375,31167
13375,31168
13375,31169
13375,31170
13375,31171
13375,31172
13375,31173
13375,31174
13375,31175
13376,31118
13376,31119
13376,31120
13376,31121
13376,31122
13376,31123
13376,31124
13376,31125
13376,31126
13376,31127
13376,31128
13376,31129
13376,31130
13376,31131
13376,31132
13376,31133
13376,31134
13376,31135
13376,31136
13376,31137
13376,31138
13376,31139
13376,31140
13376,31141
13376,31142
13376,31143
13376,31144
13376,31145
13376,31146
13376,31147
13376,31148
13376,31149
13376,31150
13376,31151
13376,31152
13376,31153
13376,31154
13376,31155
13376,31156
13376,31157
13376,31158
13376,31159
13376,31160
13376,31161
13376,31162
13376,31163
13376,31164
13376,31165
13376,31166
13376,31167
13376,31168
13376,31169
13376,31170
13376,31171
13376,31172
13376,31173
13377,31118
13377,31119
13377,31120
13377,31121
13377,31122
13377,31123
13377,31124
13377,31125
13377,31126
13377,31127
13377,31128
13377,31129
13377,31130
13377,31131
13377,31132
13377,31133
13377,31134
13377,31135
13377,31136
13377,31137
13377,31138
13377,31139
13377,31140
13377,31141
13377,31142
13377,31143
13377,31144
13377,31145
13377,31146
13377,31147
13377,31148
13377,31149
13377,31150
13377,31151
13377,31152
13377,31153
13377,31154
13377,31155
13377,31156
13377,31157
13377,31158
13377,31159
13377,31160
13377,31161
13377,31162
13377,31163
13377,31164
13377,31165
13377,31166
13377,31167
13377,31170
13378,31117
13378,31118
13378,31119
13378,31120
13378,31121
13378,31122
13378,31123
13378,31124
13378,31125
13378,31126
13378,31127
13378,31128
13378,31129
13378,31130
13378,31131
13378,31132
13378,31133
13378,31134
13378,31135
13378,31136
13378,31137
13378,31138
13378,31139
13378,31140
13378,31141
13378,31142
13378,31143
13378,31144
13378,31145
13378,31146
13378,31147
13378,31148
13378,31149
13378,31150
13378,31151
13378,31152
13378,31153
13378,31154
13378,31155
13378,31156
13378,31157
13378,31158
13378,31159
13378,31160
13378,31161
13378,31162
13378,31163
13378,31164
13378,31165
13378,31166
13378,31167
13379,31117
13379,31118
13379,31119
13379,31120
13379,31121
13379,31122
13379,31123
13379,31124
13379,31125
13379,31126
13379,31127
13379,31128
13379,31129
13379,31130
13379,31131
13379,31132
13379,31133
13379,31134
13379,31135
13379,31136
13379,31137
13379,31138
13379,31139
13379,31140
13379,31141
13379,31142
13379,31143
13379,31144
13379,31145
13379,31146
13379,31147
13379,31148
13379,31149
13379,31150
13379,31151
13379,31152
13379,31153
13379,31154
13379,31155
13379,31156
13379,31157
13379,31158
13379,31159
13379,31160
13379,31161
13379,31162
13379,31163
13379,31164
13379,31165
13379,31166
13379,31167
13380,31117
13380,31118
13380,31119
13380,31120
13380,31121
13380,31122
13380,31123
13380,31124
13380,31125
13380,31126
13380,31127
13380,31128
13380,31129
13380,31130
13380,31131
13380,31132
13380,31133
13380,31134
13380,31135
13380,31136
13380,31137
13380,31138
13380,31139
13380,31140
13380,31141
13380,31142
13380,31143
13380,31144
13380,31145
13380,31146
13380,31147
13380,31148
13380,31149
13380,31150
13380,31151
13380,31152
13380,31153
13380,31154
13380,31155
13380,31156
13380,31157
13380,31158
13380,31159
13380,31160
13380,31161
13380,31162
13380,31163
13380,31164
13380,31165
13380,31166
13380,31167
13380,31168
13381,31116
13381,31117
13381,31118
13381,31119
13381,31120
13381,31121
13381,31122
13381,31123
13381,31124
13381,31125
13381,31126
13381,31127
13381,31128
13381,31129
13381,31130
13381,31131
13381,31132
13381,31133
13381,31134
13381,31135
13381,31136
13381,31137
13381,31138
13381,31139
13381,31140
13381,31141
13381,31142
13381,31143
13381,31144
13381,31145
13381,31146
13381,31147
13381,31148
13381,31149
13381,31150
13381,31151
13381,31152
13381,31153
13381,31154
13381,31155
13381,31156
13381,31157
13381,31158
13381,31159
13381,31160
13381,31161
13381,31162
13381,31163
13381,31164
13381,31165
13381,31166
13381,31167
13381,31168
13381,31169
13382,31115
13382,31116
13382,31117
13382,31118
13382,31119
13382,31120
13382,31121
13382,31122
13382,31123
13382,31124
13382,31125
13382,31126
13382,31127
13382,31128
13382,31129
13382,31130
13382,31131
13382,31132
13382,31133
13382,31134
13382,31135
13382,31136
13382,31137
13382,31138
13382,31139
13382,31140
13382,31141
13382,31142
13382,31143
13382,31144
13382,31145
13382,31146
13382,31147
13382,31148
13382,31149
13382,31150
13382,31151
13382,31152
13382,31153
13382,31154
13382,31155
13382,31156
13382,31157
13382,31158
13382,31159
13382,31160
13382,31161
13382,31162
13382,31163
13382,31164
13382,31165
13382,31166
13382,31167
13382,31168
13382,31169
13383,31114
13383,31115
13383,31116
13383,31117
13383,31118
13383,31119
13383,31120
13383,31121
13383,31122
13383,31123
13383,31124
13383,31125
13383,31126
13383,31127
13383,31128
13383,31129
13383,31130
13383,31131
13383,31132
13383,31133
13383,31134
13383,31135
13383,31136
13383,31137
13383,31138
13383,31139
13383,31140
13383,31141
13383,31142
13383,31143
13383,31144
13383,31145
13383,31146
13383,31147
13383,31148
13383,31149
13383,31150
13383,31151
13383,31152
13383,31153
13383,31154
13383,31155
13383,31156
13383,31157
13383,31158
13383,31159
13383,31160
13383,31161
13383,31162
13383,31163
13383,31164
13383,31165
13383,31166
13383,31167
13383,31168
13383,31169
13384,31113
13384,31114
13384,31115
13384,31116
13384,31117
13384,31118
13384,31119
13384,31120
13384,31121
13384,31122
13384,31123
13384,31124
13384,31125
13384,31126
13384,31127
13384,31128
13384,31129
13384,31130
13384,31131
13384,31132
13384,31133
13384,31134
13384,31135
13384,31136
13384,31137
13384,31138
13384,31139
13384,31140
13384,31141
13384,31142
13384,31143
13384,31144
13384,31145
13384,31146
13384,31147
13384,31148
13384,31149
13384,31150
13384,31151
13384,31152
13384,31153
13384,31154
13384,31155
13384,31156
13384,31157
13384,31158
13384,31159
13384,31160
13384,31161
13384,31162
13384,31163
13384,31164
13384,31165
13384,31166
13384,31167
13384,31168
13384,31169
13384,31170
13385,31112
13385,31113
13385,31114
13385,31115
13385,31116
13385,31117
13385,31118
13385,31119
13385,31120
13385,31121
13385,31122
13385,31123
13385,31124
13385,31125
13385,31126
13385,31127
13385,31128
13385,31129
13385,31130
13385,31131
13385,31132
13385,31133
13385,31134
13385,31135
13385,31136
13385,31137
13385,31138
13385,31139
13385,31140
13385,31141
13385,31142
13385,31143
13385,31144
13385,31145
13385,31146
13385,31147
13385,31148
13385,31149
13385,31150
13385,31151
13385,31152
13385,31153
13385,31154
13385,31155
13385,31156
13385,31157
13385,31158
13385,31159
13385,31160
13385,31161
13385,31162
13385,31163
13385,31164
13385,31165
13385,31166
13385,31167
13385,31168
13385,31169
13386,31111
13386,31112
13386,31113
13386,31114
13386,31115
13386,31116
13386,31117
13386,31118
13386,31119
13386,31120
13386,31121
13386,31122
13386,31123
13386,31124
13386,31125
13386,31126
13386,31127
13386,31128
13386,31129
13386,31130
13386,31131
13386,31132
13386,31133
13386,31134
13386,31135
13386,31136
13386,31137
13386,31138
13386,31139
13386,31140
13386,31141
13386,31142
13386,31143
13386,31144
13386,31145
13386,31146
13386,31147
13386,31148
13386,31149
13386,31150
13386,31151
13386,31152
13386,31153
13386,31154
13386,31155
13386,31156
13386,31157
13386,31158
13386,31159
13386,31160
13386,31161
13386,31162
13386,31163
13386,31164
13386,31165
13386,31166
13386,31167
13386,31168
13386,31169
13386,31189
13386,31190
13386,31191
13386,31192
13386,31193
13386,31194
13386,31195
13386,31196
13387,31110
13387,31111
13387,31112
13387,31113
13387,31114
13387,31115
13387,31116
13387,31117
13387,31118
13387,31119
13387,31120
13387,31121
13387,31122
13387,31123
13387,31124
13387,31125
13387,31126
13387,31127
13387,31128
13387,31129
13387,31130
13387,31131
13387,31132
13387,31133
13387,31134
13387,31135
13387,31136
13387,31137
13387,31138
13387,31139
13387,31140
13387,31141
13387,31142
13387,31143
13387,31144
13387,31145
13387,31146
13387,31147
13387,31148
13387,31149
13387,31150
13387,31151
13387,31152
13387,31153
13387,31154
13387,31155
13387,31156
13387,31157
13387,31158
13387,31159
13387,31160
13387,31161
13387,31162
13387,31163
13387,31164
13387,31165
13387,31166
13387,31167
13387,31168
13387,31169
13387,31186
13387,31187
13387,31188
13387,31189
13387,31190
13387,31191
13387,31192
13387,31193
13387,31194
13387,31195
13387,31196
13387,31197
13387,31198
13387,31199
13388,31110
13388,31111
13388,31112
13388,31113
13388,31114
13388,31115
13388,31116
13388,31117
13388,31118
13388,31119
13388,31120
13388,31121
13388,31122
13388,31123
13388,31124
13388,31125
13388,31126
13388,31127
13388,31128
13388,31129
13388,31130
13388,31131
13388,31132
13388,31133
13388,31134
13388,31135
13388,31136
13388,31137
13388,31138
13388,31139
13388,31140
13388,31141
13388,31142
13388,31143
13388,31144
13388,31145
13388,31146
13388,31147
13388,31148
13388,31149
13388,31150
13388,31151
13388,31152
13388,31153
13388,31154
13388,31155
13388,31156
13388,31157
13388,31158
13388,31159
13388,31160
13388,31161
13388,31162
13388,31163
13388,31164
13388,31165
13388,31166
13388,31167
13388,31168
13388,31169
13388,31170
13388,31185
13388,31186
13388,31187
13388,31188
13388,31189
13388,31190
13388,31191
13388,31192
13388,31193
13388,31194
13388,31195
13388,31196
13388,31197
13388,31198
13388,31199
13388,31200
13389,31109
13389,31110
13389,31111
13389,31112
13389,31113
13389,31114
13389,31115
13389,31116
13389,31117
13389,31118
13389,31119
13389,31120
13389,31121
13389,31122
13389,31123
13389,31124
13389,31125
13389,31126
13389,31127
13389,31128
13389,31129
13389,31130
13389,31131
13389,31132
13389,31133
13389,31134
13389,31135
13389,31136
13389,31137
13389,31138
13389,31139
13389,31140
13389,31141
13389,31142
13389,31143
13389,31144
13389,31145
13389,31146
13389,31147
13389,31148
13389,31149
13389,31150
13389,31151
13389,31152
13389,31153
13389,31154
13389,31155
13389,31156
13389,31157
13389,31158
13389,31159
13389,31160
13389,31161
13389,31162
13389,31163
13389,31164
13389,31165
13389,31166
13389,31167
13389,31168
13389,31169
13389,31170
13389,31171
13389,31178
13389,31179
13389,31180
13389,31184
13389,31185
13389,31186
13389,31187
13389,31188
13389,31189
13389,31190
13389,31191
13389,31192
13389,31193
13389,31194
13389,31195
13389,31196
13389,31197
13389,31198
13389,31199
13389,31200
13389,31201
13390,31109
13390,31110
13390,31111
13390,31112
13390,31113
13390,31114
13390,31115
13390,31116
13390,31117
13390,31118
13390,31119
13390,31120
13390,31121
13390,31122
13390,31123
13390,31124
13390,31125
13390,31126
13390,31127
13390,31128
13390,31129
13390,31130
13390,31131
13390,31132
13390,31133
13390,31134
13390,31135
13390,31136
13390,31137
13390,31138
13390,31139
13390,31140
13390,31141
13390,31142
13390,31143
13390,31144
13390,31145
13390,31146
13390,31147
13390,31148
13390,31149
13390,31150
13390,31151
13390,31152
13390,31153
13390,31154
13390,31155
13390,31156
13390,31157
13390,31158
13390,31159
13390,31160
13390,31161
13390,31162
13390,31163
13390,31164
13390,31165
13390,31166
13390,31167
13390,31168
13390,31169
13390,31170
13390,31171
13390,31172
13390,31175
13390,31176
13390,31177
13390,31178
13390,31179
13390,31180
13390,31181
13390,31182
13390,31183
13390,31184
13390,31185
13390,31186
13390,31187
13390,31188
13390,31189
13390,31190
13390,31191
13390,31192
13390,31193
13390,31194
13390,31195
13390,31196
13390,31197
13390,31198
13390,31199
13390,31200
13390,31201
13391,31110
13391,31111
13391,31112
13391,31113
13391,31114
13391,31115
13391,31116
13391,31117
13391,31118
13391,31119
13391,31120
13391,31121
13391,31122
13391,31123
13391,31124
13391,31125
13391,31126
13391,31127
13391,31128
13391,31129
13391,31130
13391,31131
13391,31132
13391,31133
13391,31134
13391,31135
13391,31136
13391,31137
13391,31138
13391,31139
13391,31140
13391,31141
13391,31142
13391,31143
13391,31144
13391,31145
13391,31146
13391,31147
13391,31148
13391,31149
13391,31150
13391,31151
13391,31152
13391,31153
13391,31154
13391,31155
13391,31156
13391,31157
13391,31158
13391,31159
13391,31160
13391,31161
13391,31162
13391,31163
13391,31164
13391,31165
13391,31166
13391,31167
13391,31168
13391,31169
13391,31170
13391,31171
13391,31172
13391,31173
13391,31174
13391,31175
13391,31176
13391,31177
13391,31178
13391,31179
13391,31180
13391,31181
13391,31182
13391,31183
13391,31184
13391,31185
13391,31186
13391,31187
13391,31188
13391,31189
13391,31190
13391,31191
13391,31192
13391,31193
13391,31194
13391,31195
13391,31196
13391,31197
13391,31198
13391,31199
13391,31200
13391,31201
13391,31202
13392,31110
13392,31111
13392,31112
13392,31113
13392,31114
13392,31115
13392,31116
13392,31117
13392,31118
13392,31119
13392,31120
13392,31121
13392,31122
13392,31123
13392,31124
13392,31125
13392,31126
13392,31127
13392,31128
13392,31129
13392,31130
13392,31131
13392,31132
13392,31133
13392,31134
13392,31135
13392,31136
13392,31137
13392,31138
13392,31139
13392,31140
13392,31141
13392,31142
13392,31143
13392,31144
13392,31145
13392,31146
13392,31147
13392,31148
13392,31149
13392,31150
13392,31151
13392,31152
13392,31153
13392,31154
13392,31155
13392,31156
13392,31157
13392,31158
13392,31159
13392,31160
13392,31161
13392,31162
13392,31163
13392,31164
13392,31165
13392,31166
13392,31167
13392,31168
13392,31169
13392,31170
13392,31171
13392,31172
13392,31173
13392,31174
13392,31175
13392,31176
13392,31177
13392,31178
13392,31179
13392,31180
13392,31181
13392,31182
13392,31183
13392,31184
13392,31185
13392,31186
13392,31187
13392,31188
13392,31189
13392,31190
13392,31191
13392,31192
13392,31193
13392,31194
13392,31195
13392,31196
13392,31197
13392,31198
13392,31199
13392,31200
13392,31201
13392,31202
13393,31110
13393,31111
13393,31112
13393,31113
13393,31114
13393,31115
13393,31116
13393,31117
13393,31118
13393,31119
13393,31120
13393,31121
13393,31122
13393,31123
13393,31124
13393,31125
13393,31126
13393,31127
13393,31128
13393,31129
13393,31130
13393,31131
13393,31132
13393,31133
13393,31134
13393,31135
13393,31136
13393,31137
13393,31138
13393,31139
13393,31140
13393,31141
13393,31142
13393,31143
13393,31144
13393,31145
13393,31146
13393,31147
13393,31148
13393,31149
13393,31150
13393,31151
13393,31152
13393,31153
13393,31154
13393,31155
13393,31156
13393,31157
13393,31158
13393,31159
13393,31160
13393,31161
13393,31162
13393,31163
13393,31164
13393,31165
13393,31166
13393,31167
13393,31168
13393,31169
13393,31170
13393,31171
13393,31172
13393,31173
13393,31174
13393,31175
13393,31176
13393,31177
13393,31178
13393,31179
13393,31180
13393,31181
13393,31182
13393,31183
13393,31184
13393,31185
13393,31186
13393,31187
13393,31188
13393,31189
13393,31190
13393,31191
13393,31192
13393,31193
13393,31194
13393,31195
13393,31196
13393,31197
13393,31198
13393,31199
13393,31200
13393,31201
13393,31202
13394,31109
13394,31110
13394,31111
13394,31112
13394,31113
13394,31114
13394,31115
13394,31116
13394,31117
13394,31118
13394,31119
13394,31120
13394,31121
13394,31122
13394,31123
13394,31124
13394,31125
13394,31126
13394,31127
13394,31128
13394,31129
13394,31130
13394,31131
13394,31132
13394,31133
13394,31134
13394,31135
13394,31136
13394,31137
13394,31138
13394,31139
13394,31140
13394,31141
13394,31142
13394,31143
13394,31144
13394,31145
13394,31146
13394,31147
13394,31148
13394,31149
13394,31150
13394,31151
13394,31152
13394,31153
13394,31154
13394,31155
13394,31156
13394,31157
13394,31158
13394,31159
13394,31160
13394,31161
13394,31162
13394,31163
13394,31164
13394,31165
13394,31166
13394,31167
13394,31168
13394,31169
13394,31170
13394,31171
13394,31172
13394,31173
13394,31174
13394,31175
13394,31176
13394,31177
13394,31178
13394,31179
13394,31180
13394,31181
13394,31182
13394,31183
13394,31184
13394,31185
13394,31186
13394,31187
13394,31188
13394,31189
13394,31190
13394,31191
13394,31192
13394,31193
13394,31194
13394,31195
13394,31196
13394,31197
13394,31198
13394,31199
13394,31200
13394,31201
13394,31202
13394,31203
13395,31109
13395,31110
13395,31111
13395,31112
13395,31113
13395,31114
13395,31115
13395,31116
13395,31117
13395,31118
13395,31119
13395,31120
13395,31121
13395,31122
13395,31123
13395,31124
13395,31125
13395,31126
13395,31127
13395,31128
13395,31129
13395,31130
13395,31131
13395,31132
13395,31133
13395,31134
13395,31135
13395,31136
13395,31137
13395,31138
13395,31139
13395,31140
13395,31141
13395,31142
13395,31143
13395,31144
13395,31145
13395,31146
13395,31147
13395,31148
13395,31149
13395,31150
13395,31151
13395,31152
13395,31153
13395,31154
13395,31155
13395,31156
13395,31157
13395,31158
13395,31159
13395,31160
13395,31161
13395,31162
13395,31163
13395,31164
13395,31165
13395,31166
13395,31167
13395,31168
13395,31169
13395,31170
13395,31171
13395,31172
13395,31173
13395,31174
13395,31175
13395,31176
13395,31177
13395,31178
13395,31179
13395,31180
13395,31181
13395,31182
13395,31183
13395,31184
13395,31185
13395,31186
13395,31187
13395,31188
13395,31189
13395,31190
13395,31191
13395,31192
13395,31193
13395,31194
13395,31195
13395,31196
13395,31197
13395,31198
13395,31199
13395,31200
13395,31201
13395,31202
13395,31203
13396,31109
13396,31110
13396,31111
13396,31112
13396,31113
13396,31114
13396,31115
13396,31116
13396,31117
13396,31118
13396,31119
13396,31120
13396,31121
13396,31122
13396,31123
13396,31124
13396,31125
13396,31126
13396,31127
13396,31128
13396,31129
13396,31130
13396,31131
13396,31132
13396,31133
13396,31134
13396,31135
13396,31136
13396,31137
13396,31138
13396,31139
13396,31140
13396,31141
13396,31142
13396,31143
13396,31144
13396,31145
13396,31146
13396,31147
13396,31148
13396,31149
13396,31150
13396,31151
13396,31152
13396,31153
13396,31154
13396,31155
13396,31156
13396,31157
13396,31158
13396,31159
13396,31160
13396,31161
13396,31162
13396,31163
13396,31164
13396,31165
13396,31166
13396,31167
13396,31168
13396,31169
13396,31170
13396,31171
13396,31172
13396,31173
13396,31174
13396,31175
13396,31176
13396,31177
13396,31178
13396,31179
13396,31180
13396,31181
13396,31182
13396,31183
13396,31184
13396,31185
13396,31186
13396,31187
13396,31188
13396,31189
13396,31190
13396,31191
13396,31192
13396,31193
13396,31194
13396,31195
13396,31196
13396,31197
13396,31198
13396,31199
13396,31200
13396,31201
13396,31202
13396,31203
13397,31108
13397,31109
13397,31110
13397,31111
13397,31112
13397,31113
13397,31114
13397,31115
13397,31116
13397,31117
13397,31118
13397,31119
13397,31120
13397,31121
13397,31122
13397,31123
13397,31124
13397,31125
13397,31126
13397,31127
13397,31128
13397,31129
13397,31130
13397,31131
13397,31132
13397,31133
13397,31134
13397,31135
13397,31136
13397,31137
13397,31138
13397,31139
13397,31140
13397,31141
13397,31142
13397,31143
13397,31144
13397,31145
13397,31146
13397,31147
13397,31148
13397,31149
13397,31150
13397,31151
13397,31152
13397,31153
13397,31154
13397,31155
13397,31156
13397,31157
13397,31158
13397,31159
13397,31160
13397,31161
13397,31162
13397,31163
13397,31164
13397,31165
13397,31166
13397,31167
13397,31168
13397,31169
13397,31170
13397,31171
13397,31172
13397,31173
13397,31174
13397,31175
13397,31176
13397,31177
13397,31178
13397,31179
13397,31180
13397,31181
13397,31182
13397,31183
13397,31184
13397,31185
13397,31186
13397,31187
13397,31188
13397,31189
13397,31190
13397,31191
13397,31192
13397,31193
13397,31194
13397,31195
13397,31196
13397,31197
13397,31198
13397,31199
13397,31200
13397,31201
13397,31202
13397,31203
13397,31204
13398,31108
13398,31109
13398,31110
13398,31111
13398,31112
13398,31113
13398,31114
13398,31115
13398,31116
13398,31117
13398,31118
13398,31119
13398,31120
13398,31121
13398,31122
13398,31123
13398,31124
13398,31125
13398,31126
13398,31127
13398,31128
13398,31129
13398,31130
13398,31131
13398,31132
13398,31133
13398,31134
13398,31135
13398,31136
13398,31137
13398,31138
13398,31139
13398,31140
13398,31141
13398,31142
13398,31143
13398,31144
13398,31145
13398,31146
13398,31147
13398,31148
13398,31149
13398,31150
13398,31151
13398,31152
13398,31153
13398,31154
13398,31155
13398,31156
13398,31157
13398,31158
13398,31159
13398,31160
13398,31161
13398,31162
13398,31163
13398,31164
13398,31165
13398,31166
13398,31167
13398,31168
13398,31169
13398,31170
13398,31171
13398,31172
13398,31173
13398,31174
13398,31175
13398,31176
13398,31177
13398,31178
13398,31179
13398,31180
13398,31181
13398,31182
13398,31183
13398,31184
13398,31185
13398,31186
13398,31187
13398,31188
13398,31189
13398,31190
13398,31191
13398,31192
13398,31193
13398,31194
13398,31195
13398,31196
13398,31197
13398,31198
13398,31199
13398,31200
13398,31201
13398,31202
13398,31203
13398,31204
13399,31107
13399,31108
13399,31109
13399,31110
13399,31111
13399,31112
13399,31113
13399,31114
13399,31115
13399,31116
13399,31117
13399,31118
13399,31119
13399,31120
13399,31121
13399,31122
13399,31123
13399,31124
13399,31125
13399,31126
13399,31127
13399,31128
13399,31129
13399,31130
13399,31131
13399,31132
13399,31133
13399,31134
13399,31135
13399,31136
13399,31137
13399,31138
13399,31139
13399,31140
13399,31141
13399,31142
13399,31143
13399,31144
13399,31145
13399,31146
13399,31147
13399,31148
13399,31149
13399,31150
13399,31151
13399,31152
13399,31153
13399,31154
13399,31155
13399,31156
13399,31157
13399,31158
13399,31159
13399,31160
13399,31161
13399,31162
13399,31163
13399,31164
13399,31165
13399,31166
13399,31167
13399,31168
13399,31169
13399,31170
13399,31171
13399,31172
13399,31173
13399,31174
13399,31175
13399,31176
13399,31177
13399,31178
13399,31179
13399,31180
13399,31181
13399,31182
13399,31183
13399,31184
13399,31185
13399,31186
13399,31187
13399,31188
13399,31189
13399,31190
13399,31191
13399,31192
13399,31193
13399,31194
13399,31195
13399,31196
13399,31197
13399,31198
13399,31199
13399,31200
13399,31201
13399,31202
13399,31203
13399,31204
13399,31205
13400,31106
13400,31107
13400,31108
13400,31109
13400,31110
13400,31111
13400,31112
13400,31113
13400,31114
13400,31115
13400,31116
13400,31117
13400,31118
13400,31119
13400,31120
13400,31121
13400,31122
13400,31123
13400,31124
13400,31125
13400,31126
13400,31127
13400,31128
13400,31129
13400,31130
13400,31131
13400,31132
13400,31133
13400,31134
13400,31135
13400,31136
13400,31137
13400,31138
13400,31139
13400,31140
13400,31141
13400,31142
13400,31143
13400,31144
13400,31145
13400,31146
13400,31147
13400,31148
13400,31149
13400,31150
13400,31151
13400,31152
13400,31153
13400,31154
13400,31155
13400,31156
13400,31157
13400,31158
13400,31159
13400,31160
13400,31161
13400,31162
13400,31163
13400,31164
13400,31165
13400,31166
13400,31167
13400,31168
13400,31169
13400,31170
13400,31171
13400,31172
13400,31173
13400,31174
13400,31175
13400,31176
13400,31177
13400,31178
13400,31179
13400,31180
13400,31181
13400,31182
13400,31183
13400,31184
13400,31185
13400,31186
13400,31187
13400,31188
13400,31189
13400,31190
13400,31191
13400,31192
13400,31193
13400,31194
13400,31195
13400,31196
13400,31197
13400,31198
13400,31199
13400,31200
13400,31201
13400,31202
13400,31203
13400,31204
13400,31205
13400,31206
13401,31106
13401,31107
13401,31108
13401,31109
13401,31110
13401,31111
13401,31112
13401,31113
13401,31114
13401,31115
13401,31116
13401,31117
13401,31118
13401,31119
13401,31120
13401,31121
13401,31122
13401,31123
13401,31124
13401,31125
13401,31126
13401,31127
13401,31128
13401,31129
13401,31130
13401,31131
13401,31132
13401,31133
13401,31134
13401,31135
13401,31136
13401,31137
13401,31138
13401,31139
13401,31140
13401,31141
13401,31142
13401,31143
13401,31144
13401,31145
13401,31146
13401,31147
13401,31148
13401,31149
13401,31150
13401,31151
13401,31152
13401,31153
13401,31154
13401,31155
13401,31156
13401,31157
13401,31158
13401,31159
13401,31160
13401,31161
13401,31162
13401,31163
13401,31164
13401,31165
13401,31166
13401,31167
13401,31168
13401,31169
13401,31170
13401,31171
13401,31172
13401,31173
13401,31174
13401,31175
13401,31176
13401,31177
13401,31178
13401,31179
13401,31180
13401,31181
13401,31182
13401,31183
13401,31184
13401,31185
13401,31186
13401,31187
13401,31188
13401,31189
13401,31190
13401,31191
13401,31192
13401,31193
13401,31194
13401,31195
13401,31196
13401,31197
13401,31198
13401,31199
13401,31200
13401,31201
13401,31202
13401,31203
13401,31204
13401,31205
13401,31206
13401,31207
13402,31106
13402,31107
13402,31108
13402,31109
13402,31110
13402,31111
13402,31112
13402,31113
13402,31114
13402,31115
13402,31116
13402,31117
13402,31118
13402,31119
13402,31120
13402,31121
13402,31122
13402,31123
13402,31124
13402,31125
13402,31126
13402,31127
13402,31128
13402,31129
13402,31130
13402,31131
13402,31132
13402,31133
13402,31134
13402,31135
13402,31136
13402,31137
13402,31138
13402,31139
13402,31140
13402,31141
13402,31142
13402,31143
13402,31144
13402,31145
13402,31146
13402,31147
13402,31148
13402,31149
13402,31150
13402,31151
13402,31152
13402,31153
13402,31154
13402,31155
13402,31156
13402,31157
13402,31158
13402,31159
13402,31162
13402,31163
13402,31164
13402,31165
13402,31166
13402,31167
13402,31168
13402,31169
13402,31170
13402,31171
13402,31172
13402,31173
13402,31174
13402,31175
13402,31176
13402,31177
13402,31178
13402,31179
13402,31180
13402,31181
13402,31182
13402,31183
13402,31184
13402,31185
13402,31186
13402,31187
13402,31188
13402,31189
13402,31190
13402,31191
13402,31192
13402,31193
13402,31194
13402,31195
13402,31196
13402,31197
13402,31198
13402,31199
13402,31200
13402,31201
13402,31202
13402,31203
13402,31204
13402,31205
13402,31206
13402,31207
13402,31208
13403,31105
13403,31106
13403,31107
13403,31108
13403,31109
13403,31110
13403,31111
13403,31112
13403,31113
13403,31114
13403,31115
13403,31116
13403,31117
13403,31118
13403,31119
13403,31120
13403,31121
13403,31122
13403,31123
13403,31124
13403,31125
13403,31126
13403,31127
13403,31128
13403,31129
13403,31130
13403,31131
13403,31132
13403,31133
13403,31134
13403,31135
13403,31136
13403,31137
13403,31138
13403,31139
13403,31140
13403,31141
13403,31142
13403,31143
13403,31144
13403,31145
13403,31146
13403,31147
13403,31148
13403,31149
13403,31150
13403,31151
13403,31152
13403,31153
13403,31154
13403,31155
13403,31156
13403,31157
13403,31158
13403,31159
13403,31162
13403,31163
13403,31164
13403,31165
13403,31166
13403,31167
13403,31168
13403,31169
13403,31170
13403,31171
13403,31172
13403,31173
13403,31174
13403,31175
13403,31176
13403,31177
13403,31178
13403,31179
13403,31180
13403,31181
13403,31182
13403,31183
13403,31184
13403,31185
13403,31186
13403,31187
13403,31188
13403,31189
13403,31190
13403,31191
13403,31192
13403,31193
13403,31194
13403,31195
13403,31196
13403,31197
13403,31198
13403,31199
13403,31200
13403,31201
13403,31202
13403,31203
13403,31204
13403,31205
13403,31206
13403,31207
13403,31208
13404,31105
13404,31106
13404,31107
13404,31108
13404,31109
13404,31110
13404,31111
13404,31112
13404,31113
13404,31114
13404,31115
13404,31116
13404,31117
13404,31118
13404,31119
13404,31120
13404,31121
13404,31122
13404,31123
13404,31124
13404,31125
13404,31126
13404,31127
13404,31128
13404,31129
13404,31130
13404,31131
13404,31132
13404,31133
13404,31134
13404,31135
13404,31136
13404,31137
13404,31138
13404,31139
13404,31140
13404,31141
13404,31142
13404,31143
13404,31144
13404,31145
13404,31146
13404,31147
13404,31148
13404,31149
13404,31150
13404,31151
13404,31152
13404,31153
13404,31154
13404,31155
13404,31156
13404,31157
13404,31158
13404,31159
13404,31163
13404,31164
13404,31165
13404,31166
13404,31167
13404,31168
13404,31169
13404,31170
13404,31171
13404,31172
13404,31173
13404,31174
13404,31175
13404,31176
13404,31177
13404,31178
13404,31179
13404,31180
13404,31181
13404,31182
13404,31183
13404,31184
13404,31185
13404,31186
13404,31187
13404,31188
13404,31189
13404,31190
13404,31191
13404,31192
13404,31193
13404,31194
13404,31195
13404,31196
13404,31197
13404,31198
13404,31199
13404,31200
13404,31201
13404,31202
13404,31203
13404,31204
13404,31205
13404,31206
13404,31207
13404,31208
13405,31104
13405,31105
13405,31106
13405,31107
13405,31108
13405,31109
13405,31110
13405,31111
13405,31112
13405,31113
13405,31114
13405,31115
13405,31116
13405,31117
13405,31118
13405,31119
13405,31120
13405,31121
13405,31122
13405,31123
13405,31124
13405,31125
13405,31126
13405,31127
13405,31128
13405,31129
13405,31130
13405,31131
13405,31132
13405,31133
13405,31134
13405,31135
13405,31136
13405,31137
13405,31138
13405,31139
13405,31140
13405,31141
13405,31142
13405,31143
13405,31144
13405,31145
13405,31146
13405,31147
13405,31148
13405,31149
13405,31150
13405,31151
13405,31152
13405,31153
13405,31154
13405,31155
13405,31156
13405,31157
13405,31158
13405,31164
13405,31165
13405,31166
13405,31167
13405,31168
13405,31169
13405,31170
13405,31171
13405,31172
13405,31173
13405,31174
13405,31175
13405,31176
13405,31177
13405,31178
13405,31179
13405,31180
13405,31181
13405,31182
13405,31183
13405,31184
13405,31185
13405,31186
13405,31187
13405,31188
13405,31189
13405,31190
13405,31191
13405,31192
13405,31193
13405,31194
13405,31195
13405,31196
13405,31197
13405,31198
13405,31199
13405,31200
13405,31201
13405,31202
13405,31203
13405,31204
13405,31205
13405,31206
13405,31207
13405,31208
13405,31209
13406,31104
13406,31105
13406,31106
13406,31107
13406,31108
13406,31109
13406,31110
13406,31111
13406,31112
13406,31113
13406,31114
13406,31115
13406,31116
13406,31117
13406,31118
13406,31119
13406,31120
13406,31121
13406,31122
13406,31123
13406,31124
13406,31125
13406,31126
13406,31127
13406,31128
13406,31129
13406,31130
13406,31131
13406,31132
13406,31133
13406,31134
13406,31135
13406,31136
13406,31137
13406,31138
13406,31139
13406,31140
13406,31141
13406,31142
13406,31143
13406,31144
13406,31145
13406,31149
13406,31150
13406,31151
13406,31152
13406,31153
13406,31154
13406,31155
13406,31156
13406,31157
13406,31166
13406,31167
13406,31168
13406,31169
13406,31170
13406,31171
13406,31172
13406,31173
13406,31174
13406,31175
13406,31176
13406,31177
13406,31178
13406,31179
13406,31180
13406,31181
13406,31182
13406,31183
13406,31184
13406,31185
13406,31186
13406,31187
13406,31188
13406,31189
13406,31190
13406,31191
13406,31192
13406,31193
13406,31194
13406,31195
13406,31196
13406,31197
13406,31198
13406,31199
13406,31200
13406,31201
13406,31202
13406,31203
13406,31204
13406,31205
13406,31206
13406,31207
13406,31208
13406,31209
13407,31103
13407,31104
13407,31105
13407,31106
13407,31107
13407,31108
13407,31109
13407,31110
13407,31111
13407,31112
13407,31113
13407,31114
13407,31115
13407,31116
13407,31117
13407,31118
13407,31119
13407,31120
13407,31121
13407,31122
13407,31123
13407,31124
13407,31125
13407,31126
13407,31127
13407,31128
13407,31129
13407,31130
13407,31131
13407,31132
13407,31133
13407,31134
13407,31135
13407,31136
13407,31137
13407,31138
13407,31139
13407,31140
13407,31141
13407,31142
13407,31143
13407,31144
13407,31150
13407,31151
13407,31152
13407,31153
13407,31154
13407,31155
13407,31156
13407,31169
13407,31170
13407,31171
13407,31172
13407,31173
13407,31174
13407,31175
13407,31176
13407,31177
13407,31178
13407,31179
13407,31180
13407,31181
13407,31182
13407,31183
13407,31184
13407,31185
13407,31186
13407,31187
13407,31188
13407,31189
13407,31190
13407,31191
13407,31192
13407,31193
13407,31194
13407,31195
13407,31196
13407,31197
13407,31198
13407,31199
13407,31200
13407,31201
13407,31202
13407,31203
13407,31204
13407,31205
13407,31206
13407,31207
13407,31208
13407,31209
13408,31103
13408,31104
13408,31105
13408,31106
13408,31107
13408,31108
13408,31109
13408,31110
13408,31111
13408,31112
13408,31113
13408,31114
13408,31115
13408,31116
13408,31117
13408,31118
13408,31119
13408,31120
13408,31121
13408,31122
13408,31123
13408,31124
13408,31125
13408,31126
13408,31127
13408,31128
13408,31129
13408,31130
13408,31131
13408,31132
13408,31133
13408,31134
13408,31135
13408,31136
13408,31137
13408,31138
13408,31139
13408,31140
13408,31141
13408,31142
13408,31151
13408,31152
13408,31153
13408,31154
13408,31155
13408,31172
13408,31173
13408,31174
13408,31175
13408,31176
13408,31177
13408,31178
13408,31179
13408,31180
13408,31181
13408,31182
13408,31183
13408,31184
13408,31185
13408,31186
13408,31187
13408,31188
13408,31189
13408,31190
13408,31191
13408,31192
13408,31193
13408,31194
13408,31195
13408,31196
13408,31197
13408,31198
13408,31199
13408,31200
13408,31201
13408,31202
13408,31203
13408,31204
13408,31205
13408,31206
13408,31207
13408,31208
13408,31209
13409,31103
13409,31104
13409,31105
13409,31106
13409,31107
13409,31108
13409,31109
13409,31110
13409,31111
13409,31112
13409,31113
13409,31114
13409,31115
13409,31116
13409,31117
13409,31118
13409,31119
13409,31120
13409,31121
13409,31122
13409,31123
13409,31124
13409,31125
13409,31126
13409,31127
13409,31128
13409,31129
13409,31130
13409,31131
13409,31132
13409,31133
13409,31134
13409,31135
13409,31136
13409,31137
13409,31138
13409,31139
13409,31140
13409,31141
13409,31142
13409,31143
13409,31153
13409,31173
13409,31174
13409,31175
13409,31176
13409,31177
13409,31178
13409,31179
13409,31180
13409,31181
13409,31182
13409,31183
13409,31184
13409,31185
13409,31186
13409,31187
13409,31188
13409,31189
13409,31190
13409,31191
13409,31192
13409,31193
13409,31194
13409,31195
13409,31196
13409,31197
13409,31198
13409,31199
13409,31200
13409,31201
13409,31202
13409,31203
13409,31204
13409,31205
13409,31206
13409,31207
13409,31208
13409,31209
13409,31210
13410,31102
13410,31103
13410,31104
13410,31105
13410,31106
13410,31107
13410,31108
13410,31109
13410,31110
13410,31111
13410,31112
13410,31113
13410,31114
13410,31115
13410,31116
13410,31117
13410,31118
13410,31119
13410,31120
13410,31121
13410,31122
13410,31123
13410,31124
13410,31125
13410,31126
13410,31127
13410,31128
13410,31129
13410,31130
13410,31131
13410,31132
13410,31133
13410,31134
13410,31135
13410,31136
13410,31137
13410,31138
13410,31139
13410,31140
13410,31141
13410,31142
13410,31143
13410,31174
13410,31175
13410,31176
13410,31177
13410,31178
13410,31179
13410,31180
13410,31181
13410,31182
13410,31183
13410,31184
13410,31185
13410,31186
13410,31187
13410,31188
13410,31189
13410,31190
13410,31191
13410,31192
13410,31193
13410,31194
13410,31195
13410,31196
13410,31197
13410,31198
13410,31199
13410,31200
13410,31201
13410,31202
13410,31203
13410,31204
13410,31205
13410,31206
13410,31207
13410,31208
13410,31209
13410,31210
13411,31101
13411,31102
13411,31103
13411,31104
13411,31105
13411,31106
13411,31107
13411,31108
13411,31109
13411,31110
13411,31111
13411,31112
13411,31113
13411,31114
13411,31115
13411,31116
13411,31117
13411,31118
13411,31119
13411,31120
13411,31121
13411,31122
13411,31123
13411,31124
13411,31125
13411,31126
13411,31127
13411,31128
13411,31129
13411,31130
13411,31131
13411,31132
13411,31133
13411,31134
13411,31135
13411,31136
13411,31137
13411,31138
13411,31139
13411,31140
13411,31141
13411,31142
13411,31143
13411,31150
13411,31175
13411,31176
13411,31177
13411,31178
13411,31179
13411,31180
13411,31181
13411,31182
13411,31183
13411,31184
13411,31185
13411,31186
13411,31187
13411,31188
13411,31189
13411,31190
13411,31191
13411,31192
13411,31193
13411,31194
13411,31195
13411,31196
13411,31197
13411,31198
13411,31199
13411,31200
13411,31201
13411,31202
13411,31203
13411,31204
13411,31205
13411,31206
13411,31207
13411,31208
13411,31209
13411,31210
13412,31101
13412,31102
13412,31103
13412,31104
13412,31105
13412,31106
13412,31107
13412,31108
13412,31109
13412,31110
13412,31111
13412,31112
13412,31113
13412,31114
13412,31115
13412,31116
13412,31117
13412,31118
13412,31119
13412,31120
13412,31121
13412,31122
13412,31123
13412,31124
13412,31125
13412,31126
13412,31127
13412,31128
13412,31129
13412,31130
13412,31131
13412,31132
13412,31133
13412,31134
13412,31135
13412,31136
13412,31137
13412,31138
13412,31139
13412,31140
13412,31141
13412,31142
13412,31143
13412,31144
13412,31147
13412,31148
13412,31149
13412,31150
13412,31151
13412,31152
13412,31153
13412,31176
13412,31177
13412,31178
13412,31179
13412,31180
13412,31181
13412,31182
13412,31183
13412,31184
13412,31185
13412,31186
13412,31187
13412,31188
13412,31189
13412,31190
13412,31191
13412,31192
13412,31193
13412,31194
13412,31195
13412,31196
13412,31197
13412,31198
13412,31199
13412,31200
13412,31201
13412,31202
13412,31203
13412,31204
13412,31205
13412,31206
13412,31207
13412,31208
13412,31209
13412,31210
13412,31211
13413,31101
13413,31102
13413,31103
13413,31104
13413,31105
13413,31106
13413,31107
13413,31108
13413,31109
13413,31110
13413,31111
13413,31112
13413,31113
13413,31114
13413,31115
13413,31116
13413,31117
13413,31118
13413,31119
13413,31120
13413,31121
13413,31122
13413,31123
13413,31124
13413,31125
13413,31126
13413,31127
13413,31128
13413,31129
13413,31130
13413,31131
13413,31132
13413,31133
13413,31134
13413,31135
13413,31136
13413,31137
13413,31138
13413,31139
13413,31140
13413,31141
13413,31142
13413,31143
13413,31146
13413,31147
13413,31148
13413,31149
13413,31150
13413,31151
13413,31152
13413,31153
13413,31154
13413,31177
13413,31178
13413,31179
13413,31180
13413,31181
13413,31182
13413,31183
13413,31184
13413,31185
13413,31186
13413,31187
13413,31188
13413,31189
13413,31190
13413,31191
13413,31192
13413,31193
13413,31194
13413,31195
13413,31196
13413,31197
13413,31198
13413,31199
13413,31200
13413,31201
13413,31202
13413,31203
13413,31204
13413,31205
13413,31206
13413,31207
13413,31208
13413,31209
13413,31210
13413,31211
13414,31095
13414,31096
13414,31098
13414,31099
13414,31100
13414,31101
13414,31102
13414,31103
13414,31104
13414,31105
13414,31106
13414,31107
13414,31108
13414,31109
13414,31110
13414,31111
13414,31112
13414,31113
13414,31114
13414,31115
13414,31116
13414,31117
13414,31118
13414,31119
13414,31120
13414,31121
13414,31122
13414,31123
13414,31124
13414,31125
13414,31126
13414,31127
13414,31128
13414,31129
13414,31130
13414,31131
13414,31132
13414,31133
13414,31134
13414,31135
13414,31136
13414,31137
13414,31138
13414,31139
13414,31140
13414,31141
13414,31142
13414,31143
13414,31144
13414,31145
13414,31146
13414,31147
13414,31148
13414,31149
13414,31150
13414,31151
13414,31152
13414,31153
13414,31154
13414,31155
13414,31156
13414,31179
13414,31180
13414,31181
13414,31182
13414,31183
13414,31184
13414,31185
13414,31186
13414,31187
13414,31188
13414,31189
13414,31190
13414,31191
13414,31192
13414,31193
13414,31194
13414,31195
13414,31196
13414,31197
13414,31198
13414,31199
13414,31200
13414,31201
13414,31202
13414,31203
13414,31204
13414,31205
13414,31206
13414,31207
13414,31208
13414,31209
13414,31210
13414,31211
13415,31092
13415,31093
13415,31094
13415,31095
13415,31096
13415,31097
13415,31098
13415,31099
13415,31100
13415,31101
13415,31102
13415,31103
13415,31104
13415,31105
13415,31106
13415,31107
13415,31108
13415,31109
13415,31110
13415,31111
13415,31112
13415,31113
13415,31114
13415,31115
13415,31116
13415,31117
13415,31118
13415,31119
13415,31120
13415,31121
13415,31122
13415,31123
13415,31124
13415,31125
13415,31126
13415,31127
13415,31128
13415,31129
13415,31130
13415,31131
13415,31132
13415,31133
13415,31134
13415,31135
13415,31136
13415,31137
13415,31138
13415,31139
13415,31140
13415,31141
13415,31142
13415,31143
13415,31144
13415,31145
13415,31146
13415,31147
13415,31148
13415,31149
13415,31150
13415,31151
13415,31152
13415,31153
13415,31154
13415,31155
13415,31156
13415,31157
13415,31179
13415,31180
13415,31181
13415,31182
13415,31183
13415,31184
13415,31185
13415,31186
13415,31187
13415,31188
13415,31189
13415,31190
13415,31191
13415,31192
13415,31193
13415,31194
13415,31195
13415,31196
13415,31197
13415,31198
13415,31199
13415,31200
13415,31201
13415,31202
13415,31203
13415,31204
13415,31205
13415,31206
13415,31207
13415,31208
13415,31209
13415,31210
13415,31211
13415,31212
13416,31091
13416,31092
13416,31093
13416,31094
13416,31095
13416,31096
13416,31097
13416,31098
13416,31099
13416,31100
13416,31101
13416,31102
13416,31103
13416,31104
13416,31105
13416,31106
13416,31107
13416,31108
13416,31109
13416,31110
13416,31111
13416,31112
13416,31113
13416,31114
13416,31115
13416,31116
13416,31117
13416,31118
13416,31119
13416,31120
13416,31121
13416,31122
13416,31123
13416,31124
13416,31125
13416,31126
13416,31127
13416,31128
13416,31129
13416,31130
13416,31131
13416,31132
13416,31133
13416,31134
13416,31135
13416,31136
13416,31137
13416,31138
13416,31139
13416,31140
13416,31141
13416,31142
13416,31143
13416,31144
13416,31145
13416,31146
13416,31147
13416,31148
13416,31149
13416,31150
13416,31151
13416,31152
13416,31153
13416,31154
13416,31155
13416,31156
13416,31157
13416,31158
13416,31179
13416,31180
13416,31181
13416,31182
13416,31183
13416,31184
13416,31185
13416,31186
13416,31187
13416,31188
13416,31189
13416,31190
13416,31191
13416,31192
13416,31193
13416,31194
13416,31195
13416,31196
13416,31197
13416,31198
13416,31199
13416,31200
13416,31201
13416,31202
13416,31203
13416,31204
13416,31205
13416,31206
13416,31207
13416,31208
13416,31209
13416,31210
13416,31211
13416,31212
13417,31090
13417,31091
13417,31092
13417,31093
13417,31094
13417,31095
13417,31096
13417,31097
13417,31098
13417,31099
13417,31100
13417,31101
13417,31102
13417,31103
13417,31104
13417,31105
13417,31106
13417,31107
13417,31108
13417,31109
13417,31110
13417,31111
13417,31112
13417,31113
13417,31114
13417,31115
13417,31116
13417,31117
13417,31118
13417,31119
13417,31120
13417,31121
13417,31122
13417,31123
13417,31124
13417,31125
13417,31126
13417,31127
13417,31128
13417,31129
13417,31130
13417,31131
13417,31132
13417,31133
13417,31134
13417,31135
13417,31136
13417,31137
13417,31138
13417,31139
13417,31140
13417,31141
13417,31142
13417,31143
13417,31144
13417,31145
13417,31146
13417,31147
13417,31148
13417,31149
13417,31150
13417,31151
13417,31152
13417,31153
13417,31154
13417,31155
13417,31156
13417,31157
13417,31158
13417,31159
13417,31179
13417,31180
13417,31181
13417,31182
13417,31183
13417,31184
13417,31185
13417,31186
13417,31187
13417,31188
13417,31189
13417,31190
13417,31191
13417,31192
13417,31193
13417,31194
13417,31195
13417,31196
13417,31197
13417,31198
13417,31199
13417,31200
13417,31201
13417,31202
13417,31203
13417,31204
13417,31205
13417,31206
13417,31207
13417,31208
13417,31209
13417,31210
13417,31211
13417,31212
13418,31089
13418,31090
13418,31091
13418,31092
13418,31093
13418,31094
13418,31095
13418,31096
13418,31097
13418,31098
13418,31099
13418,31100
13418,31101
13418,31102
13418,31103
13418,31104
13418,31105
13418,31106
13418,31107
13418,31108
13418,31109
13418,31110
13418,31111
13418,31112
13418,31113
13418,31114
13418,31115
13418,31116
13418,31117
13418,31118
13418,31119
13418,31120
13418,31121
13418,31122
13418,31123
13418,31124
13418,31125
13418,31126
13418,31127
13418,31128
13418,31129
13418,31130
13418,31131
13418,31132
13418,31133
13418,31134
13418,31135
13418,31136
13418,31137
13418,31138
13418,31139
13418,31140
13418,31141
13418,31142
13418,31143
13418,31144
13418,31145
13418,31146
13418,31147
13418,31148
13418,31149
13418,31150
13418,31151
13418,31152
13418,31153
13418,31154
13418,31155
13418,31156
13418,31157
13418,31158
13418,31159
13418,31160
13418,31180
13418,31181
13418,31182
13418,31183
13418,31184
13418,31185
13418,31186
13418,31187
13418,31188
13418,31189
13418,31190
13418,31191
13418,31192
13418,31193
13418,31194
13418,31195
13418,31196
13418,31197
13418,31198
13418,31199
13418,31200
13418,31201
13418,31202
13418,31203
13418,31204
13418,31205
13418,31206
13418,31207
13418,31208
13418,31209
13418,31210
13418,31211
13418,31212
13418,31213
13419,31089
13419,31090
13419,31091
13419,31092
13419,31093
13419,31094
13419,31095
13419,31096
13419,31097
13419,31098
13419,31099
13419,31100
13419,31101
13419,31102
13419,31103
13419,31104
13419,31105
13419,31106
13419,31107
13419,31108
13419,31109
13419,31110
13419,31111
13419,31112
13419,31113
13419,31114
13419,31115
13419,31116
13419,31117
13419,31118
13419,31119
13419,31120
13419,31121
13419,31122
13419,31123
13419,31124
13419,31125
13419,31126
13419,31127
13419,31128
13419,31129
13419,31130
13419,31131
13419,31132
13419,31133
13419,31134
13419,31135
13419,31136
13419,31137
13419,31138
13419,31139
13419,31140
13419,31141
13419,31142
13419,31143
13419,31144
13419,31145
13419,31146
13419,31147
13419,31148
13419,31149
13419,31150
13419,31151
13419,31152
13419,31153
13419,31154
13419,31155
13419,31156
13419,31157
13419,31158
13419,31159
13419,31160
13419,31161
13419,31180
13419,31181
13419,31182
13419,31183
13419,31184
13419,31185
13419,31186
13419,31187
13419,31188
13419,31189
13419,31190
13419,31191
13419,31192
13419,31193
13419,31194
13419,31195
13419,31196
13419,31197
13419,31198
13419,31199
13419,31200
13419,31201
13419,31202
13419,31203
13419,31204
13419,31205
13419,31206
13419,31207
13419,31208
13419,31209
13419,31210
13419,31211
13419,31212
13419,31213
13419,31214
13420,31089
13420,31090
13420,31091
13420,31092
13420,31093
13420,31094
13420,31095
13420,31096
13420,31097
13420,31098
13420,31099
13420,31100
13420,31101
13420,31102
13420,31103
13420,31104
13420,31105
13420,31106
13420,31107
13420,31108
13420,31109
13420,31110
13420,31111
13420,31112
13420,31113
13420,31114
13420,31115
13420,31116
13420,31117
13420,31118
13420,31119
13420,31120
13420,31121
13420,31122
13420,31123
13420,31124
13420,31125
13420,31126
13420,31127
13420,31128
13420,31129
13420,31130
13420,31131
13420,31132
13420,31133
13420,31134
13420,31135
13420,31136
13420,31137
13420,31138
13420,31139
13420,31140
13420,31141
13420,31142
13420,31143
13420,31144
13420,31145
13420,31146
13420,31147
13420,31148
13420,31149
13420,31150
13420,31151
13420,31152
13420,31153
13420,31154
13420,31155
13420,31156
13420,31157
13420,31158
13420,31159
13420,31160
13420,31161
13420,31162
13420,31180
13420,31181
13420,31182
13420,31183
13420,31184
13420,31185
13420,31186
13420,31187
13420,31188
13420,31189
13420,31190
13420,31191
13420,31192
13420,31193
13420,31194
13420,31195
13420,31196
13420,31197
13420,31198
13420,31199
13420,31200
13420,31201
13420,31202
13420,31203
13420,31204
13420,31205
13420,31206
13420,31207
13420,31208
13420,31209
13420,31210
13420,31211
13420,31212
13420,31213
13420,31214
13420,31215
13421,31088
13421,31089
13421,31090
13421,31091
13421,31092
13421,31093
13421,31094
13421,31095
13421,31096
13421,31097
13421,31098
13421,31099
13421,31100
13421,31101
13421,31102
13421,31103
13421,31104
13421,31105
13421,31106
13421,31107
13421,31108
13421,31109
13421,31110
13421,31111
13421,31112
13421,31113
13421,31114
13421,31115
13421,31116
13421,31117
13421,31118
13421,31119
13421,31120
13421,31121
13421,31122
13421,31123
13421,31124
13421,31125
13421,31126
13421,31127
13421,31128
13421,31129
13421,31130
13421,31131
13421,31132
13421,31133
13421,31134
13421,31135
13421,31136
13421,31137
13421,31138
13421,31139
13421,31140
13421,31141
13421,31142
13421,31143
13421,31144
13421,31145
13421,31146
13421,31147
13421,31148
13421,31149
13421,31150
13421,31151
13421,31152
13421,31153
13421,31154
13421,31155
13421,31156
13421,31157
13421,31158
13421,31159
13421,31160
13421,31161
13421,31162
13421,31163
13421,31164
13421,31181
13421,31182
13421,31183
13421,31184
13421,31185
13421,31186
13421,31187
13421,31188
13421,31189
13421,31190
13421,31191
13421,31192
13421,31193
13421,31194
13421,31195
13421,31196
13421,31197
13421,31198
13421,31199
13421,31200
13421,31201
13421,31202
13421,31203
13421,31204
13421,31205
13421,31206
13421,31207
13421,31208
13421,31209
13421,31210
13421,31211
13421,31212
13421,31213
13421,31214
13421,31215
13422,31088
13422,31089
13422,31090
13422,31091
13422,31092
13422,31093
13422,31094
13422,31095
13422,31096
13422,31097
13422,31098
13422,31099
13422,31100
13422,31101
13422,31102
13422,31103
13422,31104
13422,31105
13422,31106
13422,31107
13422,31108
13422,31109
13422,31110
13422,31111
13422,31112
13422,31113
13422,31114
13422,31115
13422,31116
13422,31117
13422,31118
13422,31119
13422,31120
13422,31121
13422,31122
13422,31123
13422,31124
13422,31125
13422,31126
13422,31127
13422,31128
13422,31129
13422,31130
13422,31131
13422,31132
13422,31133
13422,31134
13422,31135
13422,31136
13422,31137
13422,31138
13422,31139
13422,31140
13422,31141
13422,31142
13422,31143
13422,31144
13422,31145
13422,31146
13422,31147
13422,31148
13422,31149
13422,31150
13422,31151
13422,31152
13422,31153
13422,31154
13422,31155
13422,31156
13422,31157
13422,31158
13422,31159
13422,31160
13422,31161
13422,31162
13422,31163
13422,31164
13422,31165
13422,31181
13422,31182
13422,31183
13422,31184
13422,31185
13422,31186
13422,31187
13422,31188
13422,31189
13422,31190
13422,31191
13422,31192
13422,31193
13422,31194
13422,31195
13422,31196
13422,31197
13422,31198
13422,31199
13422,31200
13422,31201
13422,31202
13422,31203
13422,31204
13422,31205
13422,31206
13422,31207
13422,31208
13422,31209
13422,31210
13422,31211
13422,31212
13422,31213
13422,31214
13422,31215
13422,31216
13422,31217
13423,31088
13423,31089
13423,31090
13423,31091
13423,31092
13423,31093
13423,31094
13423,31095
13423,31096
13423,31097
13423,31098
13423,31099
13423,31100
13423,31101
13423,31102
13423,31103
13423,31104
13423,31105
13423,31106
13423,31107
13423,31108
13423,31109
13423,31110
13423,31111
13423,31112
13423,31113
13423,31114
13423,31115
13423,31116
13423,31117
13423,31118
13423,31119
13423,31120
13423,31121
13423,31122
13423,31123
13423,31124
13423,31125
13423,31126
13423,31127
13423,31128
13423,31129
13423,31130
13423,31131
13423,31132
13423,31133
13423,31134
13423,31135
13423,31136
13423,31137
13423,31138
13423,31139
13423,31140
13423,31141
13423,31142
13423,31143
13423,31144
13423,31145
13423,31146
13423,31147
13423,31148
13423,31149
13423,31150
13423,31151
13423,31152
13423,31153
13423,31154
13423,31155
13423,31156
13423,31157
13423,31158
13423,31159
13423,31160
13423,31161
13423,31162
13423,31163
13423,31164
13423,31165
13423,31166
13423,31181
13423,31182
13423,31183
13423,31184
13423,31185
13423,31186
13423,31187
13423,31188
13423,31189
13423,31190
13423,31191
13423,31192
13423,31193
13423,31194
13423,31195
13423,31196
13423,31197
13423,31198
13423,31199
13423,31200
13423,31201
13423,31202
13423,31203
13423,31204
13423,31205
13423,31206
13423,31207
13423,31208
13423,31209
13423,31210
13423,31211
13423,31212
13423,31213
13423,31214
13423,31215
13423,31216
13423,31217
13423,31218
13424,31086
13424,31087
13424,31088
13424,31089
13424,31090
13424,31091
13424,31092
13424,31093
13424,31094
13424,31095
13424,31096
13424,31097
13424,31098
13424,31099
13424,31100
13424,31101
13424,31102
13424,31103
13424,31104
13424,31105
13424,31106
13424,31107
13424,31108
13424,31109
13424,31110
13424,31111
13424,31112
13424,31113
13424,31114
13424,31115
13424,31116
13424,31117
13424,31118
13424,31119
13424,31120
13424,31121
13424,31122
13424,31123
13424,31124
13424,31125
13424,31126
13424,31127
13424,31128
13424,31129
13424,31130
13424,31131
13424,31132
13424,31133
13424,31134
13424,31135
13424,31136
13424,31137
13424,31138
13424,31139
13424,31140
13424,31141
13424,31142
13424,31143
13424,31144
13424,31145
13424,31146
13424,31147
13424,31148
13424,31149
13424,31150
13424,31151
13424,31152
13424,31153
13424,31154
13424,31155
13424,31156
13424,31157
13424,31158
13424,31159
13424,31160
13424,31161
13424,31162
13424,31163
13424,31164
13424,31165
13424,31166
13424,31167
13424,31182
13424,31183
13424,31184
13424,31185
13424,31186
13424,31187
13424,31188
13424,31189
13424,31190
13424,31191
13424,31192
13424,31193
13424,31194
13424,31195
13424,31196
13424,31197
13424,31198
13424,31199
13424,31200
13424,31201
13424,31202
13424,31203
13424,31204
13424,31205
13424,31206
13424,31207
13424,31208
13424,31209
13424,31210
13424,31211
13424,31212
13424,31213
13424,31214
13424,31215
13424,31216
13424,31217
13424,31218
13424,31219
13425,31085
13425,31086
13425,31087
13425,31088
13425,31089
13425,31090
13425,31091
13425,31092
13425,31093
13425,31094
13425,31095
13425,31096
13425,31097
13425,31098
13425,31099
13425,31100
13425,31101
13425,31102
13425,31103
13425,31104
13425,31105
13425,31106
13425,31107
13425,31108
13425,31109
13425,31110
13425,31111
13425,31112
13425,31113
13425,31114
13425,31115
13425,31116
13425,31117
13425,31118
13425,31119
13425,31120
13425,31121
13425,31122
13425,31123
13425,31124
13425,31125
13425,31126
13425,31127
13425,31128
13425,31129
13425,31130
13425,31131
13425,31132
13425,31133
13425,31134
13425,31135
13425,31136
13425,31137
13425,31138
13425,31139
13425,31140
13425,31141
13425,31142
13425,31143
13425,31144
13425,31145
13425,31146
13425,31147
13425,31148
13425,31149
13425,31150
13425,31151
13425,31152
13425,31153
13425,31154
13425,31155
13425,31156
13425,31157
13425,31158
13425,31159
13425,31160
13425,31161
13425,31162
13425,31163
13425,31164
13425,31165
13425,31166
13425,31167
13425,31182
13425,31183
13425,31184
13425,31185
13425,31186
13425,31187
13425,31188
13425,31189
13425,31190
13425,31191
13425,31192
13425,31193
13425,31194
13425,31195
13425,31196
13425,31197
13425,31198
13425,31199
13425,31200
13425,31201
13425,31202
13425,31203
13425,31204
13425,31205
13425,31206
13425,31207
13425,31208
13425,31209
13425,31210
13425,31211
13425,31212
13425,31213
13425,31214
13425,31215
13425,31216
13425,31217
13425,31218
13425,31219
13426,31084
13426,31085
13426,31086
13426,31087
13426,31088
13426,31089
13426,31090
13426,31091
13426,31092
13426,31093
13426,31094
13426,31095
13426,31096
13426,31097
13426,31098
13426,31099
13426,31100
13426,31101
13426,31102
13426,31103
13426,31104
13426,31105
13426,31106
13426,31107
13426,31108
13426,31109
13426,31110
13426,31111
13426,31112
13426,31113
13426,31114
13426,31115
13426,31116
13426,31117
13426,31118
13426,31119
13426,31120
13426,31121
13426,31122
13426,31123
13426,31124
13426,31125
13426,31126
13426,31127
13426,31128
13426,31129
13426,31130
13426,31131
13426,31132
13426,31133
13426,31134
13426,31135
13426,31136
13426,31137
13426,31138
13426,31139
13426,31140
13426,31141
13426,31142
13426,31143
13426,31144
13426,31145
13426,31146
13426,31147
13426,31148
13426,31149
13426,31150
13426,31151
13426,31152
13426,31153
13426,31154
13426,31155
13426,31156
13426,31157
13426,31158
13426,31159
13426,31160
13426,31161
13426,31162
13426,31163
13426,31164
13426,31165
13426,31166
13426,31167
13426,31168
13426,31182
13426,31183
13426,31184
13426,31185
13426,31186
13426,31187
13426,31188
13426,31189
13426,31190
13426,31191
13426,31192
13426,31193
13426,31194
13426,31195
13426,31196
13426,31197
13426,31198
13426,31199
13426,31200
13426,31201
13426,31202
13426,31203
13426,31204
13426,31205
13426,31206
13426,31207
13426,31208
13426,31209
13426,31210
13426,31211
13426,31212
13426,31213
13426,31214
13426,31215
13426,31216
13426,31217
13426,31218
13426,31219
13426,31220
13427,31083
13427,31084
13427,31085
13427,31086
13427,31087
13427,31088
13427,31089
13427,31090
13427,31091
13427,31092
13427,31093
13427,31094
13427,31095
13427,31096
13427,31097
13427,31098
13427,31099
13427,31100
13427,31101
13427,31102
13427,31103
13427,31104
13427,31105
13427,31106
13427,31107
13427,31108
13427,31109
13427,31110
13427,31111
13427,31112
13427,31113
13427,31114
13427,31115
13427,31116
13427,31117
13427,31118
13427,31119
13427,31120
13427,31121
13427,31122
13427,31123
13427,31124
13427,31125
13427,31126
13427,31127
13427,31128
13427,31129
13427,31130
13427,31131
13427,31132
13427,31133
13427,31134
13427,31135
13427,31136
13427,31137
13427,31138
13427,31139
13427,31140
13427,31141
13427,31142
13427,31143
13427,31144
13427,31145
13427,31146
13427,31147
13427,31148
13427,31149
13427,31150
13427,31151
13427,31152
13427,31153
13427,31154
13427,31155
13427,31156
13427,31157
13427,31158
13427,31159
13427,31160
13427,31161
13427,31162
13427,31163
13427,31164
13427,31165
13427,31166
13427,31167
13427,31168
13427,31183
13427,31184
13427,31185
13427,31186
13427,31187
13427,31188
13427,31189
13427,31190
13427,31191
13427,31192
13427,31193
13427,31194
13427,31195
13427,31196
13427,31197
13427,31198
13427,31199
13427,31200
13427,31201
13427,31202
13427,31203
13427,31204
13427,31205
13427,31206
13427,31207
13427,31208
13427,31209
13427,31210
13427,31211
13427,31212
13427,31213
13427,31214
13427,31215
13427,31216
13427,31217
13427,31218
13427,31219
13428,31082
13428,31083
13428,31084
13428,31085
13428,31086
13428,31087
13428,31088
13428,31089
13428,31090
13428,31091
13428,31092
13428,31093
13428,31094
13428,31095
13428,31096
13428,31097
13428,31098
13428,31099
13428,31100
13428,31101
13428,31102
13428,31103
13428,31104
13428,31105
13428,31106
13428,31107
13428,31108
13428,31109
13428,31110
13428,31111
13428,31112
13428,31113
13428,31114
13428,31115
13428,31116
13428,31117
13428,31118
13428,31119
13428,31120
13428,31121
13428,31122
13428,31123
13428,31124
13428,31125
13428,31126
13428,31127
13428,31128
13428,31129
13428,31130
13428,31131
13428,31132
13428,31133
13428,31134
13428,31135
13428,31136
13428,31137
13428,31138
13428,31139
13428,31140
13428,31141
13428,31142
13428,31143
13428,31144
13428,31145
13428,31146
13428,31147
13428,31148
13428,31149
13428,31150
13428,31151
13428,31152
13428,31153
13428,31154
13428,31155
13428,31156
13428,31157
13428,31158
13428,31159
13428,31160
13428,31161
13428,31162
13428,31163
13428,31164
13428,31165
13428,31166
13428,31167
13428,31168
13428,31183
13428,31184
13428,31185
13428,31186
13428,31187
13428,31188
13428,31189
13428,31190
13428,31191
13428,31192
13428,31193
13428,31194
13428,31195
13428,31196
13428,31197
13428,31198
13428,31199
13428,31200
13428,31201
13428,31202
13428,31203
13428,31204
13428,31205
13428,31206
13428,31207
13428,31208
13428,31209
13428,31210
13428,31211
13428,31212
13428,31213
13428,31214
13428,31215
13428,31216
13428,31217
13428,31218
13428,31219
13429,31081
13429,31082
13429,31083
13429,31084
13429,31085
13429,31086
13429,31087
13429,31088
13429,31089
13429,31090
13429,31091
13429,31092
13429,31093
13429,31094
13429,31095
13429,31096
13429,31097
13429,31098
13429,31099
13429,31100
13429,31101
13429,31102
13429,31103
13429,31104
13429,31105
13429,31106
13429,31107
13429,31108
13429,31109
13429,31110
13429,31111
13429,31112
13429,31113
13429,31114
13429,31115
13429,31116
13429,31117
13429,31118
13429,31119
13429,31120
13429,31121
13429,31122
13429,31123
13429,31124
13429,31125
13429,31126
13429,31127
13429,31128
13429,31129
13429,31130
13429,31131
13429,31132
13429,31133
13429,31134
13429,31135
13429,31136
13429,31137
13429,31138
13429,31139
13429,31140
13429,31141
13429,31142
13429,31143
13429,31144
13429,31145
13429,31146
13429,31147
13429,31148
13429,31149
13429,31150
13429,31151
13429,31152
13429,31153
13429,31154
13429,31155
13429,31156
13429,31157
13429,31158
13429,31159
13429,31160
13429,31161
13429,31162
13429,31163
13429,31164
13429,31165
13429,31166
13429,31167
13429,31168
13429,31169
13429,31182
13429,31183
13429,31184
13429,31185
13429,31186
13429,31187
13429,31188
13429,31189
13429,31190
13429,31191
13429,31192
13429,31193
13429,31194
13429,31195
13429,31196
13429,31197
13429,31198
13429,31199
13429,31200
13429,31201
13429,31202
13429,31203
13429,31204
13429,31205
13429,31206
13429,31207
13429,31208
13429,31209
13429,31210
13429,31211
13429,31212
13429,31213
13429,31214
13429,31215
13429,31216
13429,31217
13429,31218
13429,31219
13430,31080
13430,31081
13430,31082
13430,31083
13430,31084
13430,31085
13430,31086
13430,31087
13430,31088
13430,31089
13430,31090
13430,31091
13430,31092
13430,31093
13430,31094
13430,31095
13430,31096
13430,31097
13430,31098
13430,31099
13430,31100
13430,31101
13430,31102
13430,31103
13430,31104
13430,31105
13430,31106
13430,31107
13430,31108
13430,31109
13430,31110
13430,31111
13430,31112
13430,31113
13430,31114
13430,31115
13430,31116
13430,31117
13430,31118
13430,31119
13430,31120
13430,31121
13430,31122
13430,31123
13430,31124
13430,31125
13430,31126
13430,31127
13430,31128
13430,31129
13430,31130
13430,31131
13430,31132
13430,31133
13430,31134
13430,31135
13430,31136
13430,31137
13430,31138
13430,31139
13430,31140
13430,31141
13430,31142
13430,31143
13430,31144
13430,31145
13430,31146
13430,31147
13430,31148
13430,31149
13430,31150
13430,31151
13430,31152
13430,31153
13430,31154
13430,31155
13430,31156
13430,31157
13430,31158
13430,31159
13430,31160
13430,31161
13430,31162
13430,31163
13430,31164
13430,31165
13430,31166
13430,31167
13430,31168
13430,31169
13430,31182
13430,31183
13430,31184
13430,31185
13430,31186
13430,31187
13430,31188
13430,31189
13430,31190
13430,31191
13430,31192
13430,31193
13430,31194
13430,31195
13430,31196
13430,31197
13430,31198
13430,31199
13430,31200
13430,31201
13430,31202
13430,31203
13430,31204
13430,31205
13430,31206
13430,31207
13430,31208
13430,31209
13430,31210
13430,31211
13430,31212
13430,31213
13430,31214
13430,31215
13430,31216
13430,31217
13430,31218
13431,31079
13431,31080
13431,31081
13431,31082
13431,31083
13431,31084
13431,31085
13431,31086
13431,31087
13431,31088
13431,31089
13431,31090
13431,31091
13431,31092
13431,31093
13431,31094
13431,31095
13431,31096
13431,31097
13431,31098
13431,31099
13431,31100
13431,31101
13431,31102
13431,31103
13431,31104
13431,31105
13431,31106
13431,31107
13431,31108
13431,31109
13431,31110
13431,31111
13431,31112
13431,31113
13431,31114
13431,31115
13431,31116
13431,31117
13431,31118
13431,31119
13431,31120
13431,31121
13431,31122
13431,31123
13431,31124
13431,31125
13431,31126
13431,31127
13431,31128
13431,31129
13431,31130
13431,31131
13431,31132
13431,31133
13431,31134
13431,31135
13431,31136
13431,31137
13431,31138
13431,31139
13431,31140
13431,31141
13431,31142
13431,31143
13431,31144
13431,31145
13431,31146
13431,31147
13431,31148
13431,31149
13431,31150
13431,31151
13431,31152
13431,31153
13431,31154
13431,31155
13431,31156
13431,31157
13431,31158
13431,31159
13431,31160
13431,31161
13431,31162
13431,31163
13431,31164
13431,31165
13431,31166
13431,31167
13431,31168
13431,31169
13431,31182
13431,31183
13431,31184
13431,31185
13431,31186
13431,31187
13431,31188
13431,31189
13431,31190
13431,31191
13431,31192
13431,31193
13431,31194
13431,31195
13431,31196
13431,31197
13431,31198
13431,31199
13431,31200
13431,31201
13431,31202
13431,31203
13431,31204
13431,31205
13431,31206
13431,31207
13431,31208
13431,31209
13431,31210
13431,31211
13431,31212
13431,31213
13431,31214
13431,31215
13431,31216
13431,31217
13432,31078
13432,31079
13432,31080
13432,31081
13432,31082
13432,31083
13432,31084
13432,31085
13432,31086
13432,31087
13432,31088
13432,31089
13432,31090
13432,31091
13432,31092
13432,31093
13432,31094
13432,31095
13432,31096
13432,31097
13432,31098
13432,31099
13432,31100
13432,31101
13432,31102
13432,31103
13432,31104
13432,31105
13432,31106
13432,31107
13432,31108
13432,31109
13432,31110
13432,31111
13432,31112
13432,31113
13432,31114
13432,31115
13432,31116
13432,31117
13432,31118
13432,31119
13432,31120
13432,31121
13432,31122
13432,31123
13432,31124
13432,31125
13432,31126
13432,31127
13432,31128
13432,31129
13432,31130
13432,31131
13432,31132
13432,31133
13432,31134
13432,31135
13432,31136
13432,31137
13432,31138
13432,31139
13432,31140
13432,31141
13432,31142
13432,31143
13432,31144
13432,31145
13432,31146
13432,31147
13432,31148
13432,31149
13432,31150
13432,31151
13432,31152
13432,31153
13432,31154
13432,31155
13432,31156
13432,31157
13432,31158
13432,31159
13432,31160
13432,31161
13432,31162
13432,31163
13432,31164
13432,31165
13432,31166
13432,31167
13432,31168
13432,31169
13432,31170
13432,31182
13432,31183
13432,31184
13432,31185
13432,31186
13432,31187
13432,31188
13432,31189
13432,31190
13432,31191
13432,31192
13432,31193
13432,31194
13432,31195
13432,31196
13432,31197
13432,31198
13432,31199
13432,31200
13432,31201
13432,31202
13432,31203
13432,31204
13432,31205
13432,31206
13432,31207
13432,31208
13432,31209
13432,31210
13432,31211
13432,31212
13432,31213
13432,31214
13433,31078
13433,31079
13433,31080
13433,31081
13433,31082
13433,31083
13433,31084
13433,31085
13433,31086
13433,31087
13433,31088
13433,31089
13433,31090
13433,31091
13433,31092
13433,31093
13433,31094
13433,31095
13433,31096
13433,31097
13433,31098
13433,31099
13433,31100
13433,31101
13433,31102
13433,31103
13433,31104
13433,31105
13433,31106
13433,31107
13433,31108
13433,31109
13433,31110
13433,31111
13433,31112
13433,31113
13433,31114
13433,31115
13433,31116
13433,31117
13433,31118
13433,31119
13433,31120
13433,31121
13433,31122
13433,31123
13433,31124
13433,31125
13433,31126
13433,31127
13433,31128
13433,31129
13433,31130
13433,31131
13433,31132
13433,31133
13433,31134
13433,31135
13433,31136
13433,31137
13433,31138
13433,31139
13433,31140
13433,31141
13433,31142
13433,31143
13433,31144
13433,31145
13433,31146
13433,31147
13433,31148
13433,31149
13433,31150
13433,31151
13433,31152
13433,31153
13433,31154
13433,31155
13433,31156
13433,31157
13433,31158
13433,31159
13433,31160
13433,31161
13433,31162
13433,31163
13433,31164
13433,31165
13433,31166
13433,31167
13433,31168
13433,31169
13433,31170
13433,31183
13433,31184
13433,31185
13433,31186
13433,31187
13433,31188
13433,31189
13433,31190
13433,31191
13433,31192
13433,31193
13433,31194
13433,31195
13433,31196
13433,31197
13433,31198
13433,31199
13433,31200
13433,31201
13433,31202
13433,31203
13433,31204
13433,31205
13433,31206
13433,31207
13433,31208
13433,31209
13433,31210
13433,31211
13433,31212
13433,31213
13434,31077
13434,31078
13434,31079
13434,31080
13434,31081
13434,31082
13434,31083
13434,31084
13434,31085
13434,31086
13434,31087
13434,31088
13434,31089
13434,31090
13434,31091
13434,31092
13434,31093
13434,31094
13434,31095
13434,31096
13434,31097
13434,31098
13434,31099
13434,31100
13434,31101
13434,31102
13434,31103
13434,31104
13434,31105
13434,31106
13434,31107
13434,31108
13434,31109
13434,31110
13434,31111
13434,31112
13434,31113
13434,31114
13434,31115
13434,31116
13434,31117
13434,31118
13434,31119
13434,31120
13434,31121
13434,31122
13434,31123
13434,31124
13434,31125
13434,31126
13434,31127
13434,31128
13434,31129
13434,31130
13434,31131
13434,31132
13434,31133
13434,31134
13434,31135
13434,31136
13434,31137
13434,31138
13434,31139
13434,31140
13434,31141
13434,31142
13434,31143
13434,31144
13434,31145
13434,31146
13434,31147
13434,31148
13434,31149
13434,31150
13434,31151
13434,31152
13434,31153
13434,31154
13434,31155
13434,31156
13434,31157
13434,31158
13434,31159
13434,31160
13434,31161
13434,31162
13434,31163
13434,31164
13434,31165
13434,31166
13434,31167
13434,31168
13434,31169
13434,31170
13434,31183
13434,31184
13434,31185
13434,31186
13434,31187
13434,31188
13434,31189
13434,31190
13434,31191
13434,31192
13434,31193
13434,31194
13434,31195
13434,31196
13434,31197
13434,31198
13434,31199
13434,31200
13434,31201
13434,31202
13434,31203
13434,31204
13434,31205
13434,31206
13434,31207
13434,31208
13434,31209
13434,31210
13434,31211
13434,31212
13434,31213
13435,31077
13435,31078
13435,31079
13435,31080
13435,31081
13435,31082
13435,31083
13435,31084
13435,31085
13435,31086
13435,31087
13435,31088
13435,31089
13435,31090
13435,31091
13435,31092
13435,31093
13435,31094
13435,31095
13435,31096
13435,31097
13435,31098
13435,31099
13435,31100
13435,31101
13435,31102
13435,31103
13435,31104
13435,31105
13435,31106
13435,31107
13435,31108
13435,31109
13435,31110
13435,31111
13435,31112
13435,31113
13435,31114
13435,31115
13435,31116
13435,31117
13435,31118
13435,31119
13435,31120
13435,31121
13435,31122
13435,31123
13435,31124
13435,31125
13435,31126
13435,31127
13435,31128
13435,31129
13435,31130
13435,31131
13435,31132
13435,31133
13435,31134
13435,31135
13435,31136
13435,31137
13435,31138
13435,31139
13435,31140
13435,31141
13435,31142
13435,31143
13435,31144
13435,31145
13435,31146
13435,31147
13435,31148
13435,31149
13435,31150
13435,31151
13435,31152
13435,31153
13435,31154
13435,31155
13435,31156
13435,31157
13435,31158
13435,31159
13435,31160
13435,31161
13435,31162
13435,31163
13435,31164
13435,31165
13435,31166
13435,31167
13435,31168
13435,31169
13435,31170
13435,31171
13435,31183
13435,31184
13435,31185
13435,31186
13435,31187
13435,31188
13435,31189
13435,31190
13435,31191
13435,31192
13435,31193
13435,31194
13435,31195
13435,31196
13435,31197
13435,31198
13435,31199
13435,31200
13435,31201
13435,31202
13435,31203
13435,31204
13435,31205
13435,31206
13435,31207
13435,31208
13435,31209
13435,31210
13435,31211
13435,31212
13435,31213
13436,31076
13436,31077
13436,31078
13436,31079
13436,31080
13436,31081
13436,31082
13436,31083
13436,31084
13436,31085
13436,31086
13436,31087
13436,31088
13436,31089
13436,31090
13436,31091
13436,31092
13436,31093
13436,31094
13436,31095
13436,31096
13436,31097
13436,31098
13436,31099
13436,31100
13436,31101
13436,31102
13436,31103
13436,31104
13436,31105
13436,31106
13436,31107
13436,31108
13436,31109
13436,31110
13436,31111
13436,31112
13436,31113
13436,31114
13436,31115
13436,31116
13436,31117
13436,31118
13436,31119
13436,31120
13436,31121
13436,31122
13436,31123
13436,31124
13436,31125
13436,31126
13436,31127
13436,31128
13436,31129
13436,31130
13436,31131
13436,31132
13436,31133
13436,31134
13436,31135
13436,31136
13436,31137
13436,31138
13436,31139
13436,31140
13436,31141
13436,31142
13436,31143
13436,31144
13436,31145
13436,31146
13436,31147
13436,31148
13436,31149
13436,31150
13436,31151
13436,31152
13436,31153
13436,31154
13436,31155
13436,31156
13436,31157
13436,31158
13436,31159
13436,31160
13436,31161
13436,31162
13436,31163
13436,31164
13436,31165
13436,31166
13436,31167
13436,31168
13436,31169
13436,31170
13436,31171
13436,31184
13436,31185
13436,31186
13436,31187
13436,31188
13436,31189
13436,31190
13436,31191
13436,31192
13436,31193
13436,31194
13436,31195
13436,31196
13436,31197
13436,31198
13436,31199
13436,31200
13436,31201
13436,31202
13436,31203
13436,31204
13436,31205
13436,31206
13436,31207
13436,31208
13436,31209
13436,31210
13436,31211
13436,31212
13436,31213
13437,31075
13437,31076
13437,31077
13437,31078
13437,31079
13437,31080
13437,31081
13437,31082
13437,31083
13437,31084
13437,31085
13437,31086
13437,31087
13437,31088
13437,31089
13437,31090
13437,31091
13437,31092
13437,31093
13437,31094
13437,31095
13437,31096
13437,31097
13437,31098
13437,31099
13437,31100
13437,31101
13437,31102
13437,31103
13437,31104
13437,31105
13437,31106
13437,31107
13437,31108
13437,31109
13437,31110
13437,31111
13437,31112
13437,31113
13437,31114
13437,31115
13437,31116
13437,31117
13437,31118
13437,31119
13437,31120
13437,31121
13437,31122
13437,31123
13437,31124
13437,31125
13437,31126
13437,31127
13437,31128
13437,31129
13437,31130
13437,31131
13437,31132
13437,31133
13437,31134
13437,31135
13437,31136
13437,31137
13437,31138
13437,31139
13437,31140
13437,31141
13437,31142
13437,31143
13437,31144
13437,31145
13437,31146
13437,31147
13437,31148
13437,31149
13437,31150
13437,31151
13437,31152
13437,31153
13437,31154
13437,31155
13437,31156
13437,31157
13437,31158
13437,31159
13437,31160
13437,31161
13437,31162
13437,31163
13437,31164
13437,31165
13437,31166
13437,31167
13437,31168
13437,31169
13437,31170
13437,31171
13437,31172
13437,31185
13437,31186
13437,31187
13437,31188
13437,31189
13437,31190
13437,31191
13437,31192
13437,31193
13437,31194
13437,31195
13437,31196
13437,31197
13437,31198
13437,31199
13437,31200
13437,31201
13437,31202
13437,31203
13437,31204
13437,31205
13437,31206
13437,31207
13437,31208
13437,31209
13437,31210
13437,31211
13437,31212
13438,31075
13438,31076
13438,31077
13438,31078
13438,31079
13438,31080
13438,31081
13438,31082
13438,31083
13438,31084
13438,31085
13438,31086
13438,31087
13438,31088
13438,31089
13438,31090
13438,31091
13438,31092
13438,31093
13438,31094
13438,31095
13438,31096
13438,31097
13438,31098
13438,31099
13438,31100
13438,31101
13438,31102
13438,31103
13438,31104
13438,31105
13438,31106
13438,31107
13438,31108
13438,31109
13438,31110
13438,31111
13438,31112
13438,31113
13438,31114
13438,31115
13438,31116
13438,31117
13438,31118
13438,31119
13438,31120
13438,31121
13438,31122
13438,31123
13438,31124
13438,31125
13438,31126
13438,31127
13438,31128
13438,31129
13438,31130
13438,31131
13438,31132
13438,31133
13438,31134
13438,31135
13438,31136
13438,31137
13438,31138
13438,31139
13438,31140
13438,31141
13438,31142
13438,31143
13438,31144
13438,31145
13438,31146
13438,31147
13438,31148
13438,31149
13438,31150
13438,31151
13438,31152
13438,31153
13438,31154
13438,31155
13438,31156
13438,31157
13438,31158
13438,31159
13438,31160
13438,31161
13438,31162
13438,31163
13438,31164
13438,31165
13438,31166
13438,31167
13438,31168
13438,31169
13438,31170
13438,31171
13438,31172
13438,31173
13438,31188
13438,31189
13438,31190
13438,31191
13438,31192
13438,31193
13438,31194
13438,31195
13438,31196
13438,31197
13438,31198
13438,31199
13438,31200
13438,31201
13438,31202
13438,31203
13438,31204
13438,31205
13438,31206
13438,31207
13438,31208
13438,31209
13438,31210
13438,31211
13438,31212
13439,31075
13439,31076
13439,31077
13439,31078
13439,31079
13439,31080
13439,31081
13439,31082
13439,31083
13439,31084
13439,31085
13439,31086
13439,31087
13439,31088
13439,31089
13439,31090
13439,31091
13439,31092
13439,31093
13439,31094
13439,31095
13439,31096
13439,31097
13439,31098
13439,31099
13439,31100
13439,31101
13439,31102
13439,31103
13439,31104
13439,31105
13439,31106
13439,31107
13439,31108
13439,31109
13439,31110
13439,31111
13439,31112
13439,31113
13439,31114
13439,31115
13439,31116
13439,31117
13439,31118
13439,31119
13439,31120
13439,31121
13439,31122
13439,31123
13439,31124
13439,31125
13439,31126
13439,31127
13439,31128
13439,31129
13439,31130
13439,31131
13439,31132
13439,31133
13439,31134
13439,31135
13439,31136
13439,31137
13439,31138
13439,31139
13439,31140
13439,31141
13439,31142
13439,31143
13439,31144
13439,31145
13439,31146
13439,31147
13439,31148
13439,31149
13439,31150
13439,31151
13439,31152
13439,31153
13439,31154
13439,31155
13439,31156
13439,31157
13439,31158
13439,31159
13439,31160
13439,31161
13439,31162
13439,31163
13439,31164
13439,31165
13439,31166
13439,31167
13439,31168
13439,31169
13439,31170
13439,31171
13439,31172
13439,31173
13439,31192
13439,31193
13439,31194
13439,31195
13439,31196
13439,31197
13439,31198
13439,31199
13439,31200
13439,31201
13439,31202
13439,31203
13439,31204
13439,31205
13439,31206
13439,31207
13439,31208
13439,31209
13439,31210
13439,31211
13440,31074
13440,31075
13440,31076
13440,31077
13440,31078
13440,31079
13440,31080
13440,31081
13440,31082
13440,31083
13440,31084
13440,31085
13440,31086
13440,31087
13440,31088
13440,31089
13440,31090
13440,31091
13440,31092
13440,31093
13440,31094
13440,31095
13440,31096
13440,31097
13440,31098
13440,31099
13440,31100
13440,31101
13440,31102
13440,31103
13440,31104
13440,31105
13440,31106
13440,31107
13440,31108
13440,31109
13440,31110
13440,31111
13440,31112
13440,31113
13440,31114
13440,31115
13440,31116
13440,31117
13440,31118
13440,31119
13440,31120
13440,31121
13440,31122
13440,31123
13440,31124
13440,31125
13440,31126
13440,31127
13440,31128
13440,31129
13440,31130
13440,31131
13440,31132
13440,31133
13440,31134
13440,31135
13440,31136
13440,31137
13440,31138
13440,31139
13440,31140
13440,31141
13440,31142
13440,31143
13440,31144
13440,31145
13440,31146
13440,31147
13440,31148
13440,31149
13440,31150
13440,31151
13440,31152
13440,31153
13440,31154
13440,31155
13440,31156
13440,31157
13440,31158
13440,31159
13440,31160
13440,31161
13440,31162
13440,31163
13440,31164
13440,31165
13440,31166
13440,31167
13440,31168
13440,31169
13440,31170
13440,31171
13440,31172
13440,31173
13440,31195
13440,31200
13440,31201
13440,31202
13440,31203
13440,31204
13440,31205
13440,31206
13440,31207
13440,31208
13440,31209
13440,31210
13441,31074
13441,31075
13441,31076
13441,31077
13441,31078
13441,31079
13441,31080
13441,31081
13441,31082
13441,31083
13441,31084
13441,31085
13441,31086
13441,31087
13441,31088
13441,31089
13441,31090
13441,31091
13441,31092
13441,31093
13441,31094
13441,31095
13441,31096
13441,31097
13441,31098
13441,31099
13441,31100
13441,31101
13441,31102
13441,31103
13441,31104
13441,31105
13441,31106
13441,31107
13441,31108
13441,31109
13441,31110
13441,31111
13441,31112
13441,31113
13441,31114
13441,31115
13441,31116
13441,31117
13441,31118
13441,31119
13441,31120
13441,31121
13441,31122
13441,31123
13441,31124
13441,31125
13441,31126
13441,31127
13441,31128
13441,31129
13441,31130
13441,31131
13441,31132
13441,31133
13441,31134
13441,31135
13441,31136
13441,31137
13441,31138
13441,31139
13441,31140
13441,31141
13441,31142
13441,31143
13441,31144
13441,31145
13441,31146
13441,31147
13441,31148
13441,31149
13441,31150
13441,31151
13441,31152
13441,31153
13441,31154
13441,31155
13441,31156
13441,31157
13441,31158
13441,31159
13441,31160
13441,31161
13441,31162
13441,31163
13441,31164
13441,31165
13441,31166
13441,31167
13441,31168
13441,31169
13441,31170
13441,31171
13441,31172
13441,31173
13441,31174
13441,31203
13441,31204
13441,31205
13441,31206
13441,31207
13441,31208
13442,31074
13442,31075
13442,31076
13442,31077
13442,31078
13442,31079
13442,31080
13442,31081
13442,31082
13442,31083
13442,31084
13442,31085
13442,31086
13442,31087
13442,31088
13442,31089
13442,31090
13442,31091
13442,31092
13442,31093
13442,31094
13442,31095
13442,31096
13442,31097
13442,31098
13442,31099
13442,31100
13442,31101
13442,31102
13442,31103
13442,31104
13442,31105
13442,31106
13442,31107
13442,31108
13442,31109
13442,31110
13442,31111
13442,31112
13442,31113
13442,31114
13442,31115
13442,31116
13442,31117
13442,31118
13442,31119
13442,31120
13442,31121
13442,31122
13442,31123
13442,31124
13442,31125
13442,31126
13442,31127
13442,31128
13442,31129
13442,31130
13442,31131
13442,31132
13442,31133
13442,31134
13442,31135
13442,31136
13442,31137
13442,31138
13442,31139
13442,31140
13442,31141
13442,31142
13442,31143
13442,31144
13442,31145
13442,31146
13442,31147
13442,31148
13442,31149
13442,31150
13442,31151
13442,31152
13442,31153
13442,31154
13442,31155
13442,31156
13442,31157
13442,31158
13442,31159
13442,31160
13442,31161
13442,31162
13442,31163
13442,31164
13442,31165
13442,31166
13442,31167
13442,31168
13442,31169
13442,31170
13442,31171
13442,31172
13442,31173
13442,31174
13443,31073
13443,31074
13443,31075
13443,31076
13443,31077
13443,31078
13443,31079
13443,31080
13443,31081
13443,31082
13443,31083
13443,31084
13443,31085
13443,31086
13443,31087
13443,31088
13443,31089
13443,31090
13443,31091
13443,31092
13443,31093
13443,31094
13443,31095
13443,31096
13443,31097
13443,31098
13443,31099
13443,31100
13443,31101
13443,31102
13443,31103
13443,31104
13443,31105
13443,31106
13443,31107
13443,31108
13443,31109
13443,31110
13443,31111
13443,31112
13443,31113
13443,31114
13443,31115
13443,31116
13443,31117
13443,31118
13443,31119
13443,31120
13443,31121
13443,31122
13443,31123
13443,31124
13443,31125
13443,31126
13443,31127
13443,31128
13443,31129
13443,31130
13443,31131
13443,31132
13443,31133
13443,31134
13443,31135
13443,31136
13443,31137
13443,31138
13443,31139
13443,31140
13443,31141
13443,31142
13443,31143
13443,31144
13443,31145
13443,31146
13443,31147
13443,31148
13443,31149
13443,31150
13443,31151
13443,31152
13443,31153
13443,31154
13443,31155
13443,31156
13443,31157
13443,31158
13443,31159
13443,31160
13443,31161
13443,31162
13443,31163
13443,31164
13443,31165
13443,31166
13443,31167
13443,31168
13443,31169
13443,31170
13443,31171
13443,31172
13443,31173
13443,31174
13444,31073
13444,31074
13444,31075
13444,31076
13444,31077
13444,31078
13444,31079
13444,31080
13444,31081
13444,31082
13444,31083
13444,31084
13444,31085
13444,31086
13444,31087
13444,31088
13444,31089
13444,31090
13444,31091
13444,31092
13444,31093
13444,31094
13444,31095
13444,31096
13444,31097
13444,31098
13444,31099
13444,31100
13444,31101
13444,31102
13444,31103
13444,31104
13444,31105
13444,31106
13444,31107
13444,31108
13444,31109
13444,31110
13444,31111
13444,31112
13444,31113
13444,31114
13444,31115
13444,31116
13444,31117
13444,31118
13444,31119
13444,31120
13444,31121
13444,31122
13444,31123
13444,31124
13444,31125
13444,31126
13444,31127
13444,31128
13444,31129
13444,31130
13444,31131
13444,31132
13444,31133
13444,31134
13444,31135
13444,31136
13444,31137
13444,31138
13444,31139
13444,31140
13444,31141
13444,31142
13444,31143
13444,31144
13444,31145
13444,31146
13444,31147
13444,31148
13444,31149
13444,31150
13444,31151
13444,31152
13444,31153
13444,31154
13444,31155
13444,31156
13444,31157
13444,31158
13444,31159
13444,31160
13444,31161
13444,31162
13444,31163
13444,31164
13444,31165
13444,31166
13444,31167
13444,31168
13444,31169
13444,31170
13444,31171
13444,31172
13444,31173
13445,31073
13445,31074
13445,31075
13445,31076
13445,31077
13445,31078
13445,31079
13445,31080
13445,31081
13445,31082
13445,31083
13445,31084
13445,31085
13445,31086
13445,31087
13445,31088
13445,31089
13445,31090
13445,31091
13445,31092
13445,31093
13445,31094
13445,31095
13445,31096
13445,31097
13445,31098
13445,31099
13445,31100
13445,31101
13445,31102
13445,31103
13445,31104
13445,31105
13445,31106
13445,31107
13445,31108
13445,31109
13445,31110
13445,31111
13445,31112
13445,31113
13445,31114
13445,31115
13445,31116
13445,31117
13445,31118
13445,31119
13445,31120
13445,31121
13445,31122
13445,31123
13445,31124
13445,31125
13445,31126
13445,31127
13445,31128
13445,31129
13445,31130
13445,31131
13445,31132
13445,31133
13445,31134
13445,31135
13445,31136
13445,31137
13445,31138
13445,31139
13445,31140
13445,31141
13445,31142
13445,31143
13445,31144
13445,31145
13445,31146
13445,31147
13445,31148
13445,31149
13445,31150
13445,31151
13445,31152
13445,31153
13445,31154
13445,31155
13445,31156
13445,31157
13445,31158
13445,31159
13445,31160
13445,31161
13445,31162
13445,31163
13445,31164
13445,31165
13445,31166
13445,31167
13445,31168
13445,31169
13445,31170
13445,31171
13445,31172
13445,31173
13446,31074
13446,31075
13446,31076
13446,31077
13446,31078
13446,31079
13446,31080
13446,31081
13446,31082
13446,31083
13446,31084
13446,31085
13446,31086
13446,31087
13446,31088
13446,31089
13446,31090
13446,31091
13446,31092
13446,31093
13446,31094
13446,31095
13446,31096
13446,31097
13446,31098
13446,31099
13446,31100
13446,31101
13446,31102
13446,31103
13446,31104
13446,31105
13446,31106
13446,31107
13446,31108
13446,31109
13446,31110
13446,31111
13446,31112
13446,31113
13446,31114
13446,31115
13446,31116
13446,31117
13446,31118
13446,31119
13446,31120
13446,31121
13446,31122
13446,31123
13446,31124
13446,31125
13446,31126
13446,31127
13446,31128
13446,31129
13446,31130
13446,31131
13446,31132
13446,31133
13446,31134
13446,31135
13446,31136
13446,31137
13446,31138
13446,31139
13446,31140
13446,31141
13446,31142
13446,31143
13446,31144
13446,31145
13446,31146
13446,31147
13446,31148
13446,31149
13446,31150
13446,31151
13446,31152
13446,31153
13446,31154
13446,31155
13446,31156
13446,31157
13446,31158
13446,31159
13446,31160
13446,31161
13446,31162
13446,31163
13446,31164
13446,31165
13446,31166
13446,31167
13446,31168
13446,31169
13446,31170
13446,31171
13446,31172
13446,31173
13447,31074
13447,31075
13447,31076
13447,31077
13447,31078
13447,31079
13447,31080
13447,31081
13447,31082
13447,31083
13447,31084
13447,31085
13447,31086
13447,31087
13447,31088
13447,31089
13447,31090
13447,31091
13447,31092
13447,31093
13447,31094
13447,31095
13447,31096
13447,31097
13447,31098
13447,31099
13447,31100
13447,31101
13447,31102
13447,31103
13447,31104
13447,31105
13447,31106
13447,31107
13447,31108
13447,31109
13447,31110
13447,31111
13447,31112
13447,31113
13447,31114
13447,31115
13447,31116
13447,31117
13447,31118
13447,31119
13447,31120
13447,31121
13447,31122
13447,31123
13447,31124
13447,31125
13447,31126
13447,31127
13447,31128
13447,31129
13447,31130
13447,31131
13447,31132
13447,31133
13447,31134
13447,31135
13447,31136
13447,31137
13447,31138
13447,31139
13447,31140
13447,31141
13447,31142
13447,31143
13447,31144
13447,31145
13447,31146
13447,31147
13447,31148
13447,31149
13447,31150
13447,31151
13447,31152
13447,31153
13447,31154
13447,31155
13447,31156
13447,31157
13447,31158
13447,31159
13447,31160
13447,31161
13447,31162
13447,31163
13447,31164
13447,31165
13447,31166
13447,31167
13447,31168
13447,31169
13447,31170
13447,31171
13447,31172
13448,31074
13448,31075
13448,31076
13448,31077
13448,31078
13448,31079
13448,31080
13448,31081
13448,31082
13448,31083
13448,31084
13448,31085
13448,31086
13448,31087
13448,31088
13448,31089
13448,31090
13448,31091
13448,31092
13448,31093
13448,31094
13448,31095
13448,31096
13448,31097
13448,31098
13448,31099
13448,31100
13448,31101
13448,31102
13448,31103
13448,31104
13448,31105
13448,31106
13448,31107
13448,31108
13448,31109
13448,31110
13448,31111
13448,31112
13448,31113
13448,31114
13448,31115
13448,31116
13448,31117
13448,31118
13448,31119
13448,31120
13448,31121
13448,31122
13448,31123
13448,31124
13448,31125
13448,31126
13448,31127
13448,31128
13448,31129
13448,31130
13448,31131
13448,31132
13448,31133
13448,31134
13448,31135
13448,31136
13448,31137
13448,31138
13448,31139
13448,31140
13448,31141
13448,31142
13448,31143
13448,31144
13448,31145
13448,31146
13448,31147
13448,31148
13448,31149
13448,31150
13448,31151
13448,31152
13448,31153
13448,31154
13448,31155
13448,31156
13448,31157
13448,31158
13448,31159
13448,31160
13448,31161
13448,31162
13448,31163
13448,31164
13448,31165
13448,31166
13448,31167
13448,31168
13448,31169
13448,31170
13448,31171
13449,31075
13449,31076
13449,31077
13449,31078
13449,31079
13449,31080
13449,31081
13449,31082
13449,31083
13449,31084
13449,31085
13449,31086
13449,31087
13449,31088
13449,31089
13449,31090
13449,31091
13449,31092
13449,31093
13449,31094
13449,31095
13449,31096
13449,31097
13449,31098
13449,31099
13449,31100
13449,31101
13449,31102
13449,31103
13449,31104
13449,31105
13449,31106
13449,31107
13449,31108
13449,31109
13449,31110
13449,31111
13449,31112
13449,31113
13449,31114
13449,31115
13449,31116
13449,31117
13449,31118
13449,31119
13449,31120
13449,31121
13449,31122
13449,31123
13449,31124
13449,31125
13449,31126
13449,31127
13449,31128
13449,31129
13449,31130
13449,31131
13449,31132
13449,31133
13449,31134
13449,31135
13449,31136
13449,31137
13449,31138
13449,31139
13449,31140
13449,31141
13449,31142
13449,31143
13449,31144
13449,31145
13449,31146
13449,31147
13449,31148
13449,31149
13449,31150
13449,31151
13449,31152
13449,31153
13449,31154
13449,31155
13449,31156
13449,31157
13449,31158
13449,31159
13449,31160
13449,31161
13449,31162
13449,31163
13449,31164
13449,31165
13449,31166
13449,31167
13449,31168
13450,31076
13450,31077
13450,31078
13450,31079
13450,31080
13450,31081
13450,31082
13450,31083
13450,31084
13450,31085
13450,31086
13450,31087
13450,31088
13450,31089
13450,31090
13450,31091
13450,31092
13450,31093
13450,31094
13450,31095
13450,31096
13450,31097
13450,31098
13450,31099
13450,31100
13450,31101
13450,31102
13450,31103
13450,31104
13450,31105
13450,31106
13450,31107
13450,31108
13450,31109
13450,31110
13450,31111
13450,31112
13450,31113
13450,31114
13450,31115
13450,31116
13450,31117
13450,31118
13450,31119
13450,31120
13450,31121
13450,31122
13450,31123
13450,31124
13450,31125
13450,31126
13450,31127
13450,31128
13450,31129
13450,31130
13450,31131
13450,31132
13450,31133
13450,31134
13450,31135
13450,31136
13450,31137
13450,31138
13450,31139
13450,31140
13450,31141
13450,31142
13450,31143
13450,31144
13450,31145
13450,31146
13450,31147
13450,31148
13450,31149
13450,31150
13450,31151
13450,31152
13450,31153
13450,31154
13450,31155
13450,31156
13450,31157
13450,31158
13450,31159
13450,31160
13450,31161
13450,31162
13450,31163
13450,31164
13450,31165
13451,31076
13451,31077
13451,31078
13451,31079
13451,31080
13451,31081
13451,31082
13451,31083
13451,31084
13451,31085
13451,31086
13451,31087
13451,31088
13451,31089
13451,31090
13451,31091
13451,31092
13451,31093
13451,31094
13451,31095
13451,31096
13451,31097
13451,31098
13451,31099
13451,31100
13451,31101
13451,31102
13451,31103
13451,31104
13451,31105
13451,31106
13451,31107
13451,31108
13451,31109
13451,31110
13451,31111
13451,31112
13451,31113
13451,31114
13451,31115
13451,31116
13451,31117
13451,31118
13451,31119
13451,31120
13451,31121
13451,31122
13451,31123
13451,31124
13451,31125
13451,31126
13451,31127
13451,31128
13451,31129
13451,31130
13451,31131
13451,31132
13451,31133
13451,31134
13451,31135
13451,31136
13451,31137
13451,31138
13451,31139
13451,31140
13451,31141
13451,31142
13451,31143
13451,31144
13451,31145
13451,31146
13451,31147
13451,31148
13451,31149
13451,31150
13451,31151
13451,31152
13451,31153
13451,31154
13451,31155
13451,31156
13451,31157
13451,31158
13451,31159
13451,31160
13451,31161
13451,31162
13451,31163
13451,31164
13451,31165
13451,31166
13452,31076
13452,31077
13452,31078
13452,31079
13452,31080
13452,31081
13452,31082
13452,31083
13452,31084
13452,31085
13452,31086
13452,31087
13452,31088
13452,31089
13452,31090
13452,31091
13452,31092
13452,31093
13452,31094
13452,31095
13452,31096
13452,31097
13452,31098
13452,31099
13452,31100
13452,31101
13452,31102
13452,31103
13452,31104
13452,31105
13452,31106
13452,31107
13452,31108
13452,31109
13452,31110
13452,31111
13452,31112
13452,31113
13452,31114
13452,31115
13452,31116
13452,31117
13452,31118
13452,31119
13452,31120
13452,31121
13452,31122
13452,31123
13452,31124
13452,31125
13452,31126
13452,31127
13452,31128
13452,31129
13452,31130
13452,31131
13452,31132
13452,31133
13452,31134
13452,31135
13452,31136
13452,31137
13452,31138
13452,31139
13452,31140
13452,31141
13452,31142
13452,31143
13452,31144
13452,31145
13452,31146
13452,31147
13452,31148
13452,31149
13452,31150
13452,31151
13452,31152
13452,31153
13452,31154
13452,31155
13452,31156
13452,31157
13452,31158
13452,31159
13452,31160
13452,31161
13452,31162
13452,31163
13452,31164
13452,31165
13452,31166
13453,31077
13453,31078
13453,31079
13453,31080
13453,31081
13453,31082
13453,31083
13453,31084
13453,31085
13453,31086
13453,31087
13453,31088
13453,31089
13453,31090
13453,31091
13453,31092
13453,31093
13453,31094
13453,31095
13453,31096
13453,31097
13453,31098
13453,31099
13453,31100
13453,31101
13453,31102
13453,31103
13453,31104
13453,31105
13453,31106
13453,31107
13453,31108
13453,31109
13453,31110
13453,31111
13453,31112
13453,31113
13453,31114
13453,31115
13453,31116
13453,31117
13453,31118
13453,31119
13453,31120
13453,31121
13453,31122
13453,31123
13453,31124
13453,31125
13453,31126
13453,31127
13453,31128
13453,31129
13453,31130
13453,31131
13453,31132
13453,31133
13453,31134
13453,31135
13453,31136
13453,31137
13453,31138
13453,31139
13453,31140
13453,31141
13453,31142
13453,31143
13453,31144
13453,31145
13453,31146
13453,31147
13453,31148
13453,31149
13453,31150
13453,31151
13453,31152
13453,31153
13453,31154
13453,31155
13453,31156
13453,31157
13453,31158
13453,31159
13453,31160
13453,31161
13453,31162
13453,31163
13453,31164
13453,31165
13453,31166
13454,31077
13454,31078
13454,31079
13454,31080
13454,31081
13454,31082
13454,31083
13454,31084
13454,31085
13454,31086
13454,31087
13454,31088
13454,31089
13454,31090
13454,31091
13454,31092
13454,31093
13454,31094
13454,31095
13454,31096
13454,31097
13454,31098
13454,31099
13454,31100
13454,31101
13454,31102
13454,31103
13454,31104
13454,31105
13454,31106
13454,31107
13454,31108
13454,31109
13454,31110
13454,31111
13454,31112
13454,31113
13454,31114
13454,31115
13454,31116
13454,31117
13454,31118
13454,31119
13454,31120
13454,31121
13454,31122
13454,31123
13454,31124
13454,31125
13454,31126
13454,31127
13454,31128
13454,31129
13454,31130
13454,31131
13454,31132
13454,31133
13454,31134
13454,31135
13454,31136
13454,31137
13454,31138
13454,31139
13454,31140
13454,31141
13454,31142
13454,31143
13454,31144
13454,31145
13454,31146
13454,31147
13454,31148
13454,31149
13454,31150
13454,31151
13454,31152
13454,31153
13454,31154
13454,31155
13454,31156
13454,31157
13454,31158
13454,31159
13454,31160
13454,31161
13454,31162
13454,31163
13454,31164
13454,31165
13454,31166
13454,31167
13455,31076
13455,31077
13455,31078
13455,31079
13455,31080
13455,31081
13455,31082
13455,31083
13455,31084
13455,31085
13455,31086
13455,31087
13455,31088
13455,31089
13455,31090
13455,31091
13455,31092
13455,31093
13455,31094
13455,31095
13455,31096
13455,31097
13455,31098
13455,31099
13455,31100
13455,31101
13455,31102
13455,31103
13455,31104
13455,31105
13455,31106
13455,31107
13455,31108
13455,31109
13455,31110
13455,31111
13455,31112
13455,31113
13455,31114
13455,31115
13455,31116
13455,31117
13455,31118
13455,31119
13455,31120
13455,31121
13455,31122
13455,31123
13455,31124
13455,31125
13455,31126
13455,31127
13455,31128
13455,31129
13455,31130
13455,31131
13455,31132
13455,31133
13455,31134
13455,31135
13455,31136
13455,31137
13455,31138
13455,31139
13455,31140
13455,31141
13455,31142
13455,31143
13455,31144
13455,31145
13455,31146
13455,31147
13455,31148
13455,31149
13455,31150
13455,31151
13455,31152
13455,31153
13455,31154
13455,31155
13455,31156
13455,31157
13455,31158
13455,31159
13455,31160
13455,31161
13455,31162
13455,31163
13455,31164
13455,31165
13455,31166
13456,31075
13456,31076
13456,31077
13456,31078
13456,31079
13456,31080
13456,31081
13456,31082
13456,31083
13456,31084
13456,31085
13456,31086
13456,31087
13456,31088
13456,31089
13456,31090
13456,31091
13456,31092
13456,31093
13456,31094
13456,31095
13456,31096
13456,31097
13456,31098
13456,31099
13456,31100
13456,31101
13456,31102
13456,31103
13456,31104
13456,31105
13456,31106
13456,31107
13456,31108
13456,31109
13456,31110
13456,31111
13456,31112
13456,31113
13456,31114
13456,31115
13456,31116
13456,31117
13456,31118
13456,31119
13456,31120
13456,31121
13456,31122
13456,31123
13456,31124
13456,31125
13456,31126
13456,31127
13456,31128
13456,31129
13456,31130
13456,31131
13456,31132
13456,31133
13456,31134
13456,31135
13456,31136
13456,31137
13456,31138
13456,31139
13456,31140
13456,31141
13456,31142
13456,31143
13456,31144
13456,31145
13456,31146
13456,31147
13456,31148
13456,31149
13456,31150
13456,31151
13456,31152
13456,31153
13456,31154
13456,31155
13456,31156
13456,31157
13456,31158
13456,31159
13456,31160
13456,31161
13456,31162
13456,31163
13456,31164
13456,31165
13456,31166
13456,31167
13457,31075
13457,31076
13457,31077
13457,31078
13457,31079
13457,31080
13457,31081
13457,31082
13457,31083
13457,31084
13457,31085
13457,31086
13457,31087
13457,31088
13457,31089
13457,31090
13457,31091
13457,31092
13457,31093
13457,31094
13457,31095
13457,31096
13457,31097
13457,31098
13457,31099
13457,31100
13457,31101
13457,31102
13457,31103
13457,31104
13457,31105
13457,31106
13457,31107
13457,31108
13457,31109
13457,31110
13457,31111
13457,31112
13457,31113
13457,31114
13457,31115
13457,31116
13457,31117
13457,31118
13457,31119
13457,31120
13457,31121
13457,31122
13457,31123
13457,31124
13457,31125
13457,31126
13457,31127
13457,31128
13457,31129
13457,31130
13457,31131
13457,31132
13457,31133
13457,31134
13457,31135
13457,31136
13457,31137
13457,31138
13457,31139
13457,31140
13457,31141
13457,31142
13457,31143
13457,31144
13457,31145
13457,31146
13457,31147
13457,31148
13457,31149
13457,31150
13457,31151
13457,31152
13457,31153
13457,31154
13457,31155
13457,31156
13457,31157
13457,31158
13457,31159
13457,31160
13457,31161
13457,31162
13457,31163
13457,31164
13457,31165
13457,31166
13457,31167
13457,31168
13458,31075
13458,31076
13458,31077
13458,31078
13458,31079
13458,31080
13458,31081
13458,31082
13458,31083
13458,31084
13458,31085
13458,31086
13458,31087
13458,31088
13458,31089
13458,31090
13458,31091
13458,31092
13458,31093
13458,31094
13458,31095
13458,31096
13458,31097
13458,31098
13458,31099
13458,31100
13458,31101
13458,31102
13458,31103
13458,31104
13458,31105
13458,31106
13458,31107
13458,31108
13458,31109
13458,31110
13458,31111
13458,31112
13458,31113
13458,31114
13458,31115
13458,31116
13458,31117
13458,31118
13458,31119
13458,31120
13458,31121
13458,31122
13458,31123
13458,31124
13458,31125
13458,31126
13458,31127
13458,31128
13458,31129
13458,31130
13458,31131
13458,31132
13458,31133
13458,31134
13458,31135
13458,31136
13458,31137
13458,31138
13458,31139
13458,31140
13458,31141
13458,31142
13458,31143
13458,31144
13458,31145
13458,31146
13458,31147
13458,31148
13458,31149
13458,31150
13458,31151
13458,31152
13458,31153
13458,31154
13458,31155
13458,31156
13458,31157
13458,31158
13458,31159
13458,31160
13458,31161
13458,31162
13458,31163
13458,31164
13458,31165
13458,31166
13458,31167
13458,31168
13458,31169
13459,31074
13459,31075
13459,31076
13459,31077
13459,31078
13459,31079
13459,31080
13459,31081
13459,31082
13459,31083
13459,31084
13459,31085
13459,31086
13459,31087
13459,31088
13459,31089
13459,31090
13459,31091
13459,31092
13459,31093
13459,31094
13459,31095
13459,31096
13459,31097
13459,31098
13459,31099
13459,31100
13459,31101
13459,31102
13459,31103
13459,31104
13459,31105
13459,31106
13459,31107
13459,31108
13459,31109
13459,31110
13459,31111
13459,31112
13459,31113
13459,31114
13459,31115
13459,31116
13459,31117
13459,31118
13459,31119
13459,31120
13459,31121
13459,31122
13459,31123
13459,31124
13459,31125
13459,31126
13459,31127
13459,31128
13459,31129
13459,31130
13459,31131
13459,31132
13459,31133
13459,31134
13459,31135
13459,31136
13459,31137
13459,31138
13459,31139
13459,31140
13459,31141
13459,31142
13459,31143
13459,31144
13459,31145
13459,31146
13459,31147
13459,31148
13459,31149
13459,31150
13459,31151
13459,31152
13459,31153
13459,31154
13459,31155
13459,31156
13459,31157
13459,31158
13459,31159
13459,31160
13459,31161
13459,31162
13459,31163
13459,31164
13459,31165
13459,31166
13459,31167
13459,31168
13459,31169
13459,31170
13460,31074
13460,31075
13460,31076
13460,31077
13460,31078
13460,31079
13460,31080
13460,31081
13460,31082
13460,31083
13460,31084
13460,31085
13460,31086
13460,31087
13460,31088
13460,31089
13460,31090
13460,31091
13460,31092
13460,31093
13460,31094
13460,31095
13460,31096
13460,31097
13460,31098
13460,31099
13460,31100
13460,31101
13460,31102
13460,31103
13460,31104
13460,31105
13460,31106
13460,31107
13460,31108
13460,31109
13460,31110
13460,31111
13460,31112
13460,31113
13460,31114
13460,31115
13460,31116
13460,31117
13460,31118
13460,31119
13460,31120
13460,31121
13460,31122
13460,31123
13460,31124
13460,31125
13460,31126
13460,31127
13460,31128
13460,31129
13460,31130
13460,31131
13460,31132
13460,31133
13460,31134
13460,31135
13460,31136
13460,31137
13460,31138
13460,31139
13460,31140
13460,31141
13460,31142
13460,31143
13460,31144
13460,31145
13460,31146
13460,31147
13460,31148
13460,31149
13460,31150
13460,31151
13460,31152
13460,31153
13460,31154
13460,31155
13460,31156
13460,31157
13460,31158
13460,31159
13460,31160
13460,31161
13460,31162
13460,31163
13460,31164
13460,31165
13460,31166
13460,31167
13460,31168
13460,31169
13460,31170
13460,31171
13461,31074
13461,31075
13461,31076
13461,31077
13461,31078
13461,31079
13461,31080
13461,31081
13461,31082
13461,31083
13461,31084
13461,31085
13461,31086
13461,31087
13461,31088
13461,31089
13461,31090
13461,31091
13461,31092
13461,31093
13461,31094
13461,31095
13461,31096
13461,31097
13461,31098
13461,31099
13461,31100
13461,31101
13461,31102
13461,31103
13461,31104
13461,31105
13461,31106
13461,31107
13461,31108
13461,31109
13461,31110
13461,31111
13461,31112
13461,31113
13461,31114
13461,31115
13461,31116
13461,31117
13461,31118
13461,31119
13461,31120
13461,31121
13461,31122
13461,31123
13461,31124
13461,31125
13461,31126
13461,31127
13461,31128
13461,31129
13461,31130
13461,31131
13461,31132
13461,31133
13461,31134
13461,31135
13461,31136
13461,31137
13461,31138
13461,31139
13461,31140
13461,31141
13461,31142
13461,31143
13461,31144
13461,31145
13461,31146
13461,31147
13461,31148
13461,31149
13461,31150
13461,31151
13461,31152
13461,31153
13461,31154
13461,31155
13461,31156
13461,31157
13461,31158
13461,31159
13461,31160
13461,31161
13461,31162
13461,31163
13461,31164
13461,31165
13461,31166
13461,31167
13461,31168
13461,31169
13461,31170
13461,31171
13461,31172
13462,31073
13462,31074
13462,31075
13462,31076
13462,31077
13462,31078
13462,31079
13462,31080
13462,31081
13462,31082
13462,31083
13462,31084
13462,31085
13462,31086
13462,31087
13462,31088
13462,31089
13462,31090
13462,31091
13462,31092
13462,31093
13462,31094
13462,31095
13462,31096
13462,31097
13462,31098
13462,31099
13462,31100
13462,31101
13462,31102
13462,31103
13462,31104
13462,31105
13462,31106
13462,31107
13462,31108
13462,31109
13462,31110
13462,31111
13462,31112
13462,31113
13462,31114
13462,31115
13462,31116
13462,31117
13462,31118
13462,31119
13462,31120
13462,31121
13462,31122
13462,31123
13462,31124
13462,31125
13462,31126
13462,31127
13462,31128
13462,31129
13462,31130
13462,31131
13462,31132
13462,31133
13462,31134
13462,31135
13462,31136
13462,31137
13462,31138
13462,31139
13462,31140
13462,31141
13462,31142
13462,31143
13462,31144
13462,31145
13462,31146
13462,31147
13462,31148
13462,31149
13462,31150
13462,31151
13462,31152
13462,31153
13462,31154
13462,31155
13462,31156
13462,31157
13462,31158
13462,31159
13462,31160
13462,31161
13462,31162
13462,31163
13462,31164
13462,31165
13462,31166
13462,31167
13462,31168
13462,31169
13462,31170
13462,31171
13462,31172
13462,31173
13463,31073
13463,31074
13463,31075
13463,31076
13463,31077
13463,31078
13463,31079
13463,31080
13463,31081
13463,31082
13463,31083
13463,31084
13463,31085
13463,31086
13463,31087
13463,31088
13463,31089
13463,31090
13463,31091
13463,31092
13463,31093
13463,31094
13463,31095
13463,31096
13463,31097
13463,31098
13463,31099
13463,31100
13463,31101
13463,31102
13463,31103
13463,31104
13463,31105
13463,31106
13463,31107
13463,31108
13463,31109
13463,31110
13463,31111
13463,31112
13463,31113
13463,31114
13463,31115
13463,31116
13463,31117
13463,31118
13463,31119
13463,31120
13463,31121
13463,31122
13463,31123
13463,31124
13463,31125
13463,31126
13463,31127
13463,31128
13463,31129
13463,31130
13463,31131
13463,31132
13463,31133
13463,31134
13463,31135
13463,31136
13463,31137
13463,31138
13463,31139
13463,31140
13463,31141
13463,31142
13463,31143
13463,31144
13463,31145
13463,31146
13463,31147
13463,31148
13463,31149
13463,31150
13463,31151
13463,31152
13463,31153
13463,31154
13463,31155
13463,31156
13463,31157
13463,31158
13463,31159
13463,31160
13463,31161
13463,31162
13463,31163
13463,31164
13463,31165
13463,31166
13463,31167
13463,31168
13463,31169
13463,31170
13463,31171
13463,31172
13463,31173
13464,31073
13464,31074
13464,31075
13464,31076
13464,31077
13464,31078
13464,31079
13464,31080
13464,31081
13464,31082
13464,31083
13464,31084
13464,31085
13464,31086
13464,31087
13464,31088
13464,31089
13464,31090
13464,31091
13464,31092
13464,31093
13464,31094
13464,31095
13464,31096
13464,31097
13464,31098
13464,31099
13464,31100
13464,31101
13464,31102
13464,31103
13464,31104
13464,31105
13464,31106
13464,31107
13464,31108
13464,31109
13464,31110
13464,31111
13464,31112
13464,31113
13464,31114
13464,31115
13464,31116
13464,31117
13464,31118
13464,31119
13464,31120
13464,31121
13464,31122
13464,31123
13464,31124
13464,31125
13464,31126
13464,31127
13464,31128
13464,31129
13464,31130
13464,31131
13464,31132
13464,31133
13464,31134
13464,31135
13464,31136
13464,31137
13464,31138
13464,31139
13464,31140
13464,31141
13464,31142
13464,31143
13464,31144
13464,31145
13464,31146
13464,31147
13464,31148
13464,31149
13464,31150
13464,31151
13464,31152
13464,31153
13464,31154
13464,31155
13464,31156
13464,31157
13464,31158
13464,31159
13464,31160
13464,31161
13464,31162
13464,31163
13464,31164
13464,31165
13464,31166
13464,31167
13464,31168
13464,31169
13464,31170
13464,31171
13464,31172
13464,31173
13464,31174
13465,31073
13465,31074
13465,31075
13465,31076
13465,31077
13465,31078
13465,31079
13465,31080
13465,31081
13465,31082
13465,31083
13465,31084
13465,31085
13465,31086
13465,31087
13465,31088
13465,31089
13465,31090
13465,31091
13465,31092
13465,31093
13465,31094
13465,31095
13465,31096
13465,31097
13465,31098
13465,31099
13465,31100
13465,31101
13465,31102
13465,31103
13465,31104
13465,31105
13465,31106
13465,31107
13465,31108
13465,31109
13465,31110
13465,31111
13465,31112
13465,31113
13465,31114
13465,31115
13465,31116
13465,31117
13465,31118
13465,31119
13465,31120
13465,31121
13466,31073
13466,31074
13466,31075
13466,31076
13466,31077
13466,31078
13466,31079
13466,31080
13466,31081
13466,31082
13466,31083
13466,31084
13466,31085
13466,31086
13466,31087
13466,31088
13466,31089
13466,31090
13466,31091
13466,31092
13466,31093
13466,31094
13466,31095
13466,31096
13466,31097
13466,31098
13466,31099
13466,31100
13466,31101
13466,31102
13466,31103
13466,31104
13466,31105
13466,31106
13466,31107
13466,31108
13466,31109
13466,31110
13466,31111
13466,31112
13466,31113
13466,31114
13466,31115
13466,31116
13466,31117
13466,31118
13466,31119
13466,31120
13466,31121
13467,31073
13467,31074
13467,31075
13467,31076
13467,31077
13467,31078
13467,31079
13467,31080
13467,31081
13467,31082
13467,31083
13467,31084
13467,31085
13467,31086
13467,31087
13467,31088
13467,31089
13467,31090
13467,31091
13467,31092
13467,31093
13467,31094
13467,31095
13467,31096
13467,31097
13467,31098
13467,31099
13467,31100
13467,31101
13467,31102
13467,31103
13467,31104
13467,31105
13467,31106
13467,31107
13467,31108
13467,31109
13467,31110
13467,31111
13467,31112
13467,31113
13467,31114
13467,31115
13467,31116
13467,31117
13467,31118
13467,31119
13467,31120
13467,31121
13468,31073
13468,31074
13468,31075
13468,31076
13468,31077
13468,31078
13468,31079
13468,31080
13468,31081
13468,31082
13468,31083
13468,31084
13468,31085
13468,31086
13468,31087
13468,31088
13468,31089
13468,31090
13468,31091
13468,31092
13468,31093
13468,31094
13468,31095
13468,31096
13468,31097
13468,31098
13468,31099
13468,31100
13468,31101
13468,31102
13468,31103
13468,31104
13468,31105
13468,31106
13468,31107
13468,31108
13468,31109
13468,31110
13468,31111
13468,31112
13468,31113
13468,31114
13468,31115
13468,31116
13468,31117
13468,31118
13468,31119
13468,31120
13468,31121
13469,31073
13469,31074
13469,31075
13469,31076
13469,31077
13469,31078
13469,31079
13469,31080
13469,31081
13469,31082
13469,31083
13469,31084
13469,31085
13469,31086
13469,31087
13469,31088
13469,31089
13469,31090
13469,31091
13469,31092
13469,31093
13469,31094
13469,31095
13469,31096
13469,31097
13469,31098
13469,31099
13469,31100
13469,31101
13469,31102
13469,31103
13469,31104
13469,31105
13469,31106
13469,31107
13469,31108
13469,31109
13469,31110
13469,31111
13469,31112
13469,31113
13469,31114
13469,31115
13469,31116
13469,31117
13469,31118
13469,31119
13469,31120
13469,31121
13470,31073
13470,31074
13470,31075
13470,31076
13470,31077
13470,31078
13470,31079
13470,31080
13470,31081
13470,31082
13470,31083
13470,31084
13470,31085
13470,31086
13470,31087
13470,31088
13470,31089
13470,31090
13470,31091
13470,31092
13470,31093
13470,31094
13470,31095
13470,31096
13470,31097
13470,31098
13470,31099
13470,31100
13470,31101
13470,31102
13470,31103
13470,31104
13470,31105
13470,31106
13470,31107
13470,31108
13470,31109
13470,31110
13470,31111
13470,31112
13470,31113
13470,31114
13470,31115
13470,31116
13470,31117
13470,31118
13470,31119
13470,31120
13470,31121
13471,31073
13471,31074
13471,31075
13471,31076
13471,31077
13471,31078
13471,31079
13471,31080
13471,31081
13471,31082
13471,31083
13471,31084
13471,31085
13471,31086
13471,31087
13471,31088
13471,31089
13471,31090
13471,31091
13471,31092
13471,31093
13471,31094
13471,31095
13471,31096
13471,31097
13471,31098
13471,31099
13471,31100
13471,31101
13471,31102
13471,31103
13471,31104
13471,31105
13471,31106
13471,31107
13471,31108
13471,31109
13471,31110
13471,31111
13471,31112
13471,31113
13471,31114
13471,31115
13471,31116
13471,31117
13471,31118
13471,31119
13471,31120
13471,31121
13472,31072
13472,31073
13472,31074
13472,31075
13472,31076
13472,31077
13472,31078
13472,31079
13472,31080
13472,31081
13472,31082
13472,31083
13472,31084
13472,31085
13472,31086
13472,31087
13472,31088
13472,31089
13472,31090
13472,31091
13472,31092
13472,31093
13472,31094
13472,31095
13472,31096
13472,31097
13472,31098
13472,31099
13472,31100
13472,31101
13472,31102
13472,31103
13472,31104
13472,31105
13472,31106
13472,31107
13472,31108
13472,31109
13472,31110
13472,31111
13472,31112
13472,31113
13472,31114
13472,31115
13472,31116
13472,31117
13472,31118
13472,31119
13472,31120
13472,31121
13473,31068
13473,31069
13473,31070
13473,31071
13473,31072
13473,31073
13473,31074
13473,31075
13473,31076
13473,31077
13473,31078
13473,31079
13473,31080
13473,31081
13473,31082
13473,31083
13473,31084
13473,31085
13473,31086
13473,31087
13473,31088
13473,31089
13473,31090
13473,31091
13473,31092
13473,31093
13473,31094
13473,31095
13473,31096
13473,31097
13473,31098
13473,31099
13473,31100
13473,31101
13473,31102
13473,31103
13473,31104
13473,31105
13473,31106
13473,31107
13473,31108
13473,31109
13473,31110
13473,31111
13473,31112
13473,31113
13473,31114
13473,31115
13473,31116
13473,31117
13473,31118
13473,31119
13473,31120
13473,31121
13474,31066
13474,31067
13474,31068
13474,31069
13474,31070
13474,31071
13474,31072
13474,31073
13474,31074
13474,31075
13474,31076
13474,31077
13474,31078
13474,31079
13474,31080
13474,31081
13474,31082
13474,31083
13474,31084
13474,31085
13474,31086
13474,31087
13474,31088
13474,31089
13474,31090
13474,31091
13474,31092
13474,31093
13474,31094
13474,31095
13474,31096
13474,31097
13474,31098
13474,31099
13474,31100
13474,31101
13474,31102
13474,31103
13474,31104
13474,31105
13474,31106
13474,31107
13474,31108
13474,31109
13474,31110
13474,31111
13474,31112
13474,31113
13474,31114
13474,31115
13474,31116
13474,31117
13474,31118
13474,31119
13474,31120
13474,31121
13475,31065
13475,31066
13475,31067
13475,31068
13475,31069
13475,31070
13475,31071
13475,31072
13475,31073
13475,31074
13475,31075
13475,31076
13475,31077
13475,31078
13475,31079
13475,31080
13475,31081
13475,31082
13475,31083
13475,31084
13475,31085
13475,31086
13475,31087
13475,31088
13475,31089
13475,31090
13475,31091
13475,31092
13475,31093
13475,31094
13475,31095
13475,31096
13475,31097
13475,31098
13475,31099
13475,31100
13475,31101
13475,31102
13475,31103
13475,31104
13475,31105
13475,31106
13475,31107
13475,31108
13475,31109
13475,31110
13475,31111
13475,31112
13475,31113
13475,31114
13475,31115
13475,31116
13475,31117
13475,31118
13475,31119
13475,31120
13475,31121
13476,31064
13476,31065
13476,31066
13476,31067
13476,31068
13476,31069
13476,31070
13476,31071
13476,31072
13476,31073
13476,31074
13476,31075
13476,31076
13476,31077
13476,31078
13476,31079
13476,31080
13476,31081
13476,31082
13476,31083
13476,31084
13476,31085
13476,31086
13476,31087
13476,31088
13476,31089
13476,31090
13476,31091
13476,31092
13476,31093
13476,31094
13476,31095
13476,31096
13476,31097
13476,31098
13476,31099
13476,31100
13476,31101
13476,31102
13476,31103
13476,31104
13476,31105
13476,31106
13476,31107
13476,31108
13476,31109
13476,31110
13476,31111
13476,31112
13476,31113
13476,31114
13476,31115
13476,31116
13476,31117
13476,31118
13476,31119
13476,31120
13476,31121
13477,31063
13477,31064
13477,31065
13477,31066
13477,31067
13477,31068
13477,31069
13477,31070
13477,31071
13477,31072
13477,31073
13477,31074
13477,31075
13477,31076
13477,31077
13477,31078
13477,31079
13477,31080
13477,31081
13477,31082
13477,31083
13477,31084
13477,31085
13477,31086
13477,31087
13477,31088
13477,31089
13477,31090
13477,31091
13477,31092
13477,31093
13477,31094
13477,31095
13477,31096
13477,31097
13477,31098
13477,31099
13477,31100
13477,31101
13477,31102
13477,31103
13477,31104
13477,31105
13477,31106
13477,31107
13477,31108
13477,31109
13477,31110
13477,31111
13477,31112
13477,31113
13477,31114
13477,31115
13477,31116
13477,31117
13477,31118
13477,31119
13477,31120
13477,31121
13478,31063
13478,31064
13478,31065
13478,31066
13478,31067
13478,31068
13478,31069
13478,31070
13478,31071
13478,31072
13478,31073
13478,31074
13478,31075
13478,31076
13478,31077
13478,31078
13478,31079
13478,31080
13478,31081
13478,31082
13478,31083
13478,31084
13478,31085
13478,31086
13478,31087
13478,31088
13478,31089
13478,31090
13478,31091
13478,31092
13478,31093
13478,31094
13478,31095
13478,31096
13478,31097
13478,31098
13478,31099
13478,31100
13478,31101
13478,31102
13478,31103
13478,31104
13478,31105
13478,31106
13478,31107
13478,31108
13478,31109
13478,31110
13478,31111
13478,31112
13478,31113
13478,31114
13478,31115
13478,31116
13478,31117
13478,31118
13478,31119
13478,31120
13478,31121
13479,31059
13479,31063
13479,31064
13479,31065
13479,31066
13479,31067
13479,31068
13479,31069
13479,31070
13479,31071
13479,31072
13479,31073
13479,31074
13479,31075
13479,31076
13479,31077
13479,31078
13479,31079
13479,31080
13479,31081
13479,31082
13479,31083
13479,31084
13479,31085
13479,31086
13479,31087
13479,31088
13479,31089
13479,31090
13479,31091
13479,31092
13479,31093
13479,31094
13479,31095
13479,31096
13479,31097
13479,31098
13479,31099
13479,31100
13479,31101
13479,31102
13479,31103
13479,31104
13479,31105
13479,31106
13479,31107
13479,31108
13479,31109
13479,31110
13479,31111
13479,31112
13479,31113
13479,31114
13479,31115
13479,31116
13479,31117
13479,31118
13479,31119
13479,31120
13479,31121
13480,31056
13480,31057
13480,31058
13480,31059
13480,31060
13480,31061
13480,31062
13480,31063
13480,31064
13480,31065
13480,31066
13480,31067
13480,31068
13480,31069
13480,31070
13480,31071
13480,31072
13480,31073
13480,31074
13480,31075
13480,31076
13480,31077
13480,31078
13480,31079
13480,31080
13480,31081
13480,31082
13480,31083
13480,31084
13480,31085
13480,31086
13480,31087
13480,31088
13480,31089
13480,31090
13480,31091
13480,31092
13480,31093
13480,31094
13480,31095
13480,31096
13480,31097
13480,31098
13480,31099
13480,31100
13480,31101
13480,31102
13480,31103
13480,31104
13480,31105
13480,31106
13480,31107
13480,31108
13480,31109
13480,31110
13480,31111
13480,31112
13480,31113
13480,31114
13480,31115
13480,31116
13480,31117
13480,31118
13480,31119
13480,31120
13480,31121
13481,31055
13481,31056
13481,31057
13481,31058
13481,31059
13481,31060
13481,31061
13481,31062
13481,31063
13481,31064
13481,31065
13481,31066
13481,31067
13481,31068
13481,31069
13481,31070
13481,31071
13481,31072
13481,31073
13481,31074
13481,31075
13481,31076
13481,31077
13481,31078
13481,31079
13481,31080
13481,31081
13481,31082
13481,31083
13481,31084
13481,31085
13481,31086
13481,31087
13481,31088
13481,31089
13481,31090
13481,31091
13481,31092
13481,31093
13481,31094
13481,31095
13481,31096
13481,31097
13481,31098
13481,31099
13481,31100
13481,31101
13481,31102
13481,31103
13481,31104
13481,31105
13481,31106
13481,31107
13481,31108
13481,31109
13481,31110
13481,31111
13481,31112
13481,31113
13481,31114
13481,31115
13481,31116
13481,31117
13481,31118
13481,31119
13481,31120
13481,31121
13482,31054
13482,31055
13482,31056
13482,31057
13482,31058
13482,31059
13482,31060
13482,31061
13482,31062
13482,31063
13482,31064
13482,31065
13482,31066
13482,31067
13482,31068
13482,31069
13482,31070
13482,31071
13482,31072
13482,31073
13482,31074
13482,31075
13482,31076
13482,31077
13482,31078
13482,31079
13482,31080
13482,31081
13482,31082
13482,31083
13482,31084
13482,31085
13482,31086
13482,31087
13482,31088
13482,31089
13482,31090
13482,31091
13482,31092
13482,31093
13482,31094
13482,31095
13482,31096
13482,31097
13482,31098
13482,31099
13482,31100
13482,31101
13482,31102
13482,31103
13482,31104
13482,31105
13482,31106
13482,31107
13482,31108
13482,31109
13482,31110
13482,31111
13482,31112
13482,31113
13482,31114
13482,31115
13482,31116
13482,31117
13482,31118
13482,31119
13482,31120
13482,31121
13483,31054
13483,31055
13483,31056
13483,31057
13483,31058
13483,31059
13483,31060
13483,31061
13483,31062
13483,31063
13483,31064
13483,31065
13483,31066
13483,31067
13483,31068
13483,31069
13483,31070
13483,31071
13483,31072
13483,31073
13483,31074
13483,31075
13483,31076
13483,31077
13483,31078
13483,31079
13483,31080
13483,31081
13483,31082
13483,31083
13483,31084
13483,31085
13483,31086
13483,31087
13483,31088
13483,31089
13483,31090
13483,31091
13483,31092
13483,31093
13483,31094
13483,31095
13483,31096
13483,31097
13483,31098
13483,31099
13483,31100
13483,31101
13483,31102
13483,31103
13483,31104
13483,31105
13483,31106
13483,31107
13483,31108
13483,31109
13483,31110
13483,31111
13483,31112
13483,31113
13483,31114
13483,31115
13483,31116
13483,31117
13483,31118
13483,31119
13483,31120
13483,31121
13484,31054
13484,31055
13484,31056
13484,31057
13484,31058
13484,31059
13484,31060
13484,31061
13484,31062
13484,31063
13484,31064
13484,31065
13484,31066
13484,31067
13484,31068
13484,31069
13484,31070
13484,31071
13484,31072
13484,31073
13484,31074
13484,31075
13484,31076
13484,31077
13484,31078
13484,31079
13484,31080
13484,31081
13484,31082
13484,31083
13484,31084
13484,31085
13484,31086
13484,31087
13484,31088
13484,31089
13484,31090
13484,31091
13484,31092
13484,31093
13484,31094
13484,31095
13484,31096
13484,31097
13484,31098
13484,31099
13484,31100
13484,31101
13484,31102
13484,31103
13484,31104
13484,31105
13484,31106
13484,31107
13484,31108
13484,31109
13484,31110
13484,31111
13484,31112
13484,31113
13484,31114
13484,31115
13484,31116
13484,31117
13484,31118
13484,31119
13484,31120
13484,31121
13485,31053
13485,31054
13485,31055
13485,31056
13485,31057
13485,31058
13485,31059
13485,31060
13485,31061
13485,31062
13485,31063
13485,31064
13485,31065
13485,31066
13485,31067
13485,31068
13485,31069
13485,31070
13485,31071
13485,31072
13485,31073
13485,31074
13485,31075
13485,31076
13485,31077
13485,31078
13485,31079
13485,31080
13485,31081
13485,31082
13485,31083
13485,31084
13485,31085
13485,31086
13485,31087
13485,31088
13485,31089
13485,31090
13485,31091
13485,31092
13485,31093
13485,31094
13485,31095
13485,31096
13485,31097
13485,31098
13485,31099
13485,31100
13485,31101
13485,31102
13485,31103
13485,31104
13485,31105
13485,31106
13485,31107
13485,31108
13485,31109
13485,31110
13485,31111
13485,31112
13485,31113
13485,31114
13485,31115
13485,31116
13485,31117
13485,31118
13485,31119
13485,31120
13485,31121
13486,31053
13486,31054
13486,31055
13486,31056
13486,31057
13486,31058
13486,31059
13486,31060
13486,31061
13486,31062
13486,31063
13486,31064
13486,31065
13486,31066
13486,31067
13486,31068
13486,31069
13486,31070
13486,31071
13486,31072
13486,31073
13486,31074
13486,31075
13486,31076
13486,31077
13486,31078
13486,31079
13486,31080
13486,31081
13486,31082
13486,31083
13486,31084
13486,31085
13486,31086
13486,31087
13486,31088
13486,31089
13486,31090
13486,31091
13486,31092
13486,31093
13486,31094
13486,31095
13486,31096
13486,31097
13486,31098
13486,31099
13486,31100
13486,31101
13486,31102
13486,31103
13486,31104
13486,31105
13486,31106
13486,31107
13486,31108
13486,31109
13486,31110
13486,31111
13486,31112
13486,31113
13486,31114
13486,31115
13486,31116
13486,31117
13486,31118
13486,31119
13486,31120
13486,31121
13487,31054
13487,31055
13487,31056
13487,31057
13487,31058
13487,31059
13487,31060
13487,31061
13487,31062
13487,31063
13487,31064
13487,31065
13487,31066
13487,31067
13487,31068
13487,31069
13487,31070
13487,31071
13487,31072
13487,31073
13487,31074
13487,31075
13487,31076
13487,31077
13487,31078
13487,31079
13487,31080
13487,31081
13487,31082
13487,31083
13487,31084
13487,31085
13487,31086
13487,31087
13487,31088
13487,31089
13487,31090
13487,31091
13487,31092
13487,31093
13487,31094
13487,31095
13487,31096
13487,31097
13487,31098
13487,31099
13487,31100
13487,31101
13487,31102
13487,31103
13487,31104
13487,31105
13487,31106
13487,31107
13487,31108
13487,31109
13487,31110
13487,31111
13487,31112
13487,31113
13487,31114
13487,31115
13487,31116
13487,31117
13487,31118
13487,31119
13487,31120
13487,31121
13488,31054
13488,31055
13488,31056
13488,31057
13488,31058
13488,31059
13488,31060
13488,31061
13488,31062
13488,31063
13488,31064
13488,31065
13488,31066
13488,31067
13488,31068
13488,31069
13488,31070
13488,31071
13488,31072
13488,31073
13488,31074
13488,31075
13488,31076
13488,31077
13488,31078
13488,31079
13488,31080
13488,31081
13488,31082
13488,31083
13488,31084
13488,31085
13488,31086
13488,31087
13488,31088
13488,31089
13488,31090
13488,31091
13488,31092
13488,31093
13488,31094
13488,31095
13488,31096
13488,31097
13488,31098
13488,31099
13488,31100
13488,31101
13488,31102
13488,31103
13488,31104
13488,31105
13488,31106
13488,31107
13488,31108
13488,31109
13488,31110
13488,31111
13488,31112
13488,31113
13488,31114
13488,31115
13488,31116
13488,31117
13488,31118
13488,31119
13488,31120
13488,31121
13489,31054
13489,31055
13489,31056
13489,31057
13489,31058
13489,31059
13489,31060
13489,31061
13489,31062
13489,31063
13489,31065
13489,31066
13489,31067
13489,31068
13489,31069
13489,31070
13489,31071
13489,31072
13489,31073
13489,31074
13489,31075
13489,31076
13489,31077
13489,31078
13489,31079
13489,31080
13489,31081
13489,31082
13489,31083
13489,31084
13489,31085
13489,31086
13489,31087
13489,31088
13489,31089
13489,31090
13489,31091
13489,31092
13489,31093
13489,31094
13489,31095
13489,31096
13489,31097
13489,31098
13489,31099
13489,31100
13489,31101
13489,31102
13489,31103
13489,31104
13489,31105
13489,31106
13489,31107
13489,31108
13489,31109
13489,31110
13489,31111
13489,31112
13489,31113
13489,31114
13489,31115
13489,31116
13489,31117
13489,31118
13489,31119
13489,31120
13489,31121
13490,31055
13490,31056
13490,31057
13490,31058
13490,31059
13490,31060
13490,31061
13490,31062
13490,31068
13490,31070
13490,31074
13490,31075
13490,31076
13490,31077
13490,31078
13490,31079
13490,31080
13490,31081
13490,31082
13490,31083
13490,31084
13490,31085
13490,31086
13490,31087
13490,31088
13490,31089
13490,31090
13490,31091
13490,31092
13490,31093
13490,31094
13490,31095
13490,31096
13490,31097
13490,31098
13490,31099
13490,31100
13490,31101
13490,31102
13490,31103
13490,31104
13490,31105
13490,31106
13490,31107
13490,31108
13490,31109
13490,31110
13490,31111
13490,31112
13490,31113
13490,31114
13490,31115
13490,31116
13490,31117
13490,31118
13490,31119
13490,31120
13490,31121
13491,31056
13491,31057
13491,31058
13491,31059
13491,31060
13491,31061
13491,31074
13491,31075
13491,31076
13491,31077
13491,31078
13491,31079
13491,31080
13491,31081
13491,31082
13491,31083
13491,31084
13491,31085
13491,31086
13491,31087
13491,31088
13491,31089
13491,31090
13491,31091
13491,31092
13491,31093
13491,31094
13491,31095
13491,31096
13491,31097
13491,31098
13491,31099
13491,31100
13491,31101
13491,31102
13491,31103
13491,31104
13491,31105
13491,31106
13491,31107
13491,31108
13491,31109
13491,31110
13491,31111
13491,31112
13491,31113
13491,31114
13491,31115
13491,31116
13491,31117
13491,31118
13491,31119
13491,31120
13491,31121
13492,31059
13492,31074
13492,31075
13492,31076
13492,31077
13492,31078
13492,31079
13492,31080
13492,31081
13492,31082
13492,31083
13492,31084
13492,31085
13492,31086
13492,31087
13492,31088
13492,31089
13492,31090
13492,31091
13492,31092
13492,31093
13492,31094
13492,31095
13492,31096
13492,31097
13492,31098
13492,31099
13492,31100
13492,31101
13492,31102
13492,31103
13492,31104
13492,31105
13492,31106
13492,31107
13492,31108
13492,31109
13492,31110
13492,31111
13492,31112
13492,31113
13492,31114
13492,31115
13492,31116
13492,31117
13492,31118
13492,31119
13492,31120
13492,31121
13493,31069
13493,31074
13493,31075
13493,31076
13493,31077
13493,31078
13493,31079
13493,31080
13493,31081
13493,31082
13493,31083
13493,31084
13493,31085
13493,31086
13493,31087
13493,31088
13493,31089
13493,31090
13493,31091
13493,31092
13493,31093
13493,31094
13493,31095
13493,31096
13493,31097
13493,31098
13493,31099
13493,31100
13493,31101
13493,31102
13493,31103
13493,31104
13493,31105
13493,31106
13493,31107
13493,31108
13493,31109
13493,31110
13493,31111
13493,31112
13493,31113
13493,31114
13493,31115
13493,31116
13493,31117
13493,31118
13493,31119
13493,31120
13493,31121
13494,31067
13494,31068
13494,31069
13494,31070
13494,31071
13494,31072
13494,31073
13494,31074
13494,31075
13494,31076
13494,31077
13494,31078
13494,31079
13494,31080
13494,31081
13494,31082
13494,31083
13494,31084
13494,31085
13494,31086
13494,31087
13494,31088
13494,31089
13494,31090
13494,31091
13494,31092
13494,31093
13494,31094
13494,31095
13494,31096
13494,31097
13494,31098
13494,31099
13494,31100
13494,31101
13494,31102
13494,31103
13494,31104
13494,31105
13494,31106
13494,31107
13494,31108
13494,31109
13494,31110
13494,31111
13494,31112
13494,31113
13494,31114
13494,31115
13494,31116
13494,31117
13494,31118
13494,31119
13494,31120
13494,31121
13495,31066
13495,31067
13495,31068
13495,31069
13495,31070
13495,31071
13495,31072
13495,31073
13495,31074
13495,31075
13495,31076
13495,31077
13495,31078
13495,31079
13495,31080
13495,31081
13495,31082
13495,31083
13495,31084
13495,31085
13495,31086
13495,31087
13495,31088
13495,31089
13495,31090
13495,31091
13495,31092
13495,31093
13495,31094
13495,31095
13495,31096
13495,31097
13495,31098
13495,31099
13495,31100
13495,31101
13495,31102
13495,31103
13495,31104
13495,31105
13495,31106
13495,31107
13495,31108
13495,31109
13495,31110
13495,31111
13495,31112
13495,31113
13495,31114
13495,31115
13495,31116
13495,31117
13495,31118
13495,31119
13495,31120
13495,31121
13496,31065
13496,31066
13496,31067
13496,31068
13496,31069
13496,31070
13496,31071
13496,31072
13496,31073
13496,31074
13496,31075
13496,31076
13496,31077
13496,31078
13496,31079
13496,31080
13496,31081
13496,31082
13496,31083
13496,31084
13496,31085
13496,31086
13496,31087
13496,31088
13496,31089
13496,31090
13496,31091
13496,31092
13496,31093
13496,31094
13496,31095
13496,31096
13496,31097
13496,31098
13496,31099
13496,31100
13496,31101
13496,31102
13496,31103
13496,31104
13496,31105
13496,31106
13496,31107
13496,31108
13496,31109
13496,31110
13496,31111
13496,31112
13496,31113
13496,31114
13496,31115
13496,31116
13496,31117
13496,31118
13496,31119
13496,31120
13496,31121
13497,31065
13497,31066
13497,31067
13497,31068
13497,31069
13497,31070
13497,31071
13497,31072
13497,31073
13497,31074
13497,31075
13497,31076
13497,31077
13497,31078
13497,31079
13497,31080
13497,31081
13497,31082
13497,31083
13497,31084
13497,31085
13497,31086
13497,31087
13497,31088
13497,31089
13497,31090
13497,31091
13497,31092
13497,31093
13497,31094
13497,31095
13497,31096
13497,31097
13497,31098
13497,31099
13497,31100
13497,31101
13497,31102
13497,31103
13497,31104
13497,31105
13497,31106
13497,31107
13497,31108
13497,31109
13497,31110
13497,31111
13497,31112
13497,31113
13497,31114
13497,31115
13497,31116
13497,31117
13497,31118
13497,31119
13497,31120
13497,31121
13498,31064
13498,31065
13498,31066
13498,31067
13498,31068
13498,31069
13498,31070
13498,31071
13498,31072
13498,31073
13498,31074
13498,31075
13498,31076
13498,31077
13498,31078
13498,31079
13498,31080
13498,31081
13498,31082
13498,31083
13498,31084
13498,31085
13498,31086
13498,31087
13498,31088
13498,31089
13498,31090
13498,31091
13498,31092
13498,31093
13498,31094
13498,31095
13498,31096
13498,31097
13498,31098
13498,31099
13498,31100
13498,31101
13498,31102
13498,31103
13498,31104
13498,31105
13498,31106
13498,31107
13498,31108
13498,31109
13498,31110
13498,31111
13498,31112
13498,31113
13498,31114
13498,31115
13498,31116
13498,31117
13498,31118
13498,31119
13498,31120
13498,31121
13499,31065
13499,31066
13499,31067
13499,31068
13499,31069
13499,31070
13499,31071
13499,31072
13499,31073
13499,31077
13499,31078
13499,31079
13499,31080
13499,31081
13499,31082
13499,31083
13499,31084
13499,31085
13499,31086
13499,31087
13499,31088
13499,31089
13499,31090
13499,31091
13499,31092
13499,31093
13499,31094
13499,31095
13499,31096
13499,31097
13499,31098
13499,31099
13499,31100
13499,31101
13499,31102
13499,31103
13499,31104
13499,31105
13499,31106
13499,31107
13499,31108
13499,31109
13499,31110
13499,31111
13499,31112
13499,31113
13499,31114
13499,31115
13499,31116
13499,31117
13499,31118
13499,31119
13499,31120
13499,31121
13500,31065
13500,31066
13500,31067
13500,31068
13500,31069
13500,31070
13500,31071
13500,31072
13500,31073
13500,31078
13500,31079
13500,31080
13500,31081
13500,31082
13500,31083
13500,31084
13500,31085
13500,31086
13500,31087
13500,31088
13500,31089
13500,31090
13500,31091
13500,31092
13500,31093
13500,31094
13500,31095
13500,31096
13500,31097
13500,31098
13500,31099
13500,31100
13500,31101
13500,31102
13500,31103
13500,31104
13500,31105
13500,31106
13500,31107
13500,31108
13500,31109
13500,31110
13500,31111
13500,31112
13500,31113
13500,31114
13500,31115
13500,31116
13500,31117
13500,31118
13500,31119
13500,31120
13500,31121
13501,31066
13501,31067
13501,31068
13501,31069
13501,31070
13501,31071
13501,31072
13501,31079
13501,31080
13501,31081
13501,31082
13501,31083
13501,31084
13501,31085
13501,31086
13501,31087
13501,31088
13501,31089
13501,31090
13501,31091
13501,31092
13501,31093
13501,31094
13501,31095
13501,31096
13501,31097
13501,31098
13501,31099
13501,31100
13501,31101
13501,31102
13501,31103
13501,31104
13501,31105
13501,31106
13501,31107
13501,31108
13501,31109
13501,31110
13501,31111
13501,31112
13501,31113
13501,31114
13501,31115
13501,31116
13501,31117
13501,31118
13501,31119
13501,31120
13501,31121
13502,31067
13502,31068
13502,31069
13502,31070
13502,31071
13502,31081
13502,31082
13502,31083
13502,31084
13502,31085
13502,31086
13502,31087
13502,31088
13502,31089
13502,31090
13502,31091
13502,31092
13502,31093
13502,31094
13502,31095
13502,31096
13502,31097
13502,31098
13502,31099
13502,31100
13502,31101
13502,31102
13502,31103
13502,31104
13502,31105
13502,31106
13502,31107
13502,31108
13502,31109
13502,31110
13502,31111
13502,31112
13502,31113
13502,31114
13502,31115
13502,31116
13502,31117
13502,31118
13502,31119
13502,31120
13502,31121
13503,31069
13503,31082
13503,31083
13503,31084
13503,31085
13503,31086
13503,31087
13503,31088
13503,31089
13503,31090
13503,31091
13503,31092
13503,31093
13503,31094
13503,31095
13503,31096
13503,31097
13503,31098
13503,31099
13503,31100
13503,31101
13503,31102
13503,31103
13503,31104
13503,31105
13503,31106
13503,31107
13503,31108
13503,31109
13503,31110
13503,31111
13503,31112
13503,31113
13503,31114
13503,31115
13503,31116
13503,31117
13503,31118
13503,31119
13503,31120
13503,31121
13504,31081
13504,31082
13504,31083
13504,31084
13504,31085
13504,31086
13504,31087
13504,31088
13504,31089
13504,31090
13504,31091
13504,31092
13504,31093
13504,31094
13504,31095
13504,31096
13504,31097
13504,31098
13504,31099
13504,31100
13504,31101
13504,31102
13504,31103
13504,31104
13504,31105
13504,31106
13504,31107
13504,31108
13504,31109
13504,31110
13504,31111
13504,31112
13504,31113
13504,31114
13504,31115
13504,31116
13504,31117
13504,31118
13504,31119
13504,31120
13504,31121
13505,31082
13505,31083
13505,31084
13505,31085
13505,31086
13505,31087
13505,31088
13505,31089
13505,31090
13505,31091
13505,31092
13505,31093
13505,31094
13505,31095
13505,31096
13505,31097
13505,31098
13505,31099
13505,31100
13505,31101
13505,31102
13505,31103
13505,31104
13505,31105
13505,31106
13505,31107
13505,31108
13505,31109
13505,31110
13505,31111
13505,31112
13505,31113
13505,31114
13505,31115
13505,31116
13505,31117
13505,31118
13505,31119
13505,31120
13505,31121
13506,31082
13506,31083
13506,31084
13506,31085
13506,31086
13506,31087
13506,31088
13506,31089
13506,31090
13506,31091
13506,31092
13506,31093
13506,31094
13506,31095
13506,31096
13506,31097
13506,31098
13506,31099
13506,31100
13506,31101
13506,31102
13506,31103
13506,31104
13506,31105
13506,31106
13506,31107
13506,31108
13506,31109
13506,31110
13506,31111
13506,31112
13506,31113
13506,31114
13506,31115
13506,31116
13506,31117
13506,31118
13506,31119
13506,31120
13506,31121
13507,31082
13507,31083
13507,31084
13507,31085
13507,31086
13507,31087
13507,31088
13507,31089
13507,31090
13507,31091
13507,31092
13507,31093
13507,31094
13507,31095
13507,31096
13507,31097
13507,31098
13507,31099
13507,31100
13507,31101
13507,31102
13507,31103
13507,31104
13507,31105
13507,31106
13507,31107
13507,31108
13507,31109
13507,31110
13507,31111
13507,31112
13507,31113
13507,31114
13507,31115
13507,31116
13507,31117
13507,31118
13507,31119
13507,31120
13507,31121
13508,31080
13508,31081
13508,31082
13508,31083
13508,31084
13508,31085
13508,31086
13508,31087
13508,31088
13508,31089
13508,31090
13508,31091
13508,31092
13508,31093
13508,31094
13508,31095
13508,31096
13508,31097
13508,31098
13508,31099
13508,31100
13508,31101
13508,31102
13508,31103
13508,31104
13508,31105
13508,31106
13508,31107
13508,31108
13508,31109
13508,31110
13508,31111
13508,31112
13508,31113
13508,31114
13508,31115
13508,31116
13508,31117
13508,31118
13508,31119
13508,31120
13508,31121
13509,31079
13509,31080
13509,31081
13509,31082
13509,31083
13509,31084
13509,31085
13509,31086
13509,31087
13509,31088
13509,31089
13509,31090
13509,31091
13509,31092
13509,31093
13509,31094
13509,31095
13509,31096
13509,31097
13509,31098
13509,31099
13509,31100
13509,31101
13509,31102
13509,31103
13509,31104
13509,31105
13509,31106
13509,31107
13509,31108
13509,31109
13509,31110
13509,31111
13509,31112
13509,31113
13509,31114
13509,31115
13509,31116
13509,31117
13509,31118
13509,31119
13509,31120
13509,31121
13510,31078
13510,31079
13510,31080
13510,31081
13510,31082
13510,31083
13510,31084
13510,31085
13510,31086
13510,31087
13510,31088
13510,31089
13510,31090
13510,31091
13510,31092
13510,31093
13510,31094
13510,31095
13510,31096
13510,31097
13510,31098
13510,31099
13510,31100
13510,31101
13510,31102
13510,31103
13510,31104
13510,31105
13510,31106
13510,31107
13510,31108
13510,31109
13510,31110
13510,31111
13510,31113
13510,31114
13510,31115
13510,31116
13510,31117
13510,31118
13510,31119
13510,31120
13510,31121
13511,31077
13511,31078
13511,31079
13511,31080
13511,31081
13511,31082
13511,31083
13511,31084
13511,31085
13511,31086
13511,31087
13511,31088
13511,31089
13511,31090
13511,31091
13511,31092
13511,31093
13511,31094
13511,31095
13511,31096
13511,31097
13511,31098
13511,31099
13511,31100
13511,31101
13511,31102
13511,31103
13511,31104
13511,31105
13511,31106
13511,31107
13511,31108
13511,31114
13511,31115
13511,31116
13511,31117
13511,31118
13511,31119
13511,31120
13511,31121
13512,31077
13512,31078
13512,31079
13512,31080
13512,31081
13512,31082
13512,31083
13512,31084
13512,31085
13512,31086
13512,31087
13512,31088
13512,31089
13512,31090
13512,31091
13512,31092
13512,31093
13512,31094
13512,31095
13512,31096
13512,31097
13512,31098
13512,31099
13512,31100
13512,31101
13512,31102
13512,31103
13512,31104
13512,31105
13512,31106
13512,31116
13512,31117
13512,31118
13512,31119
13512,31120
13512,31121
13513,31077
13513,31078
13513,31079
13513,31080
13513,31081
13513,31082
13513,31083
13513,31084
13513,31085
13513,31086
13513,31087
13513,31088
13513,31089
13513,31090
13513,31091
13513,31092
13513,31093
13513,31094
13513,31095
13513,31096
13513,31097
13513,31098
13513,31099
13513,31100
13513,31101
13513,31102
13513,31103
13513,31104
13513,31105
13513,31106
13513,31119
13514,31076
13514,31077
13514,31078
13514,31079
13514,31080
13514,31081
13514,31082
13514,31083
13514,31084
13514,31085
13514,31086
13514,31087
13514,31088
13514,31089
13514,31090
13514,31091
13514,31092
13514,31093
13514,31094
13514,31095
13514,31096
13514,31097
13514,31098
13514,31099
13514,31100
13514,31101
13514,31102
13514,31103
13514,31104
13514,31105
13514,31106
13515,31076
13515,31077
13515,31078
13515,31079
13515,31080
13515,31081
13515,31082
13515,31083
13515,31084
13515,31085
13515,31086
13515,31087
13515,31088
13515,31089
13515,31090
13515,31091
13515,31092
13515,31093
13515,31094
13515,31095
13515,31096
13515,31097
13515,31098
13515,31099
13515,31100
13515,31101
13515,31102
13515,31103
13515,31104
13515,31105
13516,31076
13516,31077
13516,31078
13516,31079
13516,31080
13516,31081
13516,31082
13516,31083
13516,31084
13516,31085
13516,31086
13516,31087
13516,31088
13516,31089
13516,31090
13516,31091
13516,31092
13516,31093
13516,31094
13516,31095
13516,31096
13516,31097
13516,31098
13516,31099
13516,31100
13516,31101
13516,31102
13516,31103
13516,31104
13516,31105
13516,31106
13517,31075
13517,31076
13517,31077
13517,31078
13517,31079
13517,31080
13517,31081
13517,31082
13517,31083
13517,31084
13517,31085
13517,31086
13517,31087
13517,31088
13517,31089
13517,31090
13517,31091
13517,31092
13517,31093
13517,31094
13517,31095
13517,31096
13517,31097
13517,31098
13517,31099
13517,31100
13517,31101
13517,31102
13517,31103
13517,31104
13517,31105
13517,31106
13517,31107
13518,31074
13518,31075
13518,31076
13518,31077
13518,31078
13518,31079
13518,31080
13518,31081
13518,31082
13518,31083
13518,31084
13518,31085
13518,31086
13518,31087
13518,31088
13518,31089
13518,31090
13518,31091
13518,31092
13518,31093
13518,31094
13518,31095
13518,31096
13518,31097
13518,31098
13518,31099
13518,31100
13518,31101
13518,31102
13518,31103
13518,31104
13518,31105
13518,31106
13518,31107
13518,31108
13519,31074
13519,31075
13519,31076
13519,31077
13519,31078
13519,31079
13519,31080
13519,31081
13519,31082
13519,31083
13519,31084
13519,31085
13519,31086
13519,31087
13519,31088
13519,31089
13519,31090
13519,31091
13519,31092
13519,31093
13519,31094
13519,31095
13519,31096
13519,31097
13519,31098
13519,31099
13519,31100
13519,31101
13519,31102
13519,31103
13519,31104
13519,31105
13519,31106
13519,31107
13519,31108
13519,31109
13520,31074
13520,31075
13520,31076
13520,31077
13520,31078
13520,31079
13520,31080
13520,31081
13520,31082
13520,31083
13520,31084
13520,31085
13520,31086
13520,31087
13520,31088
13520,31089
13520,31090
13520,31091
13520,31092
13520,31093
13520,31094
13520,31095
13520,31096
13520,31097
13520,31098
13520,31099
13520,31100
13520,31101
13520,31102
13520,31103
13520,31104
13520,31105
13520,31106
13520,31107
13520,31108
13520,31109
13521,31073
13521,31074
13521,31075
13521,31076
13521,31077
13521,31078
13521,31079
13521,31080
13521,31081
13521,31082
13521,31083
13521,31084
13521,31085
13521,31086
13521,31087
13521,31088
13521,31089
13521,31090
13521,31091
13521,31092
13521,31093
13521,31094
13521,31095
13521,31096
13521,31097
13521,31098
13521,31099
13521,31100
13521,31101
13521,31102
13521,31103
13521,31104
13521,31105
13521,31106
13521,31107
13521,31108
13521,31109
13522,31072
13522,31073
13522,31074
13522,31075
13522,31076
13522,31077
13522,31078
13522,31079
13522,31080
13522,31081
13522,31082
13522,31083
13522,31084
13522,31085
13522,31086
13522,31087
13522,31088
13522,31089
13522,31090
13522,31091
13522,31092
13522,31093
13522,31094
13522,31095
13522,31096
13522,31097
13522,31098
13522,31099
13522,31100
13522,31101
13522,31102
13522,31103
13522,31104
13522,31105
13522,31106
13522,31107
13522,31108
13522,31109
13522,31110
13523,31069
13523,31070
13523,31071
13523,31072
13523,31073
13523,31074
13523,31075
13523,31076
13523,31077
13523,31078
13523,31079
13523,31080
13523,31081
13523,31082
13523,31083
13523,31084
13523,31085
13523,31086
13523,31087
13523,31088
13523,31089
13523,31090
13523,31091
13523,31092
13523,31093
13523,31094
13523,31095
13523,31096
13523,31097
13523,31098
13523,31099
13523,31100
13523,31101
13523,31102
13523,31103
13523,31104
13523,31105
13523,31106
13523,31107
13523,31108
13523,31109
13524,31068
13524,31069
13524,31070
13524,31071
13524,31072
13524,31073
13524,31074
13524,31075
13524,31076
13524,31077
13524,31078
13524,31079
13524,31080
13524,31081
13524,31082
13524,31083
13524,31084
13524,31085
13524,31086
13524,31087
13524,31088
13524,31089
13524,31090
13524,31091
13524,31092
13524,31093
13524,31094
13524,31095
13524,31096
13524,31097
13524,31098
13524,31099
13524,31100
13524,31101
13524,31102
13524,31103
13524,31104
13524,31105
13524,31106
13524,31107
13524,31108
13524,31109
13524,31110
13525,31067
13525,31068
13525,31069
13525,31070
13525,31071
13525,31072
13525,31073
13525,31074
13525,31075
13525,31076
13525,31077
13525,31078
13525,31079
13525,31080
13525,31081
13525,31082
13525,31083
13525,31084
13525,31085
13525,31086
13525,31087
13525,31088
13525,31089
13525,31090
13525,31091
13525,31092
13525,31093
13525,31094
13525,31095
13525,31096
13525,31097
13525,31098
13525,31099
13525,31100
13525,31101
13525,31102
13525,31103
13525,31104
13525,31105
13525,31106
13525,31107
13525,31108
13525,31109
13525,31110
13526,31066
13526,31067
13526,31068
13526,31069
13526,31070
13526,31071
13526,31072
13526,31073
13526,31074
13526,31075
13526,31076
13526,31077
13526,31078
13526,31079
13526,31080
13526,31081
13526,31082
13526,31083
13526,31084
13526,31085
13526,31086
13526,31087
13526,31088
13526,31089
13526,31090
13526,31091
13526,31092
13526,31093
13526,31094
13526,31095
13526,31096
13526,31097
13526,31098
13526,31099
13526,31100
13526,31101
13526,31102
13526,31103
13526,31104
13526,31105
13526,31106
13526,31107
13526,31108
13526,31109
13527,31065
13527,31066
13527,31067
13527,31068
13527,31069
13527,31070
13527,31071
13527,31072
13527,31073
13527,31074
13527,31075
13527,31076
13527,31077
13527,31078
13527,31079
13527,31080
13527,31081
13527,31082
13527,31083
13527,31084
13527,31085
13527,31086
13527,31087
13527,31088
13527,31089
13527,31090
13527,31091
13527,31092
13527,31093
13527,31094
13527,31095
13527,31096
13527,31097
13527,31098
13527,31099
13527,31100
13527,31101
13527,31102
13527,31103
13527,31104
13527,31105
13527,31106
13527,31107
13527,31108
13527,31109
13527,31110
13528,31065
13528,31066
13528,31067
13528,31068
13528,31069
13528,31070
13528,31071
13528,31072
13528,31073
13528,31074
13528,31075
13528,31076
13528,31077
13528,31078
13528,31079
13528,31080
13528,31081
13528,31082
13528,31083
13528,31084
13528,31085
13528,31086
13528,31087
13528,31088
13528,31089
13528,31090
13528,31091
13528,31092
13528,31093
13528,31094
13528,31095
13528,31096
13528,31097
13528,31098
13528,31099
13528,31100
13528,31101
13528,31102
13528,31103
13528,31104
13528,31105
13528,31106
13528,31107
13528,31108
13528,31109
13528,31110
13529,31064
13529,31065
13529,31066
13529,31067
13529,31068
13529,31069
13529,31070
13529,31071
13529,31072
13529,31073
13529,31074
13529,31075
13529,31076
13529,31077
13529,31078
13529,31079
13529,31080
13529,31081
13529,31082
13529,31083
13529,31084
13529,31085
13529,31086
13529,31087
13529,31088
13529,31089
13529,31090
13529,31091
13529,31092
13529,31093
13529,31094
13529,31095
13529,31096
13529,31097
13529,31098
13529,31099
13529,31100
13529,31101
13529,31102
13529,31103
13529,31104
13529,31105
13529,31106
13529,31107
13529,31108
13529,31109
13529,31110
13530,31064
13530,31065
13530,31066
13530,31067
13530,31068
13530,31069
13530,31070
13530,31071
13530,31072
13530,31073
13530,31074
13530,31075
13530,31076
13530,31077
13530,31078
13530,31079
13530,31080
13530,31081
13530,31082
13530,31083
13530,31084
13530,31085
13530,31086
13530,31087
13530,31088
13530,31089
13530,31090
13530,31091
13530,31092
13530,31093
13530,31094
13530,31095
13530,31096
13530,31097
13530,31098
13530,31099
13530,31100
13530,31101
13530,31102
13530,31103
13530,31104
13530,31105
13530,31106
13530,31107
13530,31108
13530,31109
13531,31064
13531,31065
13531,31066
13531,31067
13531,31068
13531,31069
13531,31070
13531,31071
13531,31072
13531,31073
13531,31074
13531,31075
13531,31076
13531,31077
13531,31078
13531,31079
13531,31080
13531,31081
13531,31082
13531,31083
13531,31084
13531,31085
13531,31086
13531,31087
13531,31088
13531,31089
13531,31090
13531,31091
13531,31092
13531,31093
13531,31094
13531,31095
13531,31096
13531,31097
13531,31098
13531,31099
13531,31100
13531,31101
13531,31102
13531,31103
13531,31104
13531,31105
13531,31106
13531,31107
13531,31108
13531,31109
13532,31063
13532,31064
13532,31065
13532,31066
13532,31067
13532,31068
13532,31069
13532,31070
13532,31071
13532,31072
13532,31073
13532,31074
13532,31075
13532,31076
13532,31077
13532,31078
13532,31079
13532,31080
13532,31081
13532,31082
13532,31083
13532,31084
13532,31085
13532,31086
13532,31087
13532,31088
13532,31089
13532,31090
13532,31091
13532,31092
13532,31093
13532,31094
13532,31095
13532,31096
13532,31097
13532,31098
13532,31099
13532,31100
13532,31101
13532,31102
13532,31103
13532,31104
13532,31105
13532,31106
13532,31107
13532,31108
13532,31109
13533,31063
13533,31064
13533,31065
13533,31066
13533,31067
13533,31068
13533,31069
13533,31070
13533,31071
13533,31072
13533,31073
13533,31074
13533,31075
13533,31076
13533,31077
13533,31078
13533,31079
13533,31080
13533,31081
13533,31082
13533,31083
13533,31084
13533,31085
13533,31086
13533,31087
13533,31088
13533,31089
13533,31090
13533,31091
13533,31092
13533,31093
13533,31094
13533,31095
13533,31096
13533,31097
13533,31098
13533,31099
13533,31100
13533,31101
13533,31102
13533,31103
13533,31104
13533,31105
13533,31106
13533,31107
13533,31108
13534,31063
13534,31064
13534,31065
13534,31066
13534,31067
13534,31068
13534,31069
13534,31070
13534,31071
13534,31072
13534,31073
13534,31074
13534,31075
13534,31076
13534,31077
13534,31078
13534,31079
13534,31080
13534,31081
13534,31082
13534,31083
13534,31084
13534,31085
13534,31086
13534,31087
13534,31088
13534,31089
13534,31090
13534,31091
13534,31092
13534,31093
13534,31094
13534,31095
13534,31096
13534,31100
13534,31101
13534,31102
13534,31103
13534,31104
13534,31105
13534,31106
13534,31107
13535,31063
13535,31064
13535,31065
13535,31066
13535,31067
13535,31068
13535,31069
13535,31070
13535,31071
13535,31072
13535,31073
13535,31074
13535,31075
13535,31076
13535,31077
13535,31078
13535,31079
13535,31080
13535,31081
13535,31082
13535,31083
13535,31084
13535,31085
13535,31086
13535,31087
13535,31088
13535,31089
13535,31090
13535,31091
13535,31092
13535,31093
13535,31094
13535,31095
13535,31096
13535,31097
13535,31103
13535,31104
13536,31062
13536,31063
13536,31064
13536,31065
13536,31066
13536,31067
13536,31068
13536,31069
13536,31070
13536,31071
13536,31072
13536,31073
13536,31074
13536,31075
13536,31076
13536,31077
13536,31078
13536,31079
13536,31080
13536,31081
13536,31082
13536,31083
13536,31084
13536,31085
13536,31086
13536,31087
13536,31088
13536,31089
13536,31090
13536,31091
13536,31092
13536,31093
13536,31094
13536,31095
13536,31096
13536,31097
13537,31062
13537,31063
13537,31064
13537,31065
13537,31066
13537,31067
13537,31068
13537,31069
13537,31070
13537,31071
13537,31072
13537,31073
13537,31074
13537,31075
13537,31076
13537,31077
13537,31078
13537,31079
13537,31080
13537,31081
13537,31082
13537,31083
13537,31084
13537,31085
13537,31086
13537,31087
13537,31088
13537,31089
13537,31090
13537,31091
13537,31092
13537,31093
13537,31094
13537,31095
13537,31096
13537,31097
13538,31062
13538,31063
13538,31064
13538,31065
13538,31066
13538,31067
13538,31068
13538,31069
13538,31070
13538,31071
13538,31072
13538,31073
13538,31074
13538,31075
13538,31076
13538,31077
13538,31078
13538,31079
13538,31080
13538,31081
13538,31082
13538,31083
13538,31084
13538,31085
13538,31086
13538,31087
13538,31088
13538,31089
13538,31090
13538,31091
13538,31092
13538,31093
13538,31094
13538,31095
13538,31096
13538,31097
13539,31061
13539,31062
13539,31063
13539,31064
13539,31065
13539,31066
13539,31067
13539,31068
13539,31069
13539,31070
13539,31071
13539,31072
13539,31073
13539,31074
13539,31075
13539,31076
13539,31077
13539,31078
13539,31079
13539,31080
13539,31081
13539,31082
13539,31083
13539,31084
13539,31085
13539,31086
13539,31087
13539,31088
13539,31089
13539,31090
13539,31091
13539,31092
13539,31093
13539,31094
13539,31095
13539,31096
13540,31061
13540,31062
13540,31063
13540,31064
13540,31065
13540,31066
13540,31067
13540,31068
13540,31069
13540,31070
13540,31071
13540,31072
13540,31073
13540,31074
13540,31075
13540,31076
13540,31077
13540,31078
13540,31079
13540,31080
13540,31081
13540,31082
13540,31083
13540,31084
13540,31085
13540,31086
13540,31087
13540,31088
13540,31089
13540,31090
13540,31091
13540,31092
13540,31093
13540,31094
13540,31095
13540,31096
13540,31097
13541,31061
13541,31062
13541,31063
13541,31064
13541,31065
13541,31066
13541,31067
13541,31068
13541,31069
13541,31070
13541,31071
13541,31072
13541,31073
13541,31074
13541,31075
13541,31076
13541,31077
13541,31078
13541,31079
13541,31080
13541,31081
13541,31082
13541,31083
13541,31084
13541,31085
13541,31086
13541,31087
13541,31088
13541,31089
13541,31090
13541,31091
13541,31092
13541,31093
13541,31094
13541,31095
13541,31096
13542,31062
13542,31063
13542,31064
13542,31065
13542,31066
13542,31067
13542,31068
13542,31069
13542,31070
13542,31071
13542,31072
13542,31073
13542,31074
13542,31075
13542,31076
13542,31077
13542,31078
13542,31079
13542,31080
13542,31081
13542,31082
13542,31083
13542,31084
13542,31085
13542,31086
13542,31087
13542,31088
13542,31089
13542,31090
13542,31091
13542,31092
13542,31093
13542,31094
13542,31095
13542,31096
13543,31061
13543,31062
13543,31063
13543,31064
13543,31065
13543,31066
13543,31067
13543,31068
13543,31069
13543,31070
13543,31071
13543,31072
13543,31073
13543,31074
13543,31075
13543,31076
13543,31077
13543,31078
13543,31079
13543,31080
13543,31081
13543,31082
13543,31083
13543,31084
13543,31085
13543,31086
13543,31087
13543,31088
13543,31089
13543,31090
13543,31091
13543,31092
13543,31093
13543,31094
13543,31095
13543,31096
13544,31062
13544,31063
13544,31064
13544,31065
13544,31066
13544,31067
13544,31068
13544,31069
13544,31070
13544,31071
13544,31072
13544,31073
13544,31074
13544,31075
13544,31076
13544,31077
13544,31078
13544,31079
13544,31080
13544,31081
13544,31082
13544,31083
13544,31084
13544,31085
13544,31086
13544,31087
13544,31088
13544,31089
13544,31090
13544,31091
13544,31092
13544,31093
13544,31094
13544,31095
13545,31062
13545,31063
13545,31064
13545,31065
13545,31066
13545,31067
13545,31068
13545,31069
13545,31070
13545,31071
13545,31072
13545,31073
13545,31074
13545,31075
13545,31076
13545,31077
13545,31078
13545,31079
13545,31080
13545,31081
13545,31082
13545,31083
13545,31084
13545,31085
13545,31086
13545,31087
13545,31088
13545,31089
13545,31090
13545,31091
13545,31092
13545,31093
13545,31094
13545,31095
13546,31062
13546,31063
13546,31064
13546,31065
13546,31066
13546,31067
13546,31068
13546,31069
13546,31070
13546,31071
13546,31072
13546,31073
13546,31074
13546,31075
13546,31076
13546,31077
13546,31078
13546,31079
13546,31080
13546,31081
13546,31082
13546,31083
13546,31084
13546,31085
13546,31086
13546,31087
13546,31088
13546,31089
13546,31090
13546,31091
13546,31092
13546,31093
13546,31094
13547,31062
13547,31063
13547,31064
13547,31065
13547,31066
13547,31067
13547,31068
13547,31069
13547,31070
13547,31071
13547,31072
13547,31073
13547,31074
13547,31075
13547,31076
13547,31077
13547,31078
13547,31079
13547,31080
13547,31081
13547,31082
13547,31083
13547,31084
13547,31085
13547,31086
13547,31087
13547,31088
13547,31089
13547,31090
13547,31091
13547,31092
13547,31093
13547,31094
13548,31063
13548,31064
13548,31065
13548,31066
13548,31067
13548,31068
13548,31069
13548,31070
13548,31071
13548,31072
13548,31073
13548,31074
13548,31075
13548,31076
13548,31077
13548,31078
13548,31079
13548,31080
13548,31081
13548,31082
13548,31083
13548,31084
13548,31085
13548,31086
13548,31087
13548,31088
13548,31089
13548,31090
13548,31091
13548,31092
13548,31093
13548,31094
13549,31063
13549,31064
13549,31065
13549,31066
13549,31067
13549,31068
13549,31069
13549,31070
13549,31071
13549,31072
13549,31073
13549,31074
13549,31075
13549,31076
13549,31077
13549,31078
13549,31079
13549,31080
13549,31081
13549,31082
13549,31083
13549,31084
13549,31085
13549,31086
13549,31087
13549,31088
13549,31089
13549,31090
13549,31091
13549,31092
13549,31093
13550,31064
13550,31065
13550,31066
13550,31067
13550,31068
13550,31069
13550,31070
13550,31071
13550,31072
13550,31073
13550,31074
13550,31075
13550,31076
13550,31077
13550,31078
13550,31079
13550,31080
13550,31081
13550,31082
13550,31083
13550,31084
13550,31085
13550,31086
13550,31087
13550,31088
13550,31089
13550,31090
13550,31091
13550,31092
13551,31065
13551,31066
13551,31067
13551,31068
13551,31069
13551,31070
13551,31071
13551,31072
13551,31073
13551,31074
13551,31075
13551,31076
13551,31077
13551,31078
13551,31079
13551,31080
13551,31081
13551,31082
13551,31083
13551,31084
13551,31085
13551,31086
13551,31087
13551,31088
13551,31089
13551,31090
13551,31091
13552,31066
13552,31067
13552,31068
13552,31069
13552,31070
13552,31071
13552,31072
13552,31073
13552,31074
13552,31075
13552,31076
13552,31077
13552,31078
13552,31079
13552,31080
13552,31081
13552,31082
13552,31083
13552,31084
13552,31085
13552,31086
13552,31087
13552,31088
13552,31089
13553,31066
13553,31067
13553,31068
13553,31069
13553,31070
13553,31071
13553,31072
13553,31073
13553,31074
13553,31075
13553,31076
13553,31077
13553,31078
13553,31079
13553,31080
13553,31081
13553,31082
13553,31083
13553,31084
13553,31085
13553,31086
13553,31087
13554,31067
13554,31068
13554,31069
13554,31070
13554,31071
13554,31072
13554,31073
13554,31074
13554,31075
13554,31076
13554,31077
13554,31078
13554,31079
13554,31080
13554,31081
13554,31082
13554,31083
13554,31084
13554,31085
13554,31086
13555,31068
13555,31069
13555,31070
13555,31071
13555,31072
13555,31073
13555,31074
13555,31075
13555,31076
13555,31077
13555,31078
13555,31079
13555,31080
13555,31081
13555,31082
13555,31083
13555,31084
13555,31085
13556,31070
13556,31071
13556,31072
13556,31073
13556,31074
13556,31075
13556,31076
13556,31077
13556,31078
13556,31079
13556,31080
13556,31081
13556,31082
13556,31083
13557,31072
13557,31073
13557,31074
13557,31075
13557,31076
13557,31077
13557,31078
13557,31079
13557,31080
13558,31075
